SNP	KB	R2	Alleles	F	P	inCredible	probNorm	cumSum
rs10935186	0	1	C	1	2.39e-13	1	0.0709581424723883	0.0709581424723883
rs1519260	-766	0.123	CC/TT	1	0.0161	NA	NA	NA
rs1850757	-760	0.106	CA/TG	1	0.539	NA	NA	NA
rs10512975	-742	0.122	CC/TT	1	0.968	NA	NA	NA
rs6439600	-740	0.131	CT/TC	1	0.805	NA	NA	NA
rs6772454	-738	0.129	CC/TT	1	0.79	NA	NA	NA
rs13074773	-737	0.104	CG/TT	1	0.529	NA	NA	NA
rs1356664	-727	0.149	CG/TT	1	0.00269	NA	NA	NA
rs1014312	-725	0.194	CG/TC	1	0.00019	NA	NA	NA
rs1401545	-724	0.163	CT/TC	1	0.00131	NA	NA	NA
rs6803679	-723	0.214	CT/TC	1	9.66e-05	NA	NA	NA
rs9819988	-722	0.169	CT/TC	1	0.00173	NA	NA	NA
rs9837855	-721	0.163	CA/TT	1	0.00166	NA	NA	NA
rs9852406	-721	0.145	CC/TT	1	0.0272	NA	NA	NA
rs6773469	-720	0.169	CA/TT	1	0.00175	NA	NA	NA
rs9876837	-720	0.169	CT/TC	1	0.00175	NA	NA	NA
rs6802139	-719	0.169	CC/TT	1	0.00175	NA	NA	NA
rs55678980	-716	0.163	CC/TT	1	0.00143	NA	NA	NA
rs13322891	-713	0.163	CA/TT	1	0.00135	NA	NA	NA
rs9824558	-712	0.169	CG/TA	1	0.00149	NA	NA	NA
rs7609938	-711	0.169	CG/TA	1	0.00146	NA	NA	NA
rs9877722	-711	0.163	CG/TC	1	0.00137	NA	NA	NA
rs9813082	-709	0.169	CG/TA	1	0.00137	NA	NA	NA
rs56308637	-707	0.146	CC/TT	1	0.0257	NA	NA	NA
rs6779603	-706	0.169	CG/TA	1	0.00192	NA	NA	NA
rs9829329	-706	0.169	CG/TC	1	0.00197	NA	NA	NA
rs9829476	-705	0.169	CG/TA	1	0.00199	NA	NA	NA
rs9870581	-705	0.163	CA/TG	1	0.00145	NA	NA	NA
rs9833799	-705	0.169	CG/TA	1	0.00199	NA	NA	NA
rs9833699	-705	0.163	CC/TT	1	0.00143	NA	NA	NA
rs9834624	-705	0.163	CG/TA	1	0.00155	NA	NA	NA
rs9854494	-704	0.163	CT/TC	1	0.00155	NA	NA	NA
rs9875948	-704	0.163	CA/TG	1	0.00153	NA	NA	NA
rs9839259	-704	0.169	CG/TC	1	0.00212	NA	NA	NA
rs16843509	-704	0.169	CT/TC	1	0.00155	NA	NA	NA
rs13434196	-703	0.169	CT/TC	1	0.00224	NA	NA	NA
rs9844478	-703	0.169	CC/TT	1	0.00254	NA	NA	NA
rs9864656	-703	0.169	CT/TC	1	0.00216	NA	NA	NA
rs9864775	-703	0.163	CT/TC	1	0.00158	NA	NA	NA
rs9849088	-702	0.169	CC/TT	1	0.00185	NA	NA	NA
rs56807950	-702	0.169	CC/TT	1	0.00168	NA	NA	NA
rs59063369	-702	0.169	CA/TG	1	0.00173	NA	NA	NA
rs4718	-701	0.163	CC/TG	1	0.00129	NA	NA	NA
rs870812	-699	0.164	CG/TA	1	0.00128	NA	NA	NA
rs908825	-699	0.163	CG/TA	1	0.00125	NA	NA	NA
rs1568349	-698	0.17	CT/TC	1	0.00143	NA	NA	NA
rs1568350	-698	0.163	CT/TC	1	0.00126	NA	NA	NA
rs10512981	-697	0.17	CA/TG	1	0.00148	NA	NA	NA
rs7640153	-696	0.167	CC/TA	1	0.00184	NA	NA	NA
rs7638129	-696	0.17	CT/TC	1	0.00146	NA	NA	NA
rs7626676	-695	0.126	CG/TA	1	0.00642	NA	NA	NA
rs2204259	-693	0.167	CT/TC	1	0.00201	NA	NA	NA
rs66544356	-692	0.167	CA/TG	1	0.00155	NA	NA	NA
rs28855968	-691	0.157	CG/TC	1	0.00137	NA	NA	NA
rs28875187	-691	0.145	CC/TT	1	0.0293	NA	NA	NA
rs9814505	-691	0.161	CA/TC	1	0.00137	NA	NA	NA
rs9818786	-690	0.161	CA/TC	1	0.00138	NA	NA	NA
rs9819060	-690	0.166	CA/TG	1	0.00212	NA	NA	NA
rs9877191	-690	0.164	CT/TC	1	0.00158	NA	NA	NA
rs9857579	-690	0.166	CC/TT	1	0.00221	NA	NA	NA
rs9819707	-690	0.166	CA/TC	1	0.00234	NA	NA	NA
rs9820057	-689	0.166	CA/TG	1	0.00205	NA	NA	NA
rs9858063	-689	0.159	CC/TG	1	0.00138	NA	NA	NA
rs7623721	-689	0.166	CA/TG	1	0.00187	NA	NA	NA
rs7648146	-689	0.166	CC/TT	1	0.00194	NA	NA	NA
rs34485548	-688	0.167	CC/TG	1	0.00139	NA	NA	NA
rs66626713	-687	0.132	CG/TA	1	0.0026	NA	NA	NA
rs12330820	-687	0.167	CG/TA	1	0.00183	NA	NA	NA
rs35896773	-687	0.166	CA/TG	1	0.00187	NA	NA	NA
rs7625040	-684	0.167	CA/TC	1	0.00186	NA	NA	NA
rs28570106	-683	0.161	CA/TT	1	0.00125	NA	NA	NA
rs9819440	-683	0.161	CC/TT	1	0.00118	NA	NA	NA
rs9820189	-682	0.161	CG/TA	1	0.00122	NA	NA	NA
rs28453905	-681	0.167	CT/TC	1	0.00133	NA	NA	NA
rs12330384	-678	0.161	CT/TC	1	0.00115	NA	NA	NA
rs2400648	-678	0.167	CG/TA	1	0.00167	NA	NA	NA
rs1403769	-678	0.172	CA/TG	1	0.0022	NA	NA	NA
rs1403767	-677	0.144	CG/TA	1	0.0308	NA	NA	NA
rs1403766	-677	0.167	CC/TT	1	0.00246	NA	NA	NA
rs9289501	-677	0.237	CT/TC	1	2.5e-05	NA	NA	NA
rs9289502	-677	0.188	CG/TA	1	0.000785	NA	NA	NA
rs13317459	-676	0.182	CC/TT	1	0.000498	NA	NA	NA
rs13081105	-676	0.177	CA/TG	1	0.000407	NA	NA	NA
rs10212530	-675	0.18	CA/TG	1	0.000641	NA	NA	NA
rs10212532	-675	0.218	CA/TG	1	1.65e-05	NA	NA	NA
rs10212558	-674	0.177	CA/TC	1	0.000578	NA	NA	NA
rs35188750	-674	0.187	CG/TC	1	0.000458	NA	NA	NA
rs28430744	-673	0.182	CG/TA	1	0.000489	NA	NA	NA
rs1113211	-673	0.179	CT/TA	1	0.000557	NA	NA	NA
rs9846137	-671	0.179	CT/TC	1	0.000541	NA	NA	NA
rs9826806	-671	0.177	CG/TC	1	0.000576	NA	NA	NA
rs9864514	-671	0.177	CA/TG	1	0.000567	NA	NA	NA
rs9851361	-670	0.177	CT/TC	1	0.000573	NA	NA	NA
rs13084404	-670	0.247	CA/TG	1	4e-06	NA	NA	NA
rs13097172	-668	0.231	CC/TT	1	2.57e-05	NA	NA	NA
rs1403770	-668	0.182	CA/TG	1	0.00042	NA	NA	NA
rs9868246	-667	0.183	CT/TC	1	0.000587	NA	NA	NA
rs13072596	-665	0.183	CA/TG	1	0.000607	NA	NA	NA
rs9883808	-664	0.183	CT/TC	1	0.000607	NA	NA	NA
rs71336046	-663	0.183	CT/TG	1	0.00063	NA	NA	NA
rs184442184	-662	0.182	CG/TT	1	0.000616	NA	NA	NA
rs112781244	-661	0.183	CT/TC	1	0.000662	NA	NA	NA
rs1523598	-660	0.234	CC/TT	1	2.89e-05	NA	NA	NA
rs9862743	-659	0.183	CG/TA	1	0.000638	NA	NA	NA
rs9862763	-659	0.183	CG/TA	1	0.00061	NA	NA	NA
rs9868239	-658	0.236	CG/TA	1	2.77e-05	NA	NA	NA
rs13100235	-655	0.247	CA/TG	1	4.44e-06	NA	NA	NA
rs9834104	-654	0.177	CT/TC	1	0.000773	NA	NA	NA
rs28449384	-653	0.177	CA/TT	1	0.00067	NA	NA	NA
rs6807242	-652	0.182	CG/TA	1	0.000805	NA	NA	NA
rs9862264	-652	0.179	CA/TG	1	0.000615	NA	NA	NA
rs6810223	-652	0.182	CG/TT	1	0.000767	NA	NA	NA
rs9825239	-651	0.177	CC/TT	1	0.000557	NA	NA	NA
rs7621396	-651	0.177	CT/TC	1	0.000557	NA	NA	NA
rs17196987	-649	0.179	CG/TA	1	0.000625	NA	NA	NA
rs7641070	-648	0.179	CA/TG	1	0.000665	NA	NA	NA
rs7625177	-646	0.235	CC/TT	1	2.52e-05	NA	NA	NA
rs6439605	-644	0.234	CC/TT	1	2.55e-05	NA	NA	NA
rs9843725	-643	0.177	CG/TA	1	0.000508	NA	NA	NA
rs6770366	-643	0.237	CT/TA	1	2.41e-05	NA	NA	NA
rs9848322	-639	0.177	CA/TG	1	0.000545	NA	NA	NA
rs35257855	-638	0.179	CT/TC	1	0.000675	NA	NA	NA
rs9853577	-638	0.177	CA/TG	1	0.000541	NA	NA	NA
rs9836374	-638	0.179	CT/TC	1	0.00061	NA	NA	NA
rs34311570	-637	0.177	CG/TA	1	0.000617	NA	NA	NA
rs17250445	-637	0.179	CC/TT	1	0.000606	NA	NA	NA
rs13078865	-636	0.236	CG/TT	1	2.42e-05	NA	NA	NA
rs9864247	-636	0.179	CA/TG	1	0.000607	NA	NA	NA
rs9827662	-635	0.156	CC/TA	1	0.0107	NA	NA	NA
rs13097946	-633	0.179	CC/TA	1	0.000671	NA	NA	NA
rs13098245	-633	0.179	CG/TA	1	0.000668	NA	NA	NA
rs6786769	-632	0.179	CT/TC	1	0.000889	NA	NA	NA
rs6774289	-632	0.179	CG/TT	1	0.000651	NA	NA	NA
rs6439610	-631	0.256	CG/TA	1	2.41e-06	NA	NA	NA
rs13325914	-629	0.177	CA/TG	1	0.000647	NA	NA	NA
rs9846554	-627	0.239	CC/TT	1	2.11e-05	NA	NA	NA
rs9808979	-627	0.178	CA/TG	1	0.000786	NA	NA	NA
rs9814557	-626	0.176	CA/TG	1	0.000537	NA	NA	NA
rs9872542	-626	0.178	CT/TC	1	0.000586	NA	NA	NA
rs17197552	-624	0.178	CA/TG	1	0.000616	NA	NA	NA
rs10935175	-622	0.176	CC/TT	1	0.00055	NA	NA	NA
rs34522617	-621	0.178	CT/TG	1	0.000364	NA	NA	NA
rs6775778	-620	0.155	CA/TG	1	0.0124	NA	NA	NA
rs34409306	-617	0.172	CG/TA	1	0.000342	NA	NA	NA
rs6809006	-615	0.172	CT/TC	1	0.000316	NA	NA	NA
rs6771997	-615	0.172	CA/TG	1	0.000313	NA	NA	NA
rs6439614	-613	0.239	CG/TA	1	2.33e-05	NA	NA	NA
rs7433567	-613	0.176	CG/TA	1	0.000573	NA	NA	NA
rs6439615	-612	0.239	CA/TG	1	2.46e-05	NA	NA	NA
rs7427833	-612	0.176	CT/TC	1	0.000563	NA	NA	NA
rs4331626	-612	0.256	CA/TC	1	2.82e-06	NA	NA	NA
rs9842840	-610	0.178	CA/TC	1	0.000647	NA	NA	NA
rs9289503	-607	0.177	CC/TT	1	0.000329	NA	NA	NA
rs1523597	-606	0.173	CC/TT	1	0.000326	NA	NA	NA
rs1523596	-606	0.173	CC/TT	1	0.000319	NA	NA	NA
rs1523595	-606	0.173	CC/TA	1	0.000321	NA	NA	NA
rs4073308	-606	0.173	CG/TA	1	0.000321	NA	NA	NA
rs9852169	-605	0.256	CT/TC	1	3.26e-06	NA	NA	NA
rs6439618	-603	0.259	CA/TG	1	3.4e-06	NA	NA	NA
rs9856799	-595	0.256	CG/TA	1	4.09e-06	NA	NA	NA
rs9877082	-595	0.178	CT/TC	1	0.000655	NA	NA	NA
rs9862777	-594	0.176	CG/TT	1	0.000558	NA	NA	NA
rs6796869	-591	0.259	CG/TA	1	4.44e-06	NA	NA	NA
rs6807058	-587	0.176	CC/TT	1	0.000542	NA	NA	NA
rs6807565	-587	0.176	CG/TA	1	0.000584	NA	NA	NA
rs6771224	-585	0.178	CA/TG	1	0.000619	NA	NA	NA
rs7643661	-584	0.178	CG/TT	1	0.000619	NA	NA	NA
rs7621331	-584	0.178	CA/TG	1	0.000686	NA	NA	NA
rs7621425	-584	0.178	CA/TG	1	0.000619	NA	NA	NA
rs9812561	-584	0.178	CC/TT	1	0.000619	NA	NA	NA
rs9875328	-581	0.178	CG/TA	1	0.000621	NA	NA	NA
rs9837355	-581	0.176	CA/TG	1	0.00071	NA	NA	NA
rs9880721	-580	0.178	CG/TA	1	0.000647	NA	NA	NA
rs9842864	-580	0.176	CA/TG	1	0.000541	NA	NA	NA
rs141832029	-579	0.177	CG/TA	1	0.000562	NA	NA	NA
rs67039922	-578	0.177	CT/TA	1	0.000609	NA	NA	NA
rs13072782	-577	0.259	CG/TA	1	4.47e-06	NA	NA	NA
rs6775261	-577	0.253	CC/TT	1	4.17e-06	NA	NA	NA
rs13072690	-577	0.256	CA/TG	1	3.36e-06	NA	NA	NA
rs2140450	-576	0.25	CT/TC	1	3.62e-06	NA	NA	NA
rs13059064	-576	0.262	CT/TC	1	4.11e-06	NA	NA	NA
rs9852009	-575	0.262	CT/TC	1	3.77e-06	NA	NA	NA
rs73222222	-574	0.177	CA/TG	1	0.000605	NA	NA	NA
rs7625607	-574	0.253	CT/TG	1	3.36e-06	NA	NA	NA
rs9836758	-574	0.179	CC/TT	1	0.000594	NA	NA	NA
rs13097176	-573	0.256	CG/TA	1	4.25e-06	NA	NA	NA
rs34767379	-573	0.177	CC/TT	1	0.000604	NA	NA	NA
rs28576629	-573	0.156	CG/TT	1	0.0122	NA	NA	NA
rs3946444	-572	0.262	CT/TC	1	4.26e-06	NA	NA	NA
rs36039354	-572	0.177	CG/TA	1	0.000607	NA	NA	NA
rs7635621	-571	0.259	CT/TG	1	4.61e-06	NA	NA	NA
rs9682712	-571	0.253	CA/TG	1	4.3e-06	NA	NA	NA
rs2400649	-570	0.253	CA/TC	1	4.17e-06	NA	NA	NA
rs7610302	-569	0.253	CA/TG	1	4.52e-06	NA	NA	NA
rs35946332	-565	0.262	CC/TT	1	4.47e-06	NA	NA	NA
rs7628848	-564	0.159	CG/TA	1	0.0154	NA	NA	NA
rs13082684	-563	0.159	CG/TA	1	0.0153	NA	NA	NA
rs940229	-562	0.264	CG/TA	1	4.49e-06	NA	NA	NA
rs10049233	-561	0.159	CG/TA	1	0.0157	NA	NA	NA
rs10048942	-561	0.159	CA/TG	1	0.0169	NA	NA	NA
rs6799517	-554	0.185	CC/TA	1	0.0262	NA	NA	NA
rs28509770	-553	0.185	CC/TG	1	0.0247	NA	NA	NA
rs1403763	-550	0.184	CC/TG	1	0.0229	NA	NA	NA
rs34894639	-548	0.225	CC/TT	1	2.08e-05	NA	NA	NA
rs6774621	-547	0.307	CG/TC	1	0.00246	NA	NA	NA
rs6787409	-547	0.3	CT/TC	1	0.00294	NA	NA	NA
rs34330586	-546	0.221	CA/TT	1	1.58e-05	NA	NA	NA
rs13079205	-546	0.213	CA/TG	1	0.0462	NA	NA	NA
rs6774226	-544	0.315	CA/TG	1	0.00381	NA	NA	NA
rs6799056	-544	0.214	CC/TT	1	0.042	NA	NA	NA
rs6799320	-544	0.213	CG/TA	1	0.0476	NA	NA	NA
rs61791721	-542	0.223	CT/TA	1	1.99e-05	NA	NA	NA
rs9834966	-538	0.213	CT/TG	1	0.0473	NA	NA	NA
rs9653930	-536	0.213	CC/TT	1	0.0491	NA	NA	NA
rs6775793	-535	0.145	CT/TC	1	0.0361	NA	NA	NA
rs67589653	-535	0.209	CT/TC	1	0.0517	NA	NA	NA
rs4678322	-534	0.222	CG/TT	1	1.92e-05	NA	NA	NA
rs1278493	-532	0.838	CG/TA	1	1.26e-11	1	0.00145141381473151	0.979645271165453
rs10512990	-532	0.209	CG/TT	1	0.055	NA	NA	NA
rs9848926	-530	0.212	CT/TC	1	0.054	NA	NA	NA
rs6793835	-526	0.207	CG/TA	1	0.063	NA	NA	NA
rs9870122	-526	0.214	CT/TG	1	0.0603	NA	NA	NA
rs34864445	-523	0.211	CC/TT	1	0.0612	NA	NA	NA
rs10512987	-523	0.313	CC/TT	1	0.00423	NA	NA	NA
rs6792630	-521	0.208	CC/TA	1	0.0688	NA	NA	NA
rs1278495	-520	0.146	CG/TC	1	0.0378	NA	NA	NA
rs67109185	-519	0.213	CG/TA	1	0.0621	NA	NA	NA
rs9875207	-516	0.315	CG/TC	1	0.00459	NA	NA	NA
rs9837224	-516	0.315	CA/TG	1	0.0051	NA	NA	NA
rs4678361	-513	0.222	CG/TA	1	1.46e-05	NA	NA	NA
rs6784219	-511	0.315	CA/TG	1	0.00492	NA	NA	NA
rs13088093	-508	0.315	CT/TG	1	0.00464	NA	NA	NA
rs9840812	-503	0.223	CT/TC	1	1.33e-05	NA	NA	NA
rs12695644	-501	0.213	CC/TT	1	0.0701	NA	NA	NA
rs13082532	-499	0.206	CG/TT	1	0.0731	NA	NA	NA
rs4431046	-497	0.225	CC/TA	1	1.25e-05	NA	NA	NA
rs75452345	-495	0.172	CA/TG	1	0.107	NA	NA	NA
rs10935177	-495	0.831	CC/TA	1	1.46e-11	1	0.0012563915253869	0.986389221054915
rs12330335	-493	0.212	CA/TC	1	0.0728	NA	NA	NA
rs1393786	-492	0.212	CC/TA	1	0.0731	NA	NA	NA
rs1393787	-492	0.206	CG/TA	1	0.0737	NA	NA	NA
rs17198295	-490	0.106	CA/TT	1	0.00745	NA	NA	NA
rs9881400	-485	0.206	CG/TT	1	0.0779	NA	NA	NA
rs6767060	-479	0.212	CC/TG	1	0.0635	NA	NA	NA
rs7372313	-473	0.835	CC/TG	1	6.59e-12	1	0.00273890981204757	0.953407797926792
rs113021516	-472	0.315	CG/TC	1	0.00475	NA	NA	NA
rs28519617	-471	0.212	CT/TG	1	0.0623	NA	NA	NA
rs28669017	-471	0.212	CT/TG	1	0.0594	NA	NA	NA
rs9865841	-470	0.219	CG/TA	1	6.8e-06	NA	NA	NA
rs13081671	-470	0.213	CC/TT	1	0.0741	NA	NA	NA
rs10222451	-469	0.212	CG/TC	1	0.0735	NA	NA	NA
rs35837273	-468	0.117	CT/TC	1	0.441	NA	NA	NA
rs9647335	-466	0.175	CA/TT	1	0.000153	NA	NA	NA
rs35352346	-465	0.213	CG/TA	1	0.0729	NA	NA	NA
rs11720497	-464	0.116	CT/TA	1	0.437	NA	NA	NA
rs113587652	-464	0.137	CT/TA	1	0.0154	NA	NA	NA
rs13321220	-461	0.212	CG/TA	1	0.0814	NA	NA	NA
rs73222236	-458	0.315	CA/TG	1	0.00478	NA	NA	NA
rs6762209	-454	0.105	CT/TC	1	0.0121	NA	NA	NA
rs28535121	-453	0.208	CT/TC	1	0.102	NA	NA	NA
rs6786582	-447	0.212	CT/TC	1	0.0995	NA	NA	NA
rs6439629	-445	0.213	CG/TA	1	0.0822	NA	NA	NA
rs115976517	-443	0.242	CT/TA	1	0.00234	NA	NA	NA
rs61791757	-441	0.222	CG/TA	1	2.17e-05	NA	NA	NA
rs13068210	-441	0.212	CT/TG	1	0.0858	NA	NA	NA
rs6779146	-439	0.222	CT/TC	1	1.81e-05	NA	NA	NA
rs6769762	-438	0.208	CG/TA	1	0.0995	NA	NA	NA
rs7349597	-435	0.835	CT/TC	1	2.42e-11	0	0.000766014600409346	0.993584807392979
rs9845457	-432	0.477	CA/TG	1	1.8e-08	0	1.2117062803792e-06	0.999992235254796
rs35087366	-429	0.115	CG/TA	1	0.00363	NA	NA	NA
rs61789561	-429	0.17	CG/TA	1	0.000355	NA	NA	NA
rs1154988	-421	0.213	CA/TT	1	2.49e-05	NA	NA	NA
rs645040	-420	0.213	CT/TG	1	2.68e-05	NA	NA	NA
rs61789562	-419	0.115	CT/TC	1	0.00338	NA	NA	NA
rs113915265	-419	0.141	CA/TC	1	0.059	NA	NA	NA
rs9873767	-416	0.337	CT/TC	1	9.94e-06	NA	NA	NA
rs3905668	-415	0.222	CA/TG	1	0.0606	NA	NA	NA
rs687339	-414	0.214	CT/TC	1	1.65e-05	NA	NA	NA
rs56398805	-414	0.222	CA/TG	1	0.0517	NA	NA	NA
rs35320690	-414	0.221	CT/TC	1	0.0449	NA	NA	NA
rs1279831	-413	0.83	CG/TA	1	1.81e-11	1	0.00101796547799861	0.987407186532913
rs642075	-412	0.829	CA/TG	1	2.6e-11	0	0.000714062570089599	0.995049701658054
rs28631273	-411	0.221	CG/TA	1	0.0598	NA	NA	NA
rs525773	-410	0.616	CA/TG	1	2.51e-09	0	8.23209905539135e-06	0.999973276284358
rs9813054	-408	0.337	CT/TC	1	2.55e-05	NA	NA	NA
rs9818740	-407	0.217	CG/TA	1	0.0557	NA	NA	NA
rs13081352	-405	0.116	CC/TA	1	0.00289	NA	NA	NA
rs668437	-404	0.568	CA/TG	1	8.74e-09	0	2.444868049041e-06	0.999985567370134
rs634559	-404	0.566	CG/TA	1	7.28e-09	0	2.92037350625522e-06	0.999983122502085
rs1698982	-403	0.566	CA/TG	1	6.11e-09	0	3.4629221103062e-06	0.999980202128578
rs582536	-403	0.561	CA/TG	1	1.23e-08	0	1.75399393792669e-06	0.999987321364072
rs653995	-403	0.566	CA/TG	1	6.11e-09	0	3.4629221103062e-06	0.999976739206468
rs863930	-396	0.573	CG/TT	1	1.77e-08	0	1.23164453458068e-06	0.999989805269398
rs838199	-396	0.573	CC/TT	1	1.82e-08	0	1.19877436582024e-06	0.999993434029162
rs511154	-395	0.235	CG/TA	1	1.92e-05	NA	NA	NA
rs668485	-395	0.573	CG/TA	1	1.84e-08	0	1.18611978619413e-06	0.999994620148948
rs632251	-395	0.573	CA/TG	1	1.74e-08	0	1.25226079192684e-06	0.999988573624864
rs6805316	-394	0.183	CA/TG	1	0.127	NA	NA	NA
rs9826454	-393	0.177	CA/TG	1	0.158	NA	NA	NA
rs13059045	-393	0.127	CT/TC	1	0.00156	NA	NA	NA
rs661739	-393	0.568	CT/TC	1	2.21e-08	0	9.92824940547216e-07	0.999996632683815
rs590198	-392	0.568	CA/TG	1	2.15e-08	0	1.01970992651061e-06	0.999995639858874
rs1153870	-392	0.568	CT/TA	1	3.8e-08	0	5.86792764811932e-07	0.999999697428202
rs1153871	-392	0.229	CC/TT	1	2.2e-05	NA	NA	NA
rs61789601	-391	0.192	CC/TT	1	0.000196	NA	NA	NA
rs895894	-391	0.568	CA/TG	1	3.76e-08	0	5.9284565428682e-07	0.999999110635437
rs895893	-391	0.229	CT/TC	1	2.17e-05	NA	NA	NA
rs1153872	-390	0.559	CA/TG	1	3.69e-08	0	6.03749427933494e-07	0.999997923411017
rs3957816	-390	0.568	CA/TG	1	3.75e-08	0	5.94378765185512e-07	0.999998517789783
rs684773	-390	0.228	CC/TA	1	2.49e-05	NA	NA	NA
rs561307	-386	0.243	CT/TC	1	0.000444	NA	NA	NA
rs534944	-385	0.234	CG/TT	1	1.5e-05	NA	NA	NA
rs1278719	-385	0.234	CA/TG	1	1.72e-05	NA	NA	NA
rs523118	-380	0.23	CG/TT	1	9.71e-06	NA	NA	NA
rs3755636	-377	0.233	CC/TG	1	4.67e-06	NA	NA	NA
rs548288	-376	0.254	CC/TT	1	9.36e-06	NA	NA	NA
rs9844666	-372	0.175	CG/TA	1	0.182	NA	NA	NA
rs632016	-369	0.249	CA/TG	1	9.27e-06	NA	NA	NA
rs13072038	-367	0.177	CT/TC	1	0.148	NA	NA	NA
rs589092	-367	0.619	CG/TA	1	5.45e-07	0	4.4657222549766e-08	0.999999860194069
rs2290131	-366	0.421	CT/TC	1	3.32e-06	0	7.85591621869774e-09	0.999999963720128
rs9826146	-363	0.329	CA/TG	1	0.0023	NA	NA	NA
rs866782	-363	0.195	CC/TT	1	0.000215	NA	NA	NA
rs28812220	-361	0.327	CA/TG	1	0.00218	NA	NA	NA
rs606725	-360	0.254	CG/TA	1	1.56e-05	NA	NA	NA
rs9872178	-360	0.184	CT/TG	1	0.112	NA	NA	NA
rs9872326	-360	0.327	CT/TG	1	0.00217	NA	NA	NA
rs60614489	-359	0.326	CA/TC	1	0.00289	NA	NA	NA
rs4678428	-358	0.253	CA/TG	1	9.15e-06	NA	NA	NA
rs576771	-357	0.253	CT/TC	1	1.02e-05	NA	NA	NA
rs67214626	-357	0.327	CC/TT	1	0.00295	NA	NA	NA
rs12695645	-355	0.185	CA/TT	1	0.106	NA	NA	NA
rs12488721	-354	0.933	CC/TT	1	2.9e-12	1	0.00612424669029159	0.858610678984884
rs684195	-353	0.937	CC/TA	1	1.72e-12	1	0.0102228646130056	0.811587205917235
rs650505	-352	0.319	CC/TG	1	0.000267	NA	NA	NA
rs665200	-351	0.251	CC/TT	1	1.76e-05	NA	NA	NA
rs489398	-351	0.193	CC/TT	1	0.000201	NA	NA	NA
rs1279949	-349	0.933	CA/TT	1	2.1e-12	1	0.00840492291981219	0.828557104122611
rs7628146	-348	0.253	CG/TT	1	1.84e-05	NA	NA	NA
rs6796523	-348	0.185	CA/TT	1	0.13	NA	NA	NA
rs570621	-345	0.933	CG/TA	1	2.06e-12	1	0.00856497528556416	0.820152181202799
rs9843801	-345	0.329	CT/TC	1	0.00261	NA	NA	NA
rs3821445	-343	0.193	CT/TC	1	0.000223	NA	NA	NA
rs1153877	-341	0.929	CT/TC	1	2.13e-12	1	0.00828879288580924	0.845173038071093
rs7653249	-340	0.253	CG/TC	1	1.01e-05	NA	NA	NA
rs1279840	-340	0.251	CC/TT	1	1.01e-05	NA	NA	NA
rs1279425	-339	0.253	CC/TT	1	9.47e-06	NA	NA	NA
rs9843348	-339	0.329	CA/TG	1	0.00272	NA	NA	NA
rs1279424	-339	0.933	CG/TA	1	1.7e-12	1	0.0103408376964798	0.801364341304229
rs17252498	-332	0.188	CA/TC	1	0.000201	NA	NA	NA
rs13071085	-331	0.122	CG/TA	1	0.00324	NA	NA	NA
rs34031772	-328	0.185	CT/TC	1	0.13	NA	NA	NA
rs55797013	-327	0.329	CA/TC	1	0.00288	NA	NA	NA
rs71336055	-326	0.116	CC/TT	1	0.0114	NA	NA	NA
rs1711171	-326	0.249	CC/TT	1	8.04e-06	NA	NA	NA
rs1618069	-319	0.254	CG/TA	1	9.03e-06	NA	NA	NA
rs556788	-319	0.941	CG/TA	1	2.42e-12	1	0.0073133942235	0.852486432294593
rs480330	-317	0.713	CT/TC	1	1.79e-08	0	1.21827911728098e-06	0.999991023548515
rs9866840	-317	0.191	CG/TC	1	0.102	NA	NA	NA
rs527888	-315	0.941	CC/TG	1	2.12e-12	1	0.00832714106267217	0.836884245185283
rs838202	-311	0.869	CA/TG	1	3.79e-11	0	0.000493804408890119	0.996774933154906
rs681783	-311	0.869	CT/TC	1	3.83e-11	0	0.000488757309085849	0.997263690463991
rs9833162	-310	0.327	CA/TG	1	0.0032	NA	NA	NA
rs1291921	-310	0.195	CG/TA	1	0.000369	NA	NA	NA
rs664088	-309	0.861	CC/TT	1	7.46e-11	0	0.000254599858067103	0.99886635105905
rs553018	-309	0.831	CC/TA	1	3.91e-11	0	0.000478969777234999	0.997742660241226
rs650326	-308	0.865	CA/TG	1	3.03e-11	0	0.000614717469395053	0.996281128746015
rs1279086	-308	0.861	CA/TG	1	4.07e-11	0	0.000460537537159646	0.998203197778386
rs9853387	-307	0.322	CA/TG	1	0.00287	NA	NA	NA
rs518972	-307	0.865	CA/TC	1	4.6e-11	0	0.000408553422597376	0.998611751200983
rs7622833	-304	0.327	CT/TC	1	0.00265	NA	NA	NA
rs6776841	-304	0.326	CT/TC	1	0.00293	NA	NA	NA
rs696081	-299	0.877	CG/TA	1	2.38e-11	0	0.00077861552394601	0.99281879279257
rs483465	-298	0.255	CG/TA	1	8.17e-06	NA	NA	NA
rs35058853	-295	0.331	CA/TG	1	0.00323	NA	NA	NA
rs6783337	-293	0.32	CG/TA	1	0.0033	NA	NA	NA
rs610860	-293	0.195	CG/TA	1	0.000157	NA	NA	NA
rs9812513	-292	0.333	CT/TA	1	0.00325	NA	NA	NA
rs8045	-291	0.134	CT/TC	1	0.0026	NA	NA	NA
rs696520	-289	0.945	CC/TT	1	1.65e-12	1	0.0106481658051086	0.791023503607749
rs6439638	-288	0.331	CA/TC	1	0.0039	NA	NA	NA
rs503973	-287	0.104	CC/TG	1	0.0189	NA	NA	NA
rs12330258	-285	0.406	CT/TC	1	0.000275	0	1.18471838948606e-10	0.999999999829626
rs9813115	-282	0.183	CC/TT	1	0.153	NA	NA	NA
rs695983	-282	0.17	CA/TG	1	0.00168	NA	NA	NA
rs9832813	-281	0.265	CA/TG	1	0.023	NA	NA	NA
rs9870825	-280	0.181	CC/TA	1	0.151	NA	NA	NA
rs517319	-280	0.844	CT/TA	1	5.83e-10	0	3.41653251648267e-05	0.999965044185302
rs17200216	-279	0.189	CC/TA	1	0.142	NA	NA	NA
rs696517	-279	0.197	CC/TT	1	0.000204	NA	NA	NA
rs696516	-278	0.209	CT/TG	1	0.000162	NA	NA	NA
rs480162	-278	0.89	CT/TA	1	2e-11	1	0.000923178498411611	0.991202973083136
rs654237	-278	0.89	CC/TT	1	2e-11	0	0.000923178498411611	0.990279794584724
rs1145101	-277	0.178	CC/TT	1	0.000396	NA	NA	NA
rs667920	-277	0.235	CT/TG	1	2.24e-05	NA	NA	NA
rs9854328	-276	0.41	CA/TG	1	0.000374	0	8.88424881537273e-11	0.999999999918468
rs9837158	-273	0.189	CC/TT	1	0.106	NA	NA	NA
rs6770476	-272	0.249	CC/TT	1	0.0349	NA	NA	NA
rs1711161	-266	0.193	CT/TG	1	0.000213	NA	NA	NA
rs619605	-259	0.807	CC/TG	1	2.41e-10	0	8.09328522274257e-05	0.999883826833219
rs9860801	-258	0.333	CG/TA	1	0.00301	NA	NA	NA
rs571513	-251	0.25	CG/TA	1	1.71e-05	NA	NA	NA
rs655836	-249	0.886	CC/TT	1	1.34e-11	1	0.00136648838930556	0.983795655430472
rs73222302	-248	0.89	CG/TA	1	1.19e-11	1	0.00153499278633071	0.978193857350721
rs10935181	-248	0.894	CA/TG	1	1.37e-11	1	0.0013371740990552	0.985132829529528
rs9811261	-248	0.323	CC/TA	1	0.00213	NA	NA	NA
rs33999043	-246	0.177	CA/TG	1	0.000435	NA	NA	NA
rs34324561	-245	0.184	CT/TG	1	0.0815	NA	NA	NA
rs684845	-245	0.25	CG/TA	1	0.000311	NA	NA	NA
rs655720	-243	0.217	CT/TC	1	0.000125	NA	NA	NA
rs655748	-243	0.914	CA/TG	1	1.18e-11	1	0.00154773397942822	0.97665886456439
rs526574	-243	0.822	CG/TA	1	1.18e-10	0	0.000162614042668625	0.999207902283839
rs521746	-242	0.782	CC/TT	1	1.82e-10	0	0.000106475782161782	0.999802893980992
rs9880211	-239	0.189	CG/TA	1	0.0899	NA	NA	NA
rs9810051	-238	0.18	CC/TA	1	0.123	NA	NA	NA
rs698270	-237	0.237	CG/TA	1	1.75e-05	NA	NA	NA
rs61789642	-237	0.127	CC/TT	1	0.00412	NA	NA	NA
rs61789643	-236	0.127	CG/TT	1	0.00349	NA	NA	NA
rs711972	-236	0.869	CT/TC	1	9.67e-12	1	0.00188100747716762	0.96982967869722
rs5026242	-236	0.32	CC/TT	1	0.00228	NA	NA	NA
rs698269	-236	0.793	CG/TC	1	1.69e-10	0	0.000114471476075562	0.999585161826681
rs9820621	-236	0.18	CG/TA	1	0.121	NA	NA	NA
rs834304	-235	0.873	CT/TG	1	2.47e-11	0	0.000750831694985058	0.994335639087964
rs1145106	-234	0.208	CA/TG	1	0.000121	NA	NA	NA
rs11717954	-234	0.873	CG/TA	1	1.97e-11	1	0.00093694118985309	0.989356616086312
rs1964675	-231	0.179	CT/TC	1	0.000617	NA	NA	NA
rs9818536	-231	0.181	CC/TT	1	0.113	NA	NA	NA
rs834305	-227	0.874	CT/TC	1	1.74e-10	0	0.000111256372148776	0.99969641819883
rs864437	-226	0.856	CC/TG	1	1.37e-10	0	0.000140535336421331	0.99934843762026
rs696518	-226	0.869	CC/TA	1	1.58e-10	0	0.000122252730345026	0.999470690350606
rs28478252	-225	0.171	CC/TA	1	0.000316	NA	NA	NA
rs2655008	-222	0.187	CT/TA	1	0.000286	NA	NA	NA
rs34913797	-219	0.181	CG/TA	1	0.127	NA	NA	NA
rs28634226	-216	0.189	CG/TA	1	0.116	NA	NA	NA
rs56235965	-216	0.89	CG/TA	1	1.09e-11	1	0.00167281608048224	0.975111130584962
rs7620314	-214	0.434	CA/TG	1	0.000159	0	1.98188273279386e-10	0.999999999711154
rs9841529	-209	0.189	CA/TC	1	0.0935	NA	NA	NA
rs10935182	-209	0.934	CA/TG	1	5.69e-12	1	0.00316285985306106	0.932962323007122
rs6779727	-209	0.178	CC/TT	1	0.000401	NA	NA	NA
rs11915629	-206	0.894	CG/TC	1	1.05e-11	1	0.00173522014281366	0.97343831450448
rs9819496	-206	0.331	CG/TA	1	0.00219	NA	NA	NA
rs9831321	-204	0.333	CG/TA	1	0.00198	NA	NA	NA
rs34282798	-203	0.189	CG/TC	1	0.0964	NA	NA	NA
rs34757183	-203	0.189	CG/TT	1	0.102	NA	NA	NA
rs56251259	-201	0.331	CT/TC	1	0.00238	NA	NA	NA
rs7644541	-200	0.237	CG/TA	1	1.52e-05	NA	NA	NA
rs6789488	-200	0.258	CC/TT	1	4.57e-06	NA	NA	NA
rs9867368	-198	0.197	CG/TA	1	0.000153	NA	NA	NA
rs10935183	-197	0.918	CT/TC	1	7.77e-12	1	0.00233064701991427	0.965843443428365
rs9812579	-195	0.181	CA/TG	1	0.139	NA	NA	NA
rs12492510	-195	0.918	CT/TG	1	7.48e-12	1	0.00241915593451064	0.963512796408451
rs10935184	-193	0.949	CC/TT	1	4.65e-13	1	0.0369078122890706	0.685915786649283
rs66691851	-191	1	CT/TC	1	4.66e-13	1	0.0368300431349918	0.722745829784274
rs34154714	-191	0.121	CC/TT	1	0.00841	NA	NA	NA
rs13316214	-188	0.189	CA/TG	1	0.106	NA	NA	NA
rs9809184	-187	0.331	CT/TC	1	0.00251	NA	NA	NA
rs6791611	-186	0.894	CC/TG	1	1.32e-11	1	0.001386764086347	0.982429167041167
rs6804194	-185	0.331	CT/TC	1	0.00241	NA	NA	NA
rs9868120	-181	0.328	CC/TA	1	0.00314	NA	NA	NA
rs10804640	-181	0.918	CA/TG	1	7.01e-12	1	0.00257799496670038	0.958645617713237
rs9823373	-179	0.189	CT/TC	1	0.117	NA	NA	NA
rs28396702	-179	0.333	CG/TA	1	0.0021	NA	NA	NA
rs34165586	-174	0.331	CC/TT	1	0.00241	NA	NA	NA
rs6766450	-173	0.331	CG/TA	1	0.00257	NA	NA	NA
rs35375192	-171	0.326	CA/TG	1	0.00339	NA	NA	NA
rs28889583	-167	0.331	CC/TA	1	0.00218	NA	NA	NA
rs1604793	-165	0.181	CG/TC	1	0.113	NA	NA	NA
rs9850383	-165	0.331	CC/TG	1	0.00222	NA	NA	NA
rs11715257	-164	0.185	CT/TC	1	0.000255	NA	NA	NA
rs34168675	-163	0.189	CA/TG	1	0.0841	NA	NA	NA
rs34379561	-163	0.331	CG/TC	1	0.00238	NA	NA	NA
rs35326900	-163	0.189	CG/TA	1	0.0871	NA	NA	NA
rs9861150	-163	0.134	CT/TG	1	0.00364	NA	NA	NA
rs9866535	-162	0.331	CG/TA	1	0.00232	NA	NA	NA
rs6439640	-161	0.178	CG/TA	1	0.000264	NA	NA	NA
rs9810789	-160	0.181	CA/TG	1	0.115	NA	NA	NA
rs9714347	-157	0.902	CC/TT	1	6.46e-12	1	0.0027929152437738	0.950668888114744
rs4678269	-156	0.914	CA/TG	1	7.39e-12	1	0.00244802276070322	0.96109364047394
rs6439642	-153	0.331	CT/TA	1	0.00246	NA	NA	NA
rs17298525	-153	0.183	CG/TC	1	0.126	NA	NA	NA
rs9854084	-151	0.275	CT/TA	1	5.83e-06	NA	NA	NA
rs34498968	-151	0.14	CT/TC	1	0.00272	NA	NA	NA
rs1394094	-150	0.44	CT/TA	1	1.99e-07	0	1.18108644520284e-07	0.999999815536846
rs16843991	-150	0.331	CT/TC	1	0.00245	NA	NA	NA
rs1394092	-150	0.211	CT/TC	1	8.8e-05	NA	NA	NA
rs11719310	-149	0.918	CT/TC	1	8.62e-12	1	0.00210522779168739	0.967948671220053
rs28718456	-142	0.189	CA/TG	1	0.0803	NA	NA	NA
rs17364492	-142	0.189	CA/TC	1	0.0935	NA	NA	NA
rs6768743	-141	0.189	CT/TC	1	0.0869	NA	NA	NA
rs13068119	-140	0.157	CT/TC	1	0.00248	NA	NA	NA
rs111942290	-139	0.133	CA/TG	1	0.0165	NA	NA	NA
rs9883916	-137	0.157	CT/TC	1	0.00199	NA	NA	NA
rs13321721	-137	0.181	CA/TG	1	0.108	NA	NA	NA
rs9818056	-136	0.189	CC/TT	1	0.0997	NA	NA	NA
rs12637102	-134	0.251	CG/TA	1	1.27e-05	NA	NA	NA
rs67949818	-133	0.183	CG/TA	1	0.0875	NA	NA	NA
rs12489577	-133	0.211	CT/TC	1	9.49e-05	NA	NA	NA
rs73226190	-133	0.91	CC/TT	1	9.71e-12	1	0.00187341566444591	0.971703094361666
rs900048	-127	0.163	CT/TC	1	0.000198	NA	NA	NA
rs35644083	-124	0.333	CT/TC	1	0.00223	NA	NA	NA
rs17298882	-123	0.149	CG/TT	1	0.0287	NA	NA	NA
rs699165	-122	0.197	CG/TA	1	2.96e-05	NA	NA	NA
rs34135127	-120	0.181	CT/TC	1	0.113	NA	NA	NA
rs711977	-119	0.8	CA/TG	1	1.07e-10	0	0.000178937182120089	0.999045288241171
rs711976	-117	0.194	CG/TA	1	3.27e-05	NA	NA	NA
rs35899944	-117	0.189	CG/TA	1	0.0937	NA	NA	NA
rs34962604	-116	0.331	CT/TC	1	0.00228	NA	NA	NA
rs833861	-115	0.926	CA/TT	1	3.1e-12	1	0.00573654620140205	0.864347225186286
rs711975	-110	0.992	CC/TT	1	5.73e-13	1	0.0300652315249375	0.752811061309212
rs9878078	-109	0.189	CC/TT	1	0.0997	NA	NA	NA
rs9812319	-107	0.333	CC/TT	1	0.00193	NA	NA	NA
rs13092193	-106	0.189	CT/TC	1	0.0847	NA	NA	NA
rs6771002	-105	0.189	CT/TA	1	0.0856	NA	NA	NA
rs6773949	-105	0.189	CT/TA	1	0.108	NA	NA	NA
rs1070228	-100	0.914	CA/TG	1	1.31e-11	1	0.00139713178936734	0.98104240295482
rs1070230	-98.5	0.273	CG/TT	1	3.86e-06	NA	NA	NA
rs9828088	-98.4	0.191	CC/TT	1	0.111	NA	NA	NA
rs9869630	-98.2	0.189	CA/TC	1	0.106	NA	NA	NA
rs1070232	-98.1	0.273	CG/TT	1	3.41e-06	NA	NA	NA
rs9858457	-96.6	0.331	CT/TC	1	0.00356	NA	NA	NA
rs28811905	-94.2	0.189	CT/TC	1	0.0874	NA	NA	NA
rs2688600	-93.6	0.914	CA/TC	1	2.21e-11	0	0.00083720418548831	0.992040177268624
rs2688601	-93.6	0.914	CA/TG	1	1.82e-11	1	0.00101248836354615	0.988419674896459
rs833752	-91	0.273	CG/TA	1	4.95e-06	NA	NA	NA
rs13096466	-90.7	0.189	CC/TT	1	0.0917	NA	NA	NA
rs56040643	-88.7	0.333	CA/TG	1	0.00214	NA	NA	NA
rs3932048	-87.3	0.316	CC/TG	1	0.0133	NA	NA	NA
rs9813691	-85.5	0.183	CT/TG	1	0.108	NA	NA	NA
rs13326151	-84.5	0.181	CG/TA	1	0.114	NA	NA	NA
rs4678433	-80.5	0.212	CT/TC	1	9.05e-05	NA	NA	NA
rs34967300	-77.4	0.157	CA/TG	1	0.00228	NA	NA	NA
rs6769934	-76.8	0.331	CG/TA	1	0.00204	NA	NA	NA
rs12695649	-74.3	0.189	CT/TC	1	0.0793	NA	NA	NA
rs7621017	-74	0.333	CT/TC	1	0.00179	NA	NA	NA
rs7621025	-74	0.275	CC/TT	1	5.61e-06	NA	NA	NA
rs7612160	-73.4	0.331	CC/TA	1	0.00166	NA	NA	NA
rs6439646	-72.6	0.275	CC/TT	1	5.81e-06	NA	NA	NA
rs7427564	-71.8	1	CA/TG	1	4.54e-13	1	0.0377856838277639	0.649007974360212
rs7621308	-70.7	0.574	CA/TG	1	3.23e-08	0	6.86977774649973e-07	0.99999731966159
rs6774964	-70.6	0.189	CG/TA	1	0.0875	NA	NA	NA
rs6775314	-70.3	0.189	CG/TA	1	0.0911	NA	NA	NA
rs77145930	-68.7	0.144	CG/TT	1	0.0253	NA	NA	NA
rs4630889	-68	0.984	CC/TT	1	6.26e-13	1	0.0275642764934289	0.780375337802641
rs9857966	-66.8	0.183	CT/TC	1	0.111	NA	NA	NA
rs7644471	-61.6	0.326	CT/TC	1	0.00215	NA	NA	NA
rs7432375	-57.8	0.996	CA/TG	1	2.59e-13	1	0.0655719904325748	0.203369811163448
rs9883189	-56.7	0.183	CT/TC	1	0.129	NA	NA	NA
rs28641809	-55.7	0.189	CG/TA	1	0.0942	NA	NA	NA
rs10935185	-55.7	0.996	CG/TC	1	2.98e-13	1	0.0571326872546401	0.508242997932649
rs13069695	-54.6	0.126	CT/TC	1	0.00372	NA	NA	NA
rs6794351	-53.9	0.21	CT/TC	1	9.71e-05	NA	NA	NA
rs66810260	-53.1	0.333	CC/TT	1	0.00202	NA	NA	NA
rs13065626	-51.4	0.138	CC/TG	1	0.00336	NA	NA	NA
rs9834631	-49.6	0.333	CA/TT	1	0.00257	NA	NA	NA
rs12163529	-47.3	0.996	CA/TG	1	2.8e-13	1	0.0607381096331021	0.391418994566941
rs12635723	-45.5	0.273	CG/TA	1	5.66e-06	NA	NA	NA
rs12630999	-45.3	0.273	CA/TG	1	5.66e-06	NA	NA	NA
rs9839137	-41.9	0.189	CC/TT	1	0.0923	NA	NA	NA
rs6806123	-40.7	0.181	CC/TG	1	0.105	NA	NA	NA
rs6806795	-40.1	0.331	CC/TT	1	0.00215	NA	NA	NA
rs4452981	-38.4	0.273	CG/TA	1	5.77e-06	NA	NA	NA
rs4452980	-38.4	0.273	CG/TA	1	5.74e-06	NA	NA	NA
rs77442224	-38.1	0.174	CC/TT	1	0.117	NA	NA	NA
rs7627292	-37.1	0.326	CT/TC	1	0.00235	NA	NA	NA
rs940174	-36.5	0.996	CC/TT	1	3.57e-13	1	0.0478448334535099	0.611222290532448
rs13071220	-32.1	0.187	CT/TC	1	0.0775	NA	NA	NA
rs4678436	-28.8	0.918	CT/TG	1	6.14e-12	1	0.00293549743417616	0.945066004819518
rs4678437	-28.5	0.241	CT/TC	1	0.000224	NA	NA	NA
rs71310215	-27.8	0.162	CG/TA	1	0.0448	NA	NA	NA
rs73228043	-26.3	0.918	CT/TC	1	4.95e-12	1	0.00362566681123527	0.919407273914095
rs6788346	-26.2	0.299	CG/TA	1	0.00097	NA	NA	NA
rs55907946	-23.5	0.142	CC/TT	1	0.0338	NA	NA	NA
rs55993001	-19.3	0.333	CT/TC	1	0.00189	NA	NA	NA
rs35849216	-18.6	0.127	CC/TT	1	0.00386	NA	NA	NA
rs1471741	-17.9	0.275	CC/TT	1	1.52e-05	NA	NA	NA
rs1471740	-17.9	0.269	CC/TT	1	1.3e-05	NA	NA	NA
rs67145204	-17.5	0.164	CG/TC	1	0.0675	NA	NA	NA
rs6789541	-15.5	0.331	CG/TA	1	0.00196	NA	NA	NA
rs9832572	-12	0.333	CT/TC	1	0.00186	NA	NA	NA
rs6782151	-10.4	0.333	CA/TG	1	0.00192	NA	NA	NA
rs34438032	-9.18	0.914	CA/TG	1	5.85e-12	1	0.00307805096421481	0.936040373971337
rs7629905	-6.52	0.298	CT/TC	1	0.00113	NA	NA	NA
rs116387571	-6.26	0.111	CC/TT	1	0.0064	NA	NA	NA
rs34804893	-6.24	0.164	CG/TA	1	0.0501	NA	NA	NA
rs9828068	-3.5	0.298	CG/TC	1	0.00101	NA	NA	NA
rs4678438	-1.29	0.238	CC/TA	1	0.000203	NA	NA	NA
rs9820513	0.086	0.298	CG/TA	1	0.000988	NA	NA	NA
rs34602896	0.179	0.18	CA/TG	1	0.00506	NA	NA	NA
rs9820717	0.407	0.164	CC/TA	1	0.0656	NA	NA	NA
rs11919030	2.39	0.918	CA/TG	1	5.96e-12	1	0.0030223615524475	0.942130507385341
rs6784582	2.76	0.238	CT/TC	1	0.000216	NA	NA	NA
rs13433980	4.6	0.299	CC/TA	1	0.000907	NA	NA	NA
rs76578737	4.68	0.111	CA/TG	1	0.00656	NA	NA	NA
rs9847427	5.34	0.156	CC/TA	1	0.0644	NA	NA	NA
rs71336069	5.66	0.189	CG/TC	1	0.0903	NA	NA	NA
rs13434116	6.87	0.18	CG/TC	1	0.0874	NA	NA	NA
rs55970317	6.99	1	CG/TT	1	2.63e-13	1	0.0645922530876191	0.267962064251068
rs9845762	10.3	0.238	CT/TC	1	0.000245	NA	NA	NA
rs9845950	10.4	0.299	CC/TT	1	0.000923	NA	NA	NA
rs1017881	11.5	0.307	CG/TA	1	1.8e-05	NA	NA	NA
rs1017882	11.5	0.918	CC/TT	1	5.87e-12	1	0.00306777186155728	0.939108145832894
rs7644346	12.3	0.299	CC/TT	1	0.00097	NA	NA	NA
rs28750366	14.8	0.189	CT/TC	1	0.0906	NA	NA	NA
rs28682370	16.9	0.299	CT/TC	1	0.00101	NA	NA	NA
rs4038586	17.1	0.189	CT/TC	1	0.0818	NA	NA	NA
rs7621970	18.1	0.331	CA/TG	1	0.00193	NA	NA	NA
rs59931907	18.9	0.331	CT/TC	1	0.00174	NA	NA	NA
rs6767889	19.2	0.189	CT/TA	1	0.0802	NA	NA	NA
rs1484250	23.3	0.299	CC/TG	1	0.000827	NA	NA	NA
rs4521165	23.5	0.918	CT/TC	1	4.22e-12	1	0.00423950685888209	0.891864460744027
rs111379782	23.7	0.29	CA/TT	1	5.4e-05	NA	NA	NA
rs7618518	23.9	0.918	CC/TT	1	4.22e-12	1	0.00423950685888209	0.887624953885145
rs6772759	25.3	0.298	CT/TC	1	0.000918	NA	NA	NA
rs6808312	25.3	1	CC/TT	1	2.85e-13	1	0.0596913161110676	0.451110310678008
rs6439649	25.5	0.996	CG/TT	1	2.71e-13	1	0.0627188206827712	0.330680884933839
rs9869361	26.8	0.299	CA/TT	1	0.000887	NA	NA	NA
rs74641205	28.6	0.111	CG/TA	1	0.00614	NA	NA	NA
rs6791142	31.2	0.918	CT/TC	1	3.92e-12	1	0.00455736212100418	0.883385447026263
rs34553037	33.2	0.163	CT/TC	1	0.00454	NA	NA	NA
rs6763239	33.5	0.298	CA/TG	1	0.000941	NA	NA	NA
rs67382287	34.3	0.158	CC/TT	1	0.069	NA	NA	NA
rs35428413	34.5	0.164	CT/TA	1	0.0552	NA	NA	NA
rs4038587	35.2	0.918	CA/TC	1	4.27e-12	1	0.0041908336386069	0.90025577212077
rs9877786	39.3	0.333	CA/TG	1	0.00162	NA	NA	NA
rs35304385	40	0.191	CT/TC	1	0.086	NA	NA	NA
rs13063893	41.4	0.14	CC/TT	1	0.00459	NA	NA	NA
rs9818372	42.2	0.296	CA/TT	1	0.001	NA	NA	NA
rs6800969	43	0.298	CC/TG	1	0.000961	NA	NA	NA
rs6765239	43.1	0.296	CT/TC	1	0.000956	NA	NA	NA
rs9881831	43.5	0.156	CT/TC	1	0.0721	NA	NA	NA
rs3856637	45	0.24	CA/TG	1	0.000197	NA	NA	NA
rs28877020	49.5	0.183	CT/TG	1	0.0954	NA	NA	NA
rs9869957	49.7	0.296	CG/TA	1	0.00101	NA	NA	NA
rs7634476	52.2	1	CA/TG	1	2.54e-13	1	0.0668396782584854	0.137797820730874
rs7618871	54.2	1	CG/TT	1	3.09e-13	1	0.0551344591462895	0.563377457078938
rs6789152	55.1	0.331	CG/TA	1	0.00158	NA	NA	NA
rs4456810	55.9	0.212	CT/TC	1	9.48e-05	NA	NA	NA
rs7637129	56.1	0.918	CC/TT	1	4.64e-12	1	0.00386296418405595	0.908262012906094
rs13070680	57.9	0.158	CT/TC	1	0.00214	NA	NA	NA
rs4402873	58.2	0.331	CC/TT	1	0.00185	NA	NA	NA
rs9857833	58.3	0.189	CT/TC	1	0.0774	NA	NA	NA
rs4408829	58.5	0.918	CC/TT	1	4.32e-12	1	0.00414327660126842	0.904399048722038
rs7623824	58.6	0.331	CA/TG	1	0.00155	NA	NA	NA
rs56047785	59.2	0.331	CG/TC	1	0.00162	NA	NA	NA
rs28472992	60.5	0.181	CA/TG	1	0.0959	NA	NA	NA
rs73230043	61	0.189	CG/TT	1	0.0906	NA	NA	NA
rs4336059	62.2	0.329	CA/TG	1	0.00167	NA	NA	NA
rs13433688	63	0.164	CC/TT	1	0.0537	NA	NA	NA
rs7626418	65	0.298	CA/TG	1	0.000971	NA	NA	NA
rs9836231	68.1	0.918	CC/TT	1	6.79e-12	1	0.00265982481974516	0.956067622746537
rs76953609	68.4	0.139	CT/TC	1	0.0165	NA	NA	NA
rs13100192	75.1	0.164	CC/TA	1	0.0535	NA	NA	NA
rs6764567	79.3	0.918	CA/TC	1	4.96e-12	1	0.00361850133511839	0.923025775249213
rs13072691	79.4	0.122	CT/TC	1	0.00479	NA	NA	NA
rs4038578	80.6	0.881	CA/TT	1	5.17e-12	1	0.00347437041076616	0.926500145659979
rs9875770	86.1	0.189	CC/TT	1	0.0863	NA	NA	NA
rs75685279	88.6	0.166	CA/TC	1	0.0557	NA	NA	NA
rs9825700	89	0.911	CA/TG	1	4.79e-12	1	0.00374434386992646	0.915781607102859
rs9813590	90.1	0.373	CT/TC	1	0.000104	NA	NA	NA
rs9813596	90.1	0.373	CT/TC	1	5.72e-05	NA	NA	NA
rs34738913	91.7	0.14	CT/TA	1	0.00421	NA	NA	NA
rs7616204	98.4	0.918	CC/TT	1	3.75e-12	1	0.00475983083465221	0.874129666426307
rs13063987	99.2	0.183	CC/TG	1	0.00445	NA	NA	NA
rs6771713	104	0.298	CC/TT	1	0.000835	NA	NA	NA
rs9289513	106	0.163	CG/TT	1	0.0611	NA	NA	NA
rs9871160	107	0.136	CT/TC	1	0.00996	NA	NA	NA
rs34613715	109	0.14	CA/TT	1	0.00406	NA	NA	NA
rs9838884	109	0.156	CC/TT	1	0.0642	NA	NA	NA
rs9881078	110	0.298	CA/TG	1	0.000841	NA	NA	NA
rs6799699	113	0.296	CC/TT	1	0.00082	NA	NA	NA
rs28489907	115	0.372	CA/TG	1	5.97e-05	NA	NA	NA
rs34281413	116	0.139	CC/TT	1	0.00324	NA	NA	NA
rs12107125	118	0.373	CT/TC	1	6.12e-05	NA	NA	NA
rs13062352	119	0.164	CG/TA	1	0.0465	NA	NA	NA
rs140048840	119	0.164	CC/TT	1	0.0481	NA	NA	NA
rs10155017	120	0.325	CG/TA	1	0.000455	NA	NA	NA
rs6805814	120	0.104	CC/TT	1	0.0907	NA	NA	NA
rs6439655	120	0.819	CA/TG	1	4.2e-10	0	4.70520269185436e-05	0.999930878860138
rs73230065	121	0.103	CC/TT	1	0.0925	NA	NA	NA
rs35100027	121	0.164	CT/TA	1	0.0573	NA	NA	NA
rs35159729	122	0.18	CG/TA	1	0.00416	NA	NA	NA
rs34992220	122	0.373	CT/TC	1	6.72e-05	NA	NA	NA
rs35874192	124	0.918	CG/TC	1	6.42e-12	1	0.0028099680514527	0.94787597287097
rs900818	126	0.918	CC/TT	1	5.45e-12	1	0.00329931749408156	0.929799463154061
rs9845862	126	0.164	CT/TC	1	0.0463	NA	NA	NA
rs73230069	126	0.293	CA/TG	1	3.27e-05	NA	NA	NA
rs1681818	127	0.181	CA/TG	1	0.00478	NA	NA	NA
rs1681817	128	0.918	CC/TT	1	4.75e-12	1	0.0037752503268384	0.912037263232933
rs9873536	128	0.156	CA/TG	1	0.0606	NA	NA	NA
rs1681816	129	0.183	CC/TG	1	0.00453	NA	NA	NA
rs9813376	129	0.158	CC/TT	1	0.0596	NA	NA	NA
rs6789329	131	0.352	CT/TC	1	0.000367	NA	NA	NA
rs61790846	138	0.136	CG/TT	1	0.0102	NA	NA	NA
rs6795372	138	0.373	CT/TG	1	4.76e-05	NA	NA	NA
rs55749418	139	0.137	CA/TG	1	0.0153	NA	NA	NA
rs6439656	140	0.122	CG/TA	1	0.0392	NA	NA	NA
rs13314357	141	0.164	CA/TG	1	0.0398	NA	NA	NA
rs34564818	142	0.164	CG/TA	1	0.0433	NA	NA	NA
rs9853960	142	0.35	CG/TA	1	0.000371	NA	NA	NA
rs6802702	143	0.914	CG/TA	1	4.26e-12	1	0.00420047773813621	0.896064938482163
rs71336078	143	0.155	CG/TA	1	0.000417	NA	NA	NA
rs4678440	146	0.155	CA/TT	1	0.000662	NA	NA	NA
rs9819856	146	0.164	CT/TC	1	0.0404	NA	NA	NA
rs36109616	146	0.165	CG/TA	1	0.0362	NA	NA	NA
rs35198484	146	0.165	CG/TA	1	0.0366	NA	NA	NA
rs6795227	147	0.122	CC/TG	1	0.042	NA	NA	NA
rs9289514	147	0.165	CC/TT	1	0.0365	NA	NA	NA
rs6798137	147	0.122	CC/TT	1	0.0398	NA	NA	NA
rs12171317	147	0.156	CC/TG	1	0.0521	NA	NA	NA
rs6439657	148	0.189	CC/TT	1	0.00118	NA	NA	NA
rs35716521	148	0.164	CG/TA	1	0.0411	NA	NA	NA
rs71336080	150	0.164	CG/TA	1	0.0423	NA	NA	NA
rs35210994	150	0.164	CA/TC	1	0.0384	NA	NA	NA
rs1280624	150	0.914	CT/TC	1	3.8e-12	1	0.00469841847895132	0.878828084905259
rs17365792	151	0.164	CC/TG	1	0.038	NA	NA	NA
rs10513014	154	0.352	CG/TA	1	0.000282	NA	NA	NA
rs1729951	155	0.914	CT/TG	1	3.55e-12	1	0.0050226104053689	0.869369835591655
rs900816	156	0.254	CT/TG	1	0.00037	NA	NA	NA
rs1280623	157	0.189	CA/TG	1	0.00108	NA	NA	NA
rs1872240	158	0.293	CC/TT	1	0.000678	NA	NA	NA
rs1872239	158	0.164	CG/TA	1	0.0383	NA	NA	NA
rs66509730	158	0.165	CA/TC	1	0.0366	NA	NA	NA
rs13075615	160	0.154	CC/TT	1	0.000607	NA	NA	NA
rs35422852	160	0.165	CA/TT	1	0.0347	NA	NA	NA
rs35880395	161	0.164	CC/TT	1	0.0394	NA	NA	NA
rs13088001	162	0.182	CG/TA	1	0.00105	NA	NA	NA
rs1280622	162	0.826	CC/TA	1	3.02e-11	0	0.000616709618566387	0.99566641127662
rs36177165	162	0.164	CG/TA	1	0.0412	NA	NA	NA
rs6793936	164	0.556	CC/TA	1	1.34e-05	0	2.06793626518884e-09	0.999999979394186
rs1533445	164	0.237	CT/TC	1	0.133	NA	NA	NA
rs56695781	164	0.556	CT/TG	1	1.29e-05	0	2.14433672227728e-09	0.999999973145667
rs4420814	167	0.559	CC/TT	1	1.36e-05	0	2.03891692417631e-09	0.999999981433103
rs9865995	167	0.164	CG/TA	1	0.0621	NA	NA	NA
rs28671336	168	0.237	CG/TC	1	0.128	NA	NA	NA
rs9871184	168	0.164	CG/TA	1	0.0635	NA	NA	NA
rs11713817	169	0.559	CA/TG	1	1.32e-05	0	2.09781634483593e-09	0.999999975243483
rs115050567	169	0.165	CG/TC	1	0.0557	NA	NA	NA
rs28877307	169	0.559	CA/TG	1	1.33e-05	0	2.0827663183791e-09	0.99999997732625
rs9878031	171	0.237	CC/TT	1	0.149	NA	NA	NA
rs7621932	171	0.559	CT/TC	1	1.53e-05	0	1.82229276288653e-09	0.999999988780928
rs7633629	171	0.559	CA/TT	1	1.53e-05	0	1.82229276288653e-09	0.999999985136342
rs9858560	171	0.164	CC/TT	1	0.0605	NA	NA	NA
rs4600775	171	0.237	CT/TC	1	0.131	NA	NA	NA
rs13433683	172	0.164	CT/TC	1	0.0596	NA	NA	NA
rs7639692	173	0.237	CC/TT	1	0.141	NA	NA	NA
rs2176269	174	0.164	CG/TA	1	0.0595	NA	NA	NA
rs60574021	174	0.556	CG/TC	1	9.54e-06	0	2.86021637143037e-09	0.99999997100133
rs938524	175	0.237	CA/TG	1	0.181	NA	NA	NA
rs9809988	176	0.188	CC/TG	1	0.0907	NA	NA	NA
rs28458819	176	0.556	CG/TA	1	1.48e-05	0	1.88094656177397e-09	0.999999983314049
rs2031031	177	0.556	CT/TC	1	1.53e-05	0	1.82229276288653e-09	0.999999986958635
rs9835571	177	0.206	CG/TT	1	0.0984	NA	NA	NA
rs1971397	181	0.657	CG/TC	1	1.79e-06	0	1.4215123244247e-08	0.999999897113074
rs6795628	182	0.553	CA/TG	1	1.55e-05	0	1.79986887410199e-09	0.999999990580797
rs13314932	182	0.204	CT/TC	1	0.0955	NA	NA	NA
rs6802291	184	0.553	CT/TC	1	1.55e-05	0	1.79986887410199e-09	0.999999992380665
rs35096613	185	0.188	CG/TA	1	0.098	NA	NA	NA
rs9757179	185	0.553	CG/TT	1	1.71e-05	0	1.63898780662401e-09	0.999999997554732
rs9850364	185	0.189	CT/TC	1	0.0841	NA	NA	NA
rs4678441	187	0.553	CC/TT	1	1.56e-05	0	1.78886802752248e-09	0.999999994169533
rs4678442	187	0.553	CG/TA	1	1.6e-05	0	1.7462112011451e-09	0.999999995915745
rs4678443	187	0.206	CT/TA	1	0.0825	NA	NA	NA
rs9860879	187	0.188	CT/TA	1	0.0944	NA	NA	NA
rs9828976	191	0.189	CC/TG	1	0.0989	NA	NA	NA
rs6439663	191	0.206	CC/TT	1	0.117	NA	NA	NA
rs6439664	191	0.206	CA/TG	1	0.118	NA	NA	NA
rs1400263	192	0.206	CT/TC	1	0.121	NA	NA	NA
rs6763369	192	0.206	CT/TG	1	0.12	NA	NA	NA
rs6439667	193	0.206	CC/TG	1	0.125	NA	NA	NA
rs4678444	193	0.206	CG/TC	1	0.122	NA	NA	NA
rs4678445	193	0.206	CA/TC	1	0.124	NA	NA	NA
rs9682106	193	0.204	CA/TC	1	0.129	NA	NA	NA
rs7614422	194	0.206	CC/TT	1	0.126	NA	NA	NA
rs4038076	195	0.204	CC/TT	1	0.126	NA	NA	NA
rs4038077	195	0.206	CC/TT	1	0.124	NA	NA	NA
rs62410363	195	0.104	CC/TT	1	0.0163	NA	NA	NA
rs12695653	196	0.206	CA/TC	1	0.121	NA	NA	NA
rs13080786	198	0.179	CA/TG	1	0.136	NA	NA	NA
rs7630571	200	0.206	CC/TT	1	0.13	NA	NA	NA
rs11924477	201	0.206	CG/TC	1	0.13	NA	NA	NA
rs1914048	201	0.206	CG/TA	1	0.13	NA	NA	NA
rs9821557	202	0.206	CG/TA	1	0.135	NA	NA	NA
rs9864926	203	0.209	CC/TG	1	0.117	NA	NA	NA
rs67782618	203	0.661	CC/TT	1	2.28e-06	0	1.12670737847442e-08	0.999999946799986
rs28761333	203	0.206	CT/TC	1	0.122	NA	NA	NA
rs9832045	203	0.204	CC/TA	1	0.127	NA	NA	NA
rs9819572	204	0.204	CC/TT	1	0.126	NA	NA	NA
rs9819743	204	0.206	CC/TT	1	0.128	NA	NA	NA
rs12497379	205	0.204	CC/TG	1	0.126	NA	NA	NA
rs9842577	205	0.206	CG/TA	1	0.128	NA	NA	NA
rs9880708	206	0.206	CG/TC	1	0.128	NA	NA	NA
rs4533585	206	0.206	CA/TG	1	0.128	NA	NA	NA
rs73230099	206	0.178	CA/TG	1	0.135	NA	NA	NA
rs9835096	207	0.204	CC/TT	1	0.128	NA	NA	NA
rs1406541	207	0.206	CA/TG	1	0.129	NA	NA	NA
rs1406540	208	0.206	CG/TA	1	0.129	NA	NA	NA
rs10935198	208	0.204	CG/TA	1	0.128	NA	NA	NA
rs9818397	210	0.204	CC/TT	1	0.127	NA	NA	NA
rs1569229	212	0.206	CA/TG	1	0.135	NA	NA	NA
rs1569228	213	0.204	CC/TT	1	0.119	NA	NA	NA
rs12486911	213	0.661	CG/TC	1	2.03e-06	0	1.25965642308854e-08	0.999999923339923
rs9849767	215	0.206	CA/TT	1	0.122	NA	NA	NA
rs73231903	215	0.181	CT/TA	1	0.148	NA	NA	NA
rs9834250	216	0.202	CG/TC	1	0.12	NA	NA	NA
rs6793966	216	0.206	CT/TC	1	0.122	NA	NA	NA
rs9289518	217	0.206	CG/TA	1	0.122	NA	NA	NA
rs9289519	217	0.206	CT/TC	1	0.122	NA	NA	NA
rs9289520	217	0.206	CT/TC	1	0.121	NA	NA	NA
rs10935199	217	0.661	CC/TG	1	2.1e-06	0	1.21929892206236e-08	0.999999935532912
rs6773117	218	0.204	CT/TA	1	0.12	NA	NA	NA
rs12491729	218	0.206	CA/TG	1	0.116	NA	NA	NA
rs12491730	218	0.206	CA/TG	1	0.121	NA	NA	NA
rs10470440	219	0.206	CC/TT	1	0.127	NA	NA	NA
rs2271684	219	0.206	CA/TG	1	0.127	NA	NA	NA
rs9860774	219	0.206	CG/TA	1	0.127	NA	NA	NA
rs9843352	220	0.206	CC/TT	1	0.127	NA	NA	NA
rs9861103	220	0.206	CG/TA	1	0.129	NA	NA	NA
rs9823565	220	0.206	CT/TC	1	0.128	NA	NA	NA
rs9847548	220	0.206	CA/TT	1	0.127	NA	NA	NA
rs12695654	222	0.206	CC/TT	1	0.131	NA	NA	NA
rs6766755	223	0.206	CA/TG	1	0.131	NA	NA	NA
rs2880767	223	0.206	CC/TG	1	0.13	NA	NA	NA
rs6439670	224	0.206	CT/TC	1	0.13	NA	NA	NA
rs4678448	225	0.206	CC/TT	1	0.125	NA	NA	NA
rs9817118	225	0.206	CG/TA	1	0.127	NA	NA	NA
rs9817132	225	0.206	CG/TA	1	0.125	NA	NA	NA
rs9817453	225	0.206	CG/TA	1	0.125	NA	NA	NA
rs9865545	227	0.206	CA/TG	1	0.122	NA	NA	NA
rs9827648	227	0.206	CG/TA	1	0.125	NA	NA	NA
rs1052618	228	0.204	CG/TA	1	0.125	NA	NA	NA
rs1052620	228	0.179	CC/TT	1	0.155	NA	NA	NA
rs6439671	230	0.206	CC/TT	1	0.129	NA	NA	NA
rs1805300	230	0.206	CG/TA	1	0.128	NA	NA	NA
rs17366234	231	0.661	CT/TC	1	2.86e-06	0	9.0642253529563e-09	0.999999955864212
rs2060303	232	0.206	CA/TG	1	0.135	NA	NA	NA
rs2031030	233	0.204	CG/TT	1	0.131	NA	NA	NA
rs6439672	233	0.208	CA/TC	1	0.0837	NA	NA	NA
rs9836807	234	0.208	CC/TA	1	0.0777	NA	NA	NA
rs938525	236	0.207	CT/TC	1	0.0759	NA	NA	NA
rs6777816	237	0.207	CT/TC	1	0.0762	NA	NA	NA
rs28564581	237	0.205	CC/TG	1	0.0769	NA	NA	NA
rs28672119	237	0.207	CC/TG	1	0.0761	NA	NA	NA
rs7429516	237	0.207	CT/TC	1	0.0761	NA	NA	NA
rs9819804	238	0.205	CT/TC	1	0.0743	NA	NA	NA
rs7649211	238	0.205	CC/TA	1	0.0747	NA	NA	NA
rs7627298	238	0.205	CT/TC	1	0.0747	NA	NA	NA
rs7627443	238	0.205	CC/TG	1	0.0782	NA	NA	NA
rs6797509	239	0.205	CC/TT	1	0.078	NA	NA	NA
rs12630955	240	0.205	CC/TT	1	0.0776	NA	NA	NA
rs9878464	240	0.205	CG/TC	1	0.0737	NA	NA	NA
rs34799319	240	0.661	CA/TG	1	1.87e-06	0	1.36302852761259e-08	0.999999910743359
rs9883108	241	0.205	CC/TG	1	0.0731	NA	NA	NA
rs35760633	243	0.205	CC/TT	1	0.0784	NA	NA	NA
rs9818792	243	0.205	CT/TC	1	0.0766	NA	NA	NA
rs12487901	244	0.201	CA/TC	1	0.0744	NA	NA	NA
rs12330283	244	0.205	CT/TC	1	0.0778	NA	NA	NA
rs6786648	244	0.205	CT/TC	1	0.0783	NA	NA	NA
rs2117010	245	0.205	CT/TA	1	0.0738	NA	NA	NA
rs12637949	246	0.205	CC/TA	1	0.0735	NA	NA	NA
rs9834861	246	0.205	CA/TG	1	0.0735	NA	NA	NA
rs6439673	247	0.205	CG/TA	1	0.0719	NA	NA	NA
rs9883131	248	0.205	CG/TA	1	0.0741	NA	NA	NA
rs1865149	249	0.205	CA/TG	1	0.0806	NA	NA	NA
rs9870377	251	0.558	CG/TA	1	6.05e-06	0	4.42098615088893e-09	0.999999968141114
rs2031029	254	0.203	CA/TT	1	0.085	NA	NA	NA
rs9848867	254	0.203	CT/TC	1	0.0873	NA	NA	NA
rs9811169	254	0.203	CG/TA	1	0.0851	NA	NA	NA
rs7434143	254	0.182	CT/TG	1	0.159	NA	NA	NA
rs2343663	255	0.202	CG/TA	1	0.0851	NA	NA	NA
rs2343662	255	0.203	CA/TT	1	0.0783	NA	NA	NA
rs9874887	255	0.207	CA/TT	1	0.0787	NA	NA	NA
rs9855314	255	0.207	CA/TG	1	0.0771	NA	NA	NA
rs9859665	256	0.207	CT/TC	1	0.0773	NA	NA	NA
rs7617932	257	0.205	CA/TG	1	0.0786	NA	NA	NA
rs7629659	258	0.205	CC/TT	1	0.079	NA	NA	NA
rs7629882	258	0.205	CC/TT	1	0.0768	NA	NA	NA
rs9815771	258	0.207	CC/TT	1	0.0785	NA	NA	NA
rs11921170	260	0.207	CC/TT	1	0.0803	NA	NA	NA
rs9863551	260	0.207	CG/TA	1	0.0788	NA	NA	NA
rs9846691	260	0.207	CC/TT	1	0.0803	NA	NA	NA
rs12488365	260	0.207	CA/TC	1	0.0856	NA	NA	NA
rs9856828	262	0.207	CC/TT	1	0.08	NA	NA	NA
rs9838022	263	0.207	CT/TC	1	0.0788	NA	NA	NA
rs9841985	263	0.205	CG/TC	1	0.0796	NA	NA	NA
rs9842145	263	0.207	CT/TC	1	0.0795	NA	NA	NA
rs9842436	263	0.207	CA/TG	1	0.0791	NA	NA	NA
rs4678272	264	0.203	CT/TG	1	0.0755	NA	NA	NA
rs4678273	264	0.203	CC/TA	1	0.0799	NA	NA	NA
rs4678450	265	0.207	CA/TG	1	0.0816	NA	NA	NA
rs4678451	265	0.207	CC/TT	1	0.0804	NA	NA	NA
rs9853417	265	0.207	CA/TG	1	0.081	NA	NA	NA
rs9878367	266	0.207	CC/TT	1	0.081	NA	NA	NA
rs6784005	267	0.207	CG/TC	1	0.081	NA	NA	NA
rs9864941	268	0.205	CA/TG	1	0.0786	NA	NA	NA
rs35339486	268	0.207	CT/TC	1	0.0812	NA	NA	NA
rs9846334	269	0.207	CT/TC	1	0.0812	NA	NA	NA
rs1609391	269	0.657	CA/TG	1	1.1e-06	0	2.27038815817706e-08	0.99999988289795
rs7645773	272	0.207	CA/TG	1	0.0812	NA	NA	NA
rs9867325	273	0.179	CG/TC	1	0.14	NA	NA	NA
rs6783508	273	0.207	CG/TA	1	0.0808	NA	NA	NA
rs9878117	275	0.207	CA/TG	1	0.0808	NA	NA	NA
rs2138540	275	0.207	CC/TT	1	0.0808	NA	NA	NA
rs9840500	275	0.179	CA/TG	1	0.139	NA	NA	NA
rs2138541	275	0.207	CA/TT	1	0.0803	NA	NA	NA
rs4678452	276	0.207	CC/TA	1	0.0881	NA	NA	NA
rs6800032	276	0.207	CT/TC	1	0.119	NA	NA	NA
rs6800690	277	0.318	CA/TG	1	0.0986	NA	NA	NA
rs6803618	278	0.318	CT/TC	1	0.0994	NA	NA	NA
rs1819095	278	0.318	CC/TT	1	0.0961	NA	NA	NA
rs35127615	279	0.162	CG/TA	1	0.76	NA	NA	NA
rs7651085	279	0.318	CG/TC	1	0.0982	NA	NA	NA
rs6439675	279	0.318	CA/TG	1	0.0984	NA	NA	NA
rs6761993	280	0.318	CT/TC	1	0.0986	NA	NA	NA
rs1347209	280	0.318	CT/TG	1	0.101	NA	NA	NA
rs9817967	283	0.312	CA/TG	1	0.104	NA	NA	NA
rs9859810	284	0.315	CG/TA	1	0.104	NA	NA	NA
rs9828009	285	0.312	CT/TC	1	0.1	NA	NA	NA
rs9837990	287	0.315	CG/TC	1	0.101	NA	NA	NA
rs2117009	287	0.315	CT/TA	1	0.0983	NA	NA	NA
rs9881139	288	0.315	CG/TA	1	0.0958	NA	NA	NA
rs28489326	288	0.11	CT/TC	1	0.11	NA	NA	NA
rs9289523	289	0.318	CG/TC	1	0.0945	NA	NA	NA
rs17366890	290	0.162	CC/TA	1	0.93	NA	NA	NA
rs28370972	290	0.104	CT/TC	1	0.136	NA	NA	NA
rs9879531	293	0.188	CA/TG	1	0.119	NA	NA	NA
rs4678274	293	0.205	CG/TT	1	0.103	NA	NA	NA
rs6783999	297	0.207	CT/TC	1	0.105	NA	NA	NA
rs7431100	299	0.207	CA/TG	1	0.104	NA	NA	NA
rs9846754	299	0.207	CA/TG	1	0.115	NA	NA	NA
rs9883979	299	0.207	CG/TA	1	0.104	NA	NA	NA
rs1971788	300	0.205	CT/TG	1	0.103	NA	NA	NA
rs4594566	300	0.207	CT/TC	1	0.106	NA	NA	NA
rs9851726	300	0.207	CG/TC	1	0.105	NA	NA	NA
rs3772388	301	0.196	CG/TA	1	0.0823	NA	NA	NA
rs3772387	301	0.205	CA/TG	1	0.102	NA	NA	NA
rs3856623	302	0.207	CT/TC	1	0.104	NA	NA	NA
rs3915455	302	0.207	CC/TT	1	0.104	NA	NA	NA
rs1965106	302	0.205	CC/TT	1	0.104	NA	NA	NA
rs1965108	302	0.205	CA/TG	1	0.103	NA	NA	NA
rs7648817	303	0.202	CT/TC	1	0.102	NA	NA	NA
rs7651644	304	0.202	CA/TG	1	0.102	NA	NA	NA
rs10935210	305	0.203	CG/TA	1	0.105	NA	NA	NA
rs1965109	305	0.203	CC/TG	1	0.103	NA	NA	NA
rs1344790	306	0.203	CC/TA	1	0.105	NA	NA	NA
rs7611847	307	0.203	CG/TT	1	0.104	NA	NA	NA
rs7647451	308	0.207	CG/TC	1	0.103	NA	NA	NA
rs3963921	308	0.207	CT/TC	1	0.1	NA	NA	NA
rs6782716	309	0.207	CG/TA	1	0.103	NA	NA	NA
rs6771717	309	0.207	CC/TT	1	0.102	NA	NA	NA
rs13315318	309	0.207	CC/TT	1	0.103	NA	NA	NA
rs6786302	310	0.207	CG/TA	1	0.103	NA	NA	NA
rs9877089	310	0.144	CC/TT	1	0.162	NA	NA	NA
rs6775389	314	0.207	CT/TC	1	0.107	NA	NA	NA
rs9842400	314	0.207	CC/TT	1	0.105	NA	NA	NA
rs4678276	315	0.207	CT/TG	1	0.104	NA	NA	NA
rs3845925	316	0.207	CA/TG	1	0.102	NA	NA	NA
rs9833952	316	0.207	CA/TG	1	0.102	NA	NA	NA
rs7636956	317	0.207	CG/TA	1	0.103	NA	NA	NA
rs1433318	320	0.207	CT/TC	1	0.104	NA	NA	NA
rs1433319	320	0.207	CG/TA	1	0.114	NA	NA	NA
rs856662	322	0.207	CC/TT	1	0.0888	NA	NA	NA
rs835647	323	0.207	CT/TC	1	0.0968	NA	NA	NA
rs835648	325	0.231	CT/TA	1	0.0294	NA	NA	NA
rs7648198	326	0.295	CA/TC	1	0.00144	NA	NA	NA
rs835649	326	0.522	CA/TG	1	2.68e-05	0	1.06859725567742e-09	0.99999999862333
rs835637	327	0.526	CT/TA	1	3.25e-05	0	8.89636133488569e-10	0.999999999512966
rs835636	328	0.455	CC/TA	1	0.00041	0	8.15315360120849e-11	1
rs9845076	369	0.302	CC/TT	1	0.000248	NA	NA	NA
rs361231	371	0.326	CT/TC	1	0.00011	NA	NA	NA
rs112895895	375	0.309	CC/TT	1	0.00013	NA	NA	NA
rs835652	380	0.309	CA/TG	1	0.000149	NA	NA	NA
rs835651	380	0.309	CC/TT	1	0.00015	NA	NA	NA
rs9876131	381	0.301	CG/TA	1	0.000203	NA	NA	NA
rs9875855	381	0.301	CC/TA	1	0.000224	NA	NA	NA
rs361232	382	0.305	CC/TG	1	0.000207	NA	NA	NA
rs361233	382	0.309	CC/TG	1	0.00016	NA	NA	NA
rs361234	382	0.305	CC/TT	1	0.00019	NA	NA	NA
rs361235	383	0.307	CT/TG	1	0.000185	NA	NA	NA
rs108858	384	0.309	CT/TC	1	0.000132	NA	NA	NA
rs13095028	384	0.302	CG/TT	1	0.000183	NA	NA	NA
rs13095034	384	0.302	CA/TT	1	0.000185	NA	NA	NA
rs2117008	386	0.292	CC/TT	1	7.35e-05	NA	NA	NA
rs1682361	388	0.295	CC/TG	1	4.68e-05	NA	NA	NA
rs1682362	389	0.289	CA/TG	1	4.72e-05	NA	NA	NA
rs1682363	390	0.291	CT/TC	1	4.25e-05	NA	NA	NA
rs1682366	392	0.289	CT/TC	1	3.88e-05	NA	NA	NA
rs999038	393	0.291	CA/TT	1	4.73e-05	NA	NA	NA
rs1385306	393	0.289	CG/TC	1	5.83e-05	NA	NA	NA
rs1654900	394	0.289	CG/TA	1	6.12e-05	NA	NA	NA
rs1682365	395	0.291	CG/TA	1	5.62e-05	NA	NA	NA
rs1682364	395	0.291	CC/TG	1	5.47e-05	NA	NA	NA
rs1654901	395	0.291	CG/TA	1	5.79e-05	NA	NA	NA
rs55781515	395	0.291	CT/TC	1	5.81e-05	NA	NA	NA
rs835627	396	0.293	CA/TC	1	5.51e-05	NA	NA	NA
rs361227	396	0.291	CG/TA	1	6.01e-05	NA	NA	NA
rs835628	397	0.291	CC/TT	1	5.76e-05	NA	NA	NA
rs361228	398	0.291	CA/TG	1	5.86e-05	NA	NA	NA
rs361229	398	0.291	CC/TA	1	5.8e-05	NA	NA	NA
rs181732	398	0.289	CG/TT	1	7.25e-05	NA	NA	NA
rs835629	399	0.291	CC/TT	1	5.94e-05	NA	NA	NA
rs835630	400	0.291	CA/TG	1	5.9e-05	NA	NA	NA
rs835631	400	0.289	CC/TA	1	7.02e-05	NA	NA	NA
rs9850024	400	0.295	CG/TA	1	5.74e-05	NA	NA	NA
rs7640951	400	0.295	CG/TA	1	5.42e-05	NA	NA	NA
rs9854795	401	0.291	CG/TC	1	5.12e-05	NA	NA	NA
rs9874615	401	0.291	CT/TC	1	5.05e-05	NA	NA	NA
rs6439677	403	0.328	CT/TG	1	1.78e-05	NA	NA	NA
rs900947	405	0.322	CA/TT	1	3.33e-05	NA	NA	NA
rs900948	405	0.322	CA/TG	1	3.27e-05	NA	NA	NA
rs900949	405	0.322	CT/TG	1	3.31e-05	NA	NA	NA
rs900950	406	0.322	CG/TC	1	3.3e-05	NA	NA	NA
rs2086880	406	0.32	CC/TT	1	2.78e-05	NA	NA	NA
rs9827066	406	0.32	CT/TC	1	3.45e-05	NA	NA	NA
rs4678278	407	0.318	CT/TG	1	3.45e-05	NA	NA	NA
rs7646307	407	0.318	CG/TA	1	3.2e-05	NA	NA	NA
rs6802479	408	0.316	CC/TG	1	3.04e-05	NA	NA	NA
rs6766766	408	0.318	CT/TC	1	3.14e-05	NA	NA	NA
rs6766858	408	0.318	CT/TA	1	3.12e-05	NA	NA	NA
rs9817061	408	0.289	CC/TT	1	0.000108	NA	NA	NA
rs9869995	409	0.17	CC/TA	1	0.052	NA	NA	NA
rs1470142	410	0.255	CA/TG	1	0.00261	NA	NA	NA
rs6439678	410	0.257	CA/TG	1	0.00266	NA	NA	NA
rs6439679	411	0.266	CC/TT	1	0.00417	NA	NA	NA
rs4678280	413	0.266	CT/TC	1	0.00411	NA	NA	NA
rs4678281	413	0.253	CC/TT	1	0.00301	NA	NA	NA
rs7651736	414	0.374	CG/TA	1	2e-04	NA	NA	NA
rs6772642	415	0.151	CT/TC	1	0.00988	NA	NA	NA
rs9845921	415	0.113	CT/TG	1	0.0274	NA	NA	NA
rs6763000	415	0.28	CC/TG	1	0.000618	NA	NA	NA
rs6439680	417	0.159	CT/TG	1	0.00234	NA	NA	NA
rs894005	419	0.14	CT/TG	1	0.0253	NA	NA	NA
rs9840202	423	0.1	CC/TA	1	0.436	NA	NA	NA
rs4260346	423	0.1	CG/TA	1	0.436	NA	NA	NA
rs4678282	423	0.103	CT/TC	1	0.419	NA	NA	NA
rs4678283	423	0.1	CC/TT	1	0.438	NA	NA	NA
rs4678220	423	0.1	CA/TG	1	0.427	NA	NA	NA
rs4678221	424	0.1	CT/TG	1	0.431	NA	NA	NA
rs4678222	424	0.113	CA/TG	1	0.838	NA	NA	NA
rs6791533	424	0.103	CG/TA	1	0.454	NA	NA	NA
rs9818478	426	0.259	CA/TG	1	0.00617	NA	NA	NA
rs9856620	426	0.257	CG/TA	1	0.00676	NA	NA	NA
rs1017491	430	0.204	CA/TG	1	0.00798	NA	NA	NA
rs9870582	434	0.253	CG/TA	1	0.0137	NA	NA	NA
rs6808049	435	0.258	CT/TG	1	0.00926	NA	NA	NA
rs6808051	435	0.258	CT/TC	1	0.00876	NA	NA	NA
rs9882135	436	0.26	CC/TT	1	0.00881	NA	NA	NA
rs1484787	437	0.204	CC/TT	1	0.00698	NA	NA	NA
rs7646139	437	0.204	CC/TT	1	0.00675	NA	NA	NA
rs1470143	438	0.203	CA/TG	1	0.00666	NA	NA	NA
rs6781928	439	0.206	CA/TC	1	0.00644	NA	NA	NA
rs1023765	440	0.204	CG/TA	1	0.00561	NA	NA	NA
rs6773448	440	0.26	CT/TC	1	0.00757	NA	NA	NA
rs9874836	440	0.26	CG/TA	1	0.00759	NA	NA	NA
rs9826507	445	0.258	CG/TA	1	0.00674	NA	NA	NA
rs9838513	449	0.207	CT/TC	1	0.00525	NA	NA	NA
rs9818918	449	0.203	CG/TT	1	0.00546	NA	NA	NA
rs9819250	449	0.262	CC/TA	1	0.00565	NA	NA	NA
rs9289525	454	0.247	CT/TC	1	0.0109	NA	NA	NA
rs1351892	455	0.195	CC/TA	1	0.00436	NA	NA	NA
rs13098923	457	0.242	CT/TA	1	0.0111	NA	NA	NA
rs7627723	458	0.245	CT/TC	1	0.0109	NA	NA	NA
rs6769622	458	0.238	CG/TA	1	0.0136	NA	NA	NA
rs6439683	458	0.195	CG/TA	1	0.00591	NA	NA	NA
rs1484794	459	0.199	CA/TG	1	0.00603	NA	NA	NA
rs9822931	460	0.246	CG/TA	1	0.0135	NA	NA	NA
rs9843219	460	0.247	CT/TG	1	0.0115	NA	NA	NA
rs6806914	462	0.26	CA/TG	1	0.00989	NA	NA	NA
rs6807138	462	0.2	CA/TG	1	0.00672	NA	NA	NA
rs4678286	463	0.195	CA/TG	1	0.00592	NA	NA	NA
rs969329	464	0.195	CA/TG	1	0.00602	NA	NA	NA
rs3899122	464	0.195	CC/TT	1	0.00493	NA	NA	NA
rs6439685	465	0.193	CG/TT	1	0.00588	NA	NA	NA
rs6439686	465	0.193	CC/TA	1	0.00576	NA	NA	NA
rs9843104	469	0.208	CG/TC	1	0.00375	NA	NA	NA
rs6795587	470	0.204	CC/TT	1	0.361	NA	NA	NA
rs9810065	477	0.176	CC/TA	1	0.171	NA	NA	NA
rs1484792	487	0.182	CG/TA	1	0.2	NA	NA	NA
rs1484790	487	0.182	CG/TA	1	0.183	NA	NA	NA
rs9855204	489	0.185	CA/TG	1	0.193	NA	NA	NA
rs9881036	499	0.176	CA/TG	1	0.138	NA	NA	NA
rs34286321	506	0.104	CT/TG	1	0.00562	NA	NA	NA
rs4678292	506	0.189	CC/TT	1	0.177	NA	NA	NA
rs13064358	513	0.114	CG/TA	1	0.327	NA	NA	NA
rs13083219	517	0.118	CA/TC	1	0.367	NA	NA	NA
rs1440698	519	0.104	CG/TA	1	0.0041	NA	NA	NA
rs13068632	519	0.108	CA/TT	1	0.289	NA	NA	NA
rs11917260	520	0.116	CG/TA	1	0.265	NA	NA	NA
rs11708831	521	0.104	CA/TG	1	0.00547	NA	NA	NA
rs7647718	521	0.104	CG/TA	1	0.00522	NA	NA	NA
rs73217000	522	0.104	CT/TG	1	0.00461	NA	NA	NA
rs9833382	522	0.116	CC/TG	1	0.255	NA	NA	NA
rs1899207	523	0.104	CA/TG	1	0.00447	NA	NA	NA
rs11720901	524	0.104	CC/TA	1	0.00533	NA	NA	NA
