SNP	KB	R2	Alleles	F	P	inCredible	probNorm	cumSum
rs11090045	0	1	A	1	9.73e-12	1	0.611411144089242	0.611411144089242
rs9619869	-935	0.132	AA/GG	1	0.282	NA	NA	NA
rs1883473	-816	0.119	AT/GC	1	0.182	NA	NA	NA
rs7289389	-814	0.134	AT/GA	1	0.105	NA	NA	NA
rs9623184	-806	0.132	AT/GC	1	0.0899	NA	NA	NA
rs9619878	-790	0.13	AC/GG	1	0.0945	NA	NA	NA
rs133067	-679	0.105	AC/GT	1	0.00327	NA	NA	NA
rs80533	-668	0.164	AA/GG	1	8.49e-05	NA	NA	NA
rs142915682	-591	0.108	AA/GG	1	0.667	NA	NA	NA
rs13054099	-538	0.277	AC/GT	1	2.8e-07	NA	NA	NA
rs138333	-537	0.107	AT/GC	1	0.000277	NA	NA	NA
rs138335	-527	0.119	AG/GC	1	0.644	NA	NA	NA
rs138337	-523	0.107	AG/GA	1	0.000252	NA	NA	NA
rs138344	-509	0.107	AG/GC	1	0.000271	NA	NA	NA
rs138346	-506	0.123	AG/GA	1	0.544	NA	NA	NA
rs138347	-506	0.123	AG/GA	1	0.545	NA	NA	NA
rs138349	-504	0.123	AG/GA	1	0.639	NA	NA	NA
rs76793398	-493	0.139	AT/GC	1	0.18	NA	NA	NA
rs138352	-485	0.123	AG/GT	1	0.787	NA	NA	NA
rs4821976	-470	0.103	AG/GA	1	0.000323	NA	NA	NA
rs2899341	-429	0.105	AG/GA	1	0.000314	NA	NA	NA
rs74520475	-414	0.139	AG/GT	1	0.15	NA	NA	NA
rs2413631	-394	0.256	AA/GG	1	5.96e-08	NA	NA	NA
rs5758153	-371	0.116	AG/GT	1	0.519	NA	NA	NA
rs144960271	-364	0.115	AT/GC	1	0.38	NA	NA	NA
rs960596	-360	0.139	AC/GT	1	0.439	NA	NA	NA
rs5751020	-359	0.106	AC/GT	1	0.0938	NA	NA	NA
rs117820404	-356	0.138	AA/GG	1	0.242	NA	NA	NA
rs5758168	-354	0.103	AG/GA	1	0.00464	NA	NA	NA
rs5758169	-354	0.101	AA/GC	1	0.00821	NA	NA	NA
rs5758171	-352	0.103	AG/GA	1	0.101	NA	NA	NA
rs5758172	-352	0.101	AA/GG	1	0.00531	NA	NA	NA
rs9611452	-352	0.101	AT/GC	1	0.00514	NA	NA	NA
rs5758174	-350	0.111	AT/GC	1	0.0118	NA	NA	NA
rs5758175	-350	0.111	AG/GA	1	0.0147	NA	NA	NA
rs5758176	-350	0.109	AC/GG	1	0.0097	NA	NA	NA
rs5758177	-350	0.107	AA/GG	1	0.0091	NA	NA	NA
rs743001	-349	0.122	AT/GA	1	0.00355	NA	NA	NA
rs13056300	-345	0.426	AC/GT	1	9.63e-08	0	7.79416238389195e-05	0.99979108359487
rs9611454	-344	0.143	AC/GT	1	0.35	NA	NA	NA
rs9607764	-342	0.321	AC/GG	1	0.00106	NA	NA	NA
rs9611455	-341	0.325	AT/GC	1	0.00105	NA	NA	NA
rs8138917	-341	0.323	AC/GT	1	0.001	NA	NA	NA
rs8138349	-341	0.323	AT/GC	1	0.000987	NA	NA	NA
rs8138520	-341	0.323	AG/GA	1	0.00101	NA	NA	NA
rs5758186	-340	0.166	AT/GC	1	0.103	NA	NA	NA
rs9611457	-340	0.323	AG/GC	1	0.000931	NA	NA	NA
rs9611459	-340	0.477	AA/GG	1	2.68e-09	1	0.00252561311701166	0.985193658941458
rs5751028	-339	0.165	AG/GA	1	0.112	NA	NA	NA
rs5751029	-339	0.165	AC/GT	1	0.112	NA	NA	NA
rs8135225	-338	0.323	AC/GA	1	0.000891	NA	NA	NA
rs9607765	-338	0.476	AT/GC	1	1.78e-09	1	0.0037625704988313	0.944564335288435
rs4821980	-338	0.323	AG/GC	1	0.000921	NA	NA	NA
rs4821981	-338	0.323	AT/GG	1	0.000942	NA	NA	NA
rs8139770	-337	0.319	AT/GC	1	0.000798	NA	NA	NA
rs926914	-335	0.487	AT/GC	1	2.31e-09	1	0.00291883537087301	0.971821160622248
rs9611460	-335	0.433	AC/GT	1	3.81e-09	1	0.00179310767641907	0.988950687768087
rs75723348	-333	0.487	AG/GT	1	1.79e-09	1	0.00374208729807928	0.948306422586515
rs9611462	-330	0.169	AG/GC	1	0.0679	NA	NA	NA
rs9611465	-327	0.488	AA/GG	1	2.47e-09	1	0.00273451535513532	0.977334023490144
rs9611466	-327	0.488	AT/GA	1	2.43e-09	1	0.00277834751275998	0.974599508135008
rs9611467	-327	0.488	AT/GC	1	2.04e-09	1	0.00329454569299857	0.968902325251375
rs9607768	-326	0.488	AA/GG	1	1.38e-09	1	0.00482184723227644	0.91916793146316
rs12484477	-325	0.484	AA/GG	1	1.25e-09	1	0.00531005408528291	0.874096766712733
rs2899343	-324	0.171	AC/GT	1	0.0618	NA	NA	NA
rs5758193	-324	0.171	AC/GT	1	0.0612	NA	NA	NA
rs4820423	-323	0.484	AT/GA	1	1.11e-09	1	0.00596200074573719	0.829304802714578
rs4820426	-322	0.48	AT/GC	1	1.04e-09	1	0.00635294752146594	0.804516699591563
rs4821982	-321	0.48	AT/GC	1	1.04e-09	1	0.00635294752146594	0.798163752070097
rs4820427	-321	0.292	AC/GG	1	0.00562	NA	NA	NA
rs9611469	-320	0.491	AC/GT	1	1.18e-09	1	0.00561691993389825	0.85782377055066
rs73174657	-319	0.491	AA/GG	1	1.9e-09	1	0.00353083653621712	0.955579346420811
rs112779734	-319	0.441	AC/GT	1	7.36e-08	0	0.000101115062754068	0.99943668813475
rs9607769	-319	0.491	AA/GG	1	2.49e-09	1	0.0027131209311532	0.980047144421297
rs9611474	-319	0.491	AA/GG	1	1.99e-09	1	0.003375164902887	0.958954511323698
rs8135524	-317	0.329	AC/GT	1	0.000897	NA	NA	NA
rs4821984	-317	0.329	AT/GA	1	0.00101	NA	NA	NA
rs73174660	-316	0.499	AC/GT	1	1.27e-09	1	0.00522851939636429	0.884594253165108
rs4821989	-316	0.499	AT/GC	1	9.95e-10	1	0.00663295606767274	0.785210190140787
rs4821990	-315	0.499	AG/GT	1	9.15e-10	1	0.00719789294929666	0.737160523598614
rs12484971	-314	0.496	AT/GA	1	9.12e-10	1	0.00722098271291752	0.729962630649317
rs9754487	-314	0.329	AG/GA	1	0.00098	NA	NA	NA
rs7286603	-314	0.329	AC/GT	1	0.00101	NA	NA	NA
rs13055800	-313	0.499	AA/GG	1	9.72e-10	1	0.00678596180516582	0.765032432024627
rs4821991	-313	0.499	AC/GT	1	9.72e-10	1	0.00678596180516582	0.771818393829792
rs8137906	-311	0.329	AG/GA	1	0.000973	NA	NA	NA
rs12484525	-310	0.329	AC/GG	1	0.00111	NA	NA	NA
rs1967708	-309	0.321	AC/GG	1	0.00108	NA	NA	NA
rs6002239	-305	0.321	AC/GT	1	0.0012	NA	NA	NA
rs8142874	-303	0.481	AA/GG	1	1.31e-09	1	0.00507283182620917	0.89481656815565
rs8138132	-302	0.186	AA/GC	1	0.0184	NA	NA	NA
rs28814423	-301	0.477	AA/GG	1	1.04e-09	1	0.00635294752146594	0.810869647113029
rs9619935	-298	0.481	AG/GC	1	1.16e-09	1	0.0057113147912953	0.840926211914215
rs9611486	-295	0.474	AG/GC	1	3.47e-09	1	0.00196392115020977	0.987157580091668
rs13053242	-294	0.481	AA/GG	1	1.22e-09	1	0.00543730736098149	0.86878671262745
rs9611487	-293	0.477	AT/GC	1	9.32e-10	1	0.00706982609710877	0.751300175792831
rs73424602	-292	0.327	AT/GC	1	0.00136	NA	NA	NA
rs5758209	-292	0.226	AT/GG	1	1.3e-05	NA	NA	NA
rs9306351	-292	0.192	AG/GA	1	0.039	NA	NA	NA
rs9611488	-291	0.489	AT/GG	1	1.07e-09	1	0.00617920987084987	0.823342801968841
rs4821998	-285	0.489	AG/GC	1	4.93e-10	1	0.0131590104879505	0.684503189079589
rs12485034	-284	0.485	AG/GA	1	4.36e-10	1	0.0148355552543329	0.643940540486921
rs4821999	-284	0.272	AG/GA	1	4.23e-05	NA	NA	NA
rs5758212	-283	0.134	AA/GG	1	0.0107	NA	NA	NA
rs8136923	-283	0.492	AA/GG	1	4.58e-10	1	0.0141395864840907	0.658080126971012
rs5751033	-283	0.132	AC/GT	1	0.011	NA	NA	NA
rs4822000	-283	0.259	AC/GT	1	1.56e-05	NA	NA	NA
rs8142276	-282	0.274	AC/GT	1	4.2e-05	NA	NA	NA
rs8141730	-281	0.278	AG/GA	1	4.2e-05	NA	NA	NA
rs9607771	-280	0.492	AA/GG	1	3.64e-10	1	0.0176938411433458	0.629104985232588
rs7290458	-277	0.274	AC/GT	1	4.68e-05	NA	NA	NA
rs7289989	-277	0.274	AC/GA	1	4.66e-05	NA	NA	NA
rs9623320	-275	0.488	AA/GG	1	4.89e-10	1	0.0132640516206261	0.671344178591638
rs5758216	-274	0.124	AC/GG	1	0.0146	NA	NA	NA
rs5751038	-269	0.138	AC/GA	1	0.0135	NA	NA	NA
rs5758222	-267	0.106	AA/GG	1	0.0302	NA	NA	NA
rs5995992	-266	0.499	AC/GT	1	1.12e-09	1	0.00591009440834147	0.83521489712292
rs4822002	-266	0.133	AA/GG	1	0.00271	NA	NA	NA
rs61342075	-265	0.106	AC/GT	1	0.0336	NA	NA	NA
rs2267424	-264	0.132	AA/GC	1	0.00333	NA	NA	NA
rs766314	-263	0.129	AC/GG	1	0.00275	NA	NA	NA
rs5751040	-262	0.13	AC/GT	1	0.00275	NA	NA	NA
rs9607772	-261	0.133	AA/GG	1	0.00319	NA	NA	NA
rs738628	-260	0.133	AT/GC	1	0.00332	NA	NA	NA
rs2899344	-259	0.139	AT/GC	1	0.00279	NA	NA	NA
rs5751042	-258	0.137	AA/GG	1	0.0033	NA	NA	NA
rs5995993	-258	0.137	AA/GT	1	0.00346	NA	NA	NA
rs11090039	-257	0.514	AA/GG	1	9.32e-10	1	0.00706982609710877	0.744230349695722
rs17002284	-257	0.106	AA/GG	1	0.0343	NA	NA	NA
rs5758228	-256	0.139	AG/GA	1	0.0028	NA	NA	NA
rs2024717	-256	0.139	AT/GC	1	0.00277	NA	NA	NA
rs7286979	-255	0.106	AG/GA	1	0.0278	NA	NA	NA
rs2267425	-252	0.139	AC/GG	1	0.00283	NA	NA	NA
rs4822004	-251	0.139	AG/GT	1	0.00265	NA	NA	NA
rs6002260	-251	0.106	AA/GG	1	0.0273	NA	NA	NA
rs5758231	-250	0.137	AG/GC	1	0.0031	NA	NA	NA
rs5751046	-247	0.106	AA/GG	1	0.028	NA	NA	NA
rs9611497	-246	0.137	AG/GA	1	0.003	NA	NA	NA
rs5995996	-245	0.133	AG/GT	1	0.00322	NA	NA	NA
rs13058113	-245	0.503	AT/GG	1	1.49e-09	1	0.00447455492952283	0.928206629131404
rs6002262	-244	0.134	AG/GC	1	0.00252	NA	NA	NA
rs738629	-243	0.134	AT/GG	1	0.00317	NA	NA	NA
rs738630	-242	0.128	AC/GT	1	0.00182	NA	NA	NA
rs738631	-242	0.13	AA/GG	1	0.00186	NA	NA	NA
rs112624735	-241	0.106	AC/GT	1	0.0456	NA	NA	NA
rs2064558	-241	0.133	AA/GG	1	0.00245	NA	NA	NA
rs2144342	-241	0.133	AT/GG	1	0.00249	NA	NA	NA
rs4822005	-239	0.133	AA/GG	1	0.00236	NA	NA	NA
rs5758237	-238	0.133	AG/GT	1	0.00229	NA	NA	NA
rs5758238	-234	0.133	AA/GG	1	0.00216	NA	NA	NA
rs4822006	-234	0.133	AC/GT	1	0.00225	NA	NA	NA
rs5758240	-232	0.134	AC/GT	1	0.00189	NA	NA	NA
rs738632	-230	0.139	AG/GA	1	0.00216	NA	NA	NA
rs113673125	-225	0.106	AT/GG	1	0.0492	NA	NA	NA
rs2064560	-224	0.51	AG/GA	1	1.67e-09	1	0.00400387084859043	0.940801764789604
rs5758242	-222	0.106	AA/GG	1	0.0579	NA	NA	NA
rs4822007	-221	0.131	AC/GT	1	0.00234	NA	NA	NA
rs9611503	-219	0.506	AT/GC	1	9.76e-10	1	0.00675884024332126	0.778577234073114
rs4820428	-216	0.507	AG/GA	1	1.35e-09	1	0.00492626304265237	0.899742831198303
rs4822008	-214	0.507	AG/GC	1	1.46e-09	1	0.00456414273872139	0.923732074201882
rs4822010	-214	0.137	AC/GT	1	0.00219	NA	NA	NA
rs9611505	-213	0.507	AC/GT	1	1.36e-09	1	0.00489095208263677	0.904633783280939
rs1569857	-213	0.106	AC/GG	1	0.0482	NA	NA	NA
rs1569858	-213	0.135	AG/GA	1	0.00214	NA	NA	NA
rs2413637	-212	0.135	AC/GG	1	0.00222	NA	NA	NA
rs59568053	-210	0.106	AG/GA	1	0.0454	NA	NA	NA
rs75843224	-206	0.123	AA/GC	1	5.57e-06	NA	NA	NA
rs5751053	-206	0.138	AG/GC	1	0.0022	NA	NA	NA
rs20551	-206	0.514	AG/GA	1	9.49e-10	1	0.00694629442662966	0.758246470219461
rs6002268	-205	0.134	AC/GT	1	0.00219	NA	NA	NA
rs4820431	-204	0.133	AC/GA	1	0.00167	NA	NA	NA
rs4822011	-203	0.133	AT/GC	1	0.00251	NA	NA	NA
rs20552	-203	0.133	AA/GT	1	0.00249	NA	NA	NA
rs66776572	-201	0.106	AT/GG	1	0.0395	NA	NA	NA
rs1033611	-195	0.138	AG/GA	1	0.00201	NA	NA	NA
rs2057070	-189	0.511	AC/GT	1	1.29e-09	1	0.00514948316433272	0.889743736329441
rs5751058	-188	0.106	AA/GG	1	0.043	NA	NA	NA
rs9611509	-188	0.511	AG/GA	1	1.18e-09	1	0.00561691993389825	0.852206850616762
rs6002271	-187	0.504	AT/GC	1	1.2e-09	1	0.00552563471580827	0.863349405266469
rs12160751	-187	0.103	AC/GT	1	0.0395	NA	NA	NA
rs9607779	-187	0.14	AG/GA	1	0.00302	NA	NA	NA
rs5751060	-186	0.135	AT/GG	1	0.00202	NA	NA	NA
rs2076577	-185	0.138	AC/GT	1	0.00193	NA	NA	NA
rs9611510	-184	0.511	AC/GT	1	1.17e-09	1	0.00566371876864899	0.846589930682864
rs2076578	-184	0.105	AC/GT	1	0.0446	NA	NA	NA
rs2076580	-184	0.105	AG/GA	1	0.043	NA	NA	NA
rs2076581	-184	0.141	AC/GT	1	0.00205	NA	NA	NA
rs77339131	-183	0.158	AA/GG	1	3.25e-07	NA	NA	NA
rs5758251	-183	0.106	AT/GC	1	0.0379	NA	NA	NA
rs136394	-176	0.14	AG/GA	1	0.00231	NA	NA	NA
rs4408817	-173	0.141	AT/GC	1	0.00156	NA	NA	NA
rs6002277	-171	0.511	AC/GG	1	8.5e-10	1	0.00773421224958704	0.722741647936399
rs2143694	-169	0.106	AG/GA	1	0.0418	NA	NA	NA
rs2038208	-168	0.128	AG/GT	1	0.00218	NA	NA	NA
rs4822016	-167	0.131	AT/GC	1	0.00244	NA	NA	NA
rs9607782	-166	0.395	AA/GT	1	4.42e-11	NA	NA	NA
rs2092563	-161	0.499	AA/GG	1	1.26e-09	1	0.00526896705601105	0.879365733768744
rs11913442	-160	0.129	AT/GC	1	0.0033	NA	NA	NA
rs5758257	-160	0.129	AA/GG	1	0.00324	NA	NA	NA
rs5751061	-160	0.129	AG/GT	1	0.00305	NA	NA	NA
rs2038209	-159	0.13	AC/GT	1	0.00283	NA	NA	NA
rs136401	-158	0.129	AC/GA	1	0.00411	NA	NA	NA
rs8138990	-156	0.106	AA/GC	1	0.0502	NA	NA	NA
rs5758259	-156	0.13	AG/GC	1	0.00315	NA	NA	NA
rs5751062	-156	0.129	AC/GT	1	0.00366	NA	NA	NA
rs11703115	-155	0.106	AG/GA	1	0.0418	NA	NA	NA
rs136402	-155	0.499	AA/GG	1	1.37e-09	1	0.00485615047497223	0.909489933755911
rs78947368	-154	0.158	AG/GC	1	3.7e-07	NA	NA	NA
rs79546	-151	0.106	AA/GT	1	0.0422	NA	NA	NA
rs117279218	-149	0.158	AG/GC	1	3.12e-07	NA	NA	NA
rs139431	-149	0.141	AC/GT	1	0.00295	NA	NA	NA
rs4820432	-149	0.141	AA/GG	1	0.0028	NA	NA	NA
rs139432	-149	0.141	AG/GA	1	0.00295	NA	NA	NA
rs139433	-149	0.14	AC/GG	1	0.00273	NA	NA	NA
rs139434	-149	0.141	AA/GG	1	0.00286	NA	NA	NA
rs139435	-149	0.141	AG/GA	1	0.00292	NA	NA	NA
rs139436	-148	0.141	AG/GA	1	0.00293	NA	NA	NA
rs139437	-148	0.141	AT/GC	1	0.00291	NA	NA	NA
rs139438	-148	0.14	AC/GT	1	0.00287	NA	NA	NA
rs139439	-148	0.141	AA/GC	1	0.00289	NA	NA	NA
rs7290378	-147	0.141	AT/GC	1	0.00284	NA	NA	NA
rs7289286	-147	0.141	AA/GG	1	0.00319	NA	NA	NA
rs7289294	-147	0.141	AA/GG	1	0.00299	NA	NA	NA
rs7290545	-147	0.141	AT/GC	1	0.00293	NA	NA	NA
rs7289858	-147	0.141	AG/GC	1	0.00266	NA	NA	NA
rs7289861	-147	0.141	AG/GA	1	0.00266	NA	NA	NA
rs5758262	-147	0.141	AG/GA	1	0.00276	NA	NA	NA
rs139440	-147	0.141	AA/GG	1	0.00293	NA	NA	NA
rs139441	-147	0.141	AA/GG	1	0.00278	NA	NA	NA
rs4820433	-147	0.509	AG/GC	1	1.51e-09	1	0.00441678393441787	0.932623413065822
rs139445	-145	0.141	AT/GC	1	0.0031	NA	NA	NA
rs139446	-145	0.141	AG/GC	1	0.00278	NA	NA	NA
rs8141477	-145	0.141	AG/GT	1	0.00283	NA	NA	NA
rs12167677	-145	0.141	AC/GG	1	0.00278	NA	NA	NA
rs12169035	-145	0.14	AC/GT	1	0.00264	NA	NA	NA
rs139447	-144	0.141	AG/GA	1	0.00263	NA	NA	NA
rs3818003	-144	0.509	AT/GC	1	1e-09	1	0.00660061440784473	0.791810804548631
rs139450	-144	0.141	AT/GC	1	0.00263	NA	NA	NA
rs139451	-144	0.141	AG/GA	1	0.00261	NA	NA	NA
rs139452	-143	0.141	AG/GC	1	0.00286	NA	NA	NA
rs139453	-143	0.141	AA/GG	1	0.00262	NA	NA	NA
rs139454	-143	0.141	AG/GA	1	0.00245	NA	NA	NA
rs139455	-143	0.141	AC/GG	1	0.00245	NA	NA	NA
rs139456	-143	0.141	AA/GG	1	0.00245	NA	NA	NA
rs139457	-143	0.141	AT/GC	1	0.00251	NA	NA	NA
rs139458	-143	0.141	AG/GA	1	0.00232	NA	NA	NA
rs139460	-143	0.141	AT/GC	1	0.0025	NA	NA	NA
rs8139263	-142	0.142	AT/GC	1	0.00256	NA	NA	NA
rs139461	-142	0.105	AC/GT	1	0.0384	NA	NA	NA
rs13058265	-142	0.141	AA/GG	1	0.00249	NA	NA	NA
rs13054131	-142	0.141	AT/GC	1	0.00249	NA	NA	NA
rs139462	-141	0.141	AT/GC	1	0.00255	NA	NA	NA
rs139463	-141	0.141	AT/GG	1	0.00271	NA	NA	NA
rs85220	-141	0.141	AT/GG	1	0.00264	NA	NA	NA
rs9611519	-140	0.508	AT/GC	1	5.97e-10	1	0.0109170292126589	0.695420218292247
rs9611520	-140	0.508	AT/GC	1	6.18e-10	1	0.0105549230125872	0.705975141304835
rs139464	-140	0.141	AC/GG	1	0.00283	NA	NA	NA
rs139465	-139	0.138	AC/GT	1	0.002	NA	NA	NA
rs139466	-139	0.105	AG/GA	1	0.0368	NA	NA	NA
rs139467	-139	0.105	AG/GA	1	0.0333	NA	NA	NA
rs139468	-139	0.105	AC/GT	1	0.0431	NA	NA	NA
rs2273085	-138	0.504	AT/GC	1	7.25e-10	1	0.00903229438197782	0.715007435686812
rs139469	-138	0.105	AG/GA	1	0.035	NA	NA	NA
rs5758264	-137	0.509	AG/GT	1	1.05e-09	1	0.00629394498496192	0.817163592097991
rs139470	-137	0.138	AC/GT	1	0.00199	NA	NA	NA
rs79543	-137	0.102	AC/GT	1	0.0337	NA	NA	NA
rs139472	-136	0.102	AC/GG	1	0.0285	NA	NA	NA
rs5758265	-136	0.483	AA/GG	1	1.37e-09	1	0.00485615047497223	0.914346084230884
rs79545	-135	0.106	AG/GA	1	0.0354	NA	NA	NA
rs5758266	-135	0.496	AT/GG	1	2.04e-09	1	0.00329454569299857	0.965607779558377
rs139473	-135	0.128	AG/GC	1	0.00426	NA	NA	NA
rs139474	-134	0.14	AG/GC	1	0.00297	NA	NA	NA
rs5758267	-134	0.496	AA/GT	1	2e-09	1	0.00335872254168021	0.962313233865378
rs2179744	-132	0.496	AA/GG	1	1.79e-09	1	0.00374208729807928	0.952048509884594
rs5758268	-131	0.496	AT/GA	1	1.6e-09	1	0.00417448087519139	0.936797893941014
rs139475	-130	0.138	AC/GT	1	0.00236	NA	NA	NA
rs139478	-129	0.137	AG/GA	1	0.00177	NA	NA	NA
rs139480	-127	0.107	AT/GC	1	0.0398	NA	NA	NA
rs3721	-127	0.138	AC/GT	1	0.00327	NA	NA	NA
rs139483	-126	0.107	AG/GA	1	0.0311	NA	NA	NA
rs139484	-126	0.138	AT/GG	1	0.00315	NA	NA	NA
rs139485	-126	0.138	AG/GA	1	0.00279	NA	NA	NA
rs139486	-126	0.138	AC/GG	1	0.00279	NA	NA	NA
rs5751069	-126	0.505	AG/GC	1	2.58e-09	1	0.00262090140314966	0.982668045824447
rs9611522	-126	0.44	AT/GC	1	2.45e-08	0	0.000293757401565898	0.996541409284286
rs139492	-125	0.131	AG/GT	1	0.00157	NA	NA	NA
rs139493	-122	0.135	AC/GT	1	0.00257	NA	NA	NA
rs2281336	-118	0.135	AG/GC	1	0.00178	NA	NA	NA
rs4820434	-116	0.626	AT/GG	1	5.81e-08	0	0.000127148403897935	0.998777987484832
rs139496	-114	0.168	AG/GT	1	0.228	NA	NA	NA
rs139497	-114	0.179	AT/GC	1	0.121	NA	NA	NA
rs9611525	-113	0.469	AT/GC	1	1.78e-06	0	4.67372682519709e-06	0.999999350254997
rs3171692	-111	0.671	AT/GC	1	1.79e-08	0	0.000398401969522918	0.995617374437294
rs73176656	-110	0.107	AG/GA	1	0.00284	NA	NA	NA
rs1983631	-110	0.665	AT/GC	1	9.6e-09	0	0.000729805171608277	0.992068098501494
rs139498	-109	0.238	AG/GC	1	0.000209	NA	NA	NA
rs9611527	-109	0.668	AA/GG	1	3.2e-08	0	0.000226698483793587	0.997575281089539
rs139499	-109	0.13	AG/GA	1	0.396	NA	NA	NA
rs45627435	-108	0.149	AT/GC	1	4.03e-07	NA	NA	NA
rs71948	-108	0.128	AG/GC	1	0.416	NA	NA	NA
rs11703267	-107	0.241	AA/GG	1	0.000208	NA	NA	NA
rs139501	-106	0.127	AA/GT	1	0.409	NA	NA	NA
rs139502	-106	0.241	AC/GT	1	0.000326	NA	NA	NA
rs9611528	-105	0.66	AC/GT	1	6.93e-08	0	0.000107186415422722	0.999233788205308
rs139503	-104	0.242	AG/GA	1	0.000223	NA	NA	NA
rs7364221	-103	0.679	AA/GC	1	2.92e-08	0	0.000247758753088257	0.997348582605746
rs139504	-103	0.13	AG/GC	1	0.374	NA	NA	NA
rs146017020	-103	0.107	AT/GC	1	0.00309	NA	NA	NA
rs104974	-103	0.243	AG/GA	1	0.000268	NA	NA	NA
rs139506	-102	0.247	AA/GG	1	0.000227	NA	NA	NA
rs139507	-102	0.24	AT/GC	1	0.000381	NA	NA	NA
rs139508	-102	0.13	AA/GG	1	0.35	NA	NA	NA
rs470112	-101	0.243	AC/GG	1	0.000244	NA	NA	NA
rs4820435	-101	0.679	AT/GG	1	5.31e-08	0	0.000138734443826628	0.99838070551705
rs2235849	-100	0.66	AG/GT	1	4.51e-08	0	0.000162527326583734	0.998082190667148
rs139512	-98.6	0.125	AG/GA	1	0.4	NA	NA	NA
rs139513	-98.5	0.125	AG/GA	1	0.465	NA	NA	NA
rs139515	-97.5	0.245	AA/GG	1	0.000457	NA	NA	NA
rs5751071	-97.3	0.67	AA/GG	1	1.5e-07	0	5.07627103708408e-05	0.999979968616469
rs5751072	-97.1	0.663	AA/GG	1	1.16e-07	0	6.50934600512623e-05	0.999929205906098
rs2235850	-96	0.676	AT/GC	1	7.31e-08	0	0.000101784866688038	0.999335573071996
rs139516	-95.9	0.247	AG/GA	1	0.000374	NA	NA	NA
rs2284079	-95	0.676	AT/GC	1	6.46e-08	0	0.000114732599853279	0.999126601789885
rs2413639	-94	0.676	AA/GG	1	6.41e-08	0	0.000115599529720447	0.999011869190032
rs139519	-93.2	0.247	AC/GG	1	0.000334	NA	NA	NA
rs139520	-92.6	0.129	AG/GA	1	0.291	NA	NA	NA
rs2235852	-92.4	0.676	AT/GG	1	6.26e-08	0	0.000118282175479209	0.998896269660312
rs5758273	-89.1	0.131	AC/GT	1	0.299	NA	NA	NA
rs5758274	-89.1	0.676	AG/GA	1	4.31e-08	0	0.000169834143455041	0.997919663340564
rs139525	-88.7	0.247	AG/GA	1	0.000308	NA	NA	NA
rs5751074	-87.9	0.676	AA/GG	1	5.38e-08	0	0.000136984672594685	0.998517690189645
rs117255386	-87.4	0.162	AA/GC	1	3.25e-07	NA	NA	NA
rs2267429	-86.1	0.676	AC/GG	1	5.54e-08	0	0.000133148891289381	0.998650839080934
rs139526	-85.9	0.249	AA/GG	1	0.000308	NA	NA	NA
rs6519249	-81.9	0.243	AG/GA	1	0.000398	NA	NA	NA
rs139528	-81.3	0.13	AC/GA	1	0.297	NA	NA	NA
rs139529	-81.1	0.13	AG/GA	1	0.298	NA	NA	NA
rs9611540	-79.4	0.695	AT/GC	1	4.59e-08	0	0.000159780406075749	0.998241971073224
rs60171	-79.1	0.13	AA/GG	1	0.286	NA	NA	NA
rs5758280	-78.6	0.13	AC/GT	1	0.294	NA	NA	NA
rs5996011	-78.5	0.13	AA/GG	1	0.29	NA	NA	NA
rs6002310	-78.5	0.688	AG/GA	1	2.23e-08	0	0.000321846946193765	0.995939221383488
rs139533	-76.4	0.13	AC/GT	1	0.312	NA	NA	NA
rs9611542	-76.3	0.691	AT/GC	1	1.03e-07	0	7.30288511761695e-05	0.999864112446046
rs139535	-75.3	0.248	AT/GC	1	0.000417	NA	NA	NA
rs118089244	-73.6	0.162	AA/GG	1	3.27e-07	NA	NA	NA
rs1969666	-69.8	0.678	AC/GA	1	4.19e-08	0	0.00017454810757008	0.997749829197109
rs1535048	-69.5	0.685	AT/GC	1	7.44e-08	0	0.000100061828872796	0.999536749963623
rs1984584	-69.2	0.252	AG/GA	1	0.000365	NA	NA	NA
rs1003619	-68.8	0.253	AG/GC	1	0.000332	NA	NA	NA
rs1984839	-67.7	0.727	AC/GG	1	1.58e-08	0	0.00044973266592056	0.995218972467771
rs9680530	-65.1	0.142	AG/GC	1	0.305	NA	NA	NA
rs6519250	-64.2	0.143	AC/GA	1	0.289	NA	NA	NA
rs5996014	-64.1	0.143	AC/GT	1	0.279	NA	NA	NA
rs8138006	-61	0.143	AG/GA	1	0.289	NA	NA	NA
rs2024566	-56.3	0.739	AG/GA	1	1.55e-08	0	0.000458184813720696	0.994313908001217
rs9611546	-55.1	0.746	AG/GC	1	2.49e-08	0	0.000289176416505961	0.996830585700792
rs2024567	-54.4	0.731	AC/GG	1	1.03e-08	0	0.000681549085570246	0.992749647587064
rs2092564	-53.6	0.746	AC/GG	1	2.67e-08	0	0.000270238151865741	0.997100823852657
rs4822020	-53.4	0.731	AT/GC	1	9.57e-09	0	0.000732028909274284	0.991338293329886
rs55658582	-53.2	0.254	AA/GG	1	0.000347	NA	NA	NA
rs7292854	-52.9	0.254	AG/GC	1	0.000366	NA	NA	NA
rs7287619	-52.5	0.254	AA/GG	1	0.000371	NA	NA	NA
rs6002323	-52.5	0.731	AC/GT	1	1.16e-08	0	0.000607197343915147	0.99335684493098
rs1883825	-50.2	0.731	AG/GA	1	8.56e-09	1	0.0008158616664479	0.990606264420612
rs1883826	-50.2	0.739	AA/GG	1	1.42e-08	0	0.000498878256517092	0.993855723187497
rs1883827	-50	0.731	AG/GA	1	8.31e-09	1	0.000839714986076569	0.989790402754164
rs7289932	-49.8	0.254	AA/GG	1	0.000385	NA	NA	NA
rs9611548	-49.5	0.746	AT/GG	1	2.33e-08	0	0.000308430499231633	0.99624765188272
rs34011394	-48.7	0.25	AC/GT	1	0.000317	NA	NA	NA
rs9611549	-47.7	0.739	AG/GC	1	1.56e-08	0	0.000455331800633487	0.994769239801851
rs1807590	-44.4	0.225	AG/GA	1	0.00142	NA	NA	NA
rs6002328	-43.6	0.714	AC/GT	1	8.67e-08	0	8.6282580996503e-05	0.999713141971031
rs9611555	-40.5	0.732	AA/GG	1	8.29e-08	0	9.01094264119464e-05	0.999626859390035
rs13057907	-38.7	0.251	AG/GA	1	0.00143	NA	NA	NA
rs6002333	-34.1	0.49	AT/GC	1	0.01	0	1.43000089420669e-09	0.999999900664549
rs5758297	-32.9	0.456	AG/GA	1	0.0133	0	1.11027481913432e-09	0.999999933485919
rs5751077	-32.9	0.456	AC/GG	1	0.0135	0	1.09572517239192e-09	0.999999936773095
rs3927	-30.7	0.49	AC/GT	1	0.00949	0	1.49829795420051e-09	0.999999883118665
rs79356064	-29.3	0.109	AT/GC	1	0.0011	NA	NA	NA
rs5758300	-28.4	0.449	AG/GC	1	0.0131	0	1.12524894252262e-09	0.999999929022413
rs4822021	-27.6	0.474	AA/GG	1	0.00636	0	2.14450670152861e-09	0.999999773244497
rs6002337	-26.8	0.474	AG/GT	1	0.00597	0	2.27026037611126e-09	0.999999748752818
rs9611556	-26.6	0.49	AA/GG	1	0.00953	0	1.49268839277975e-09	0.99999988610544
rs2143695	-25	0.467	AC/GT	1	0.0105	0	1.36922483900544e-09	0.999999910355583
rs8137373	-24.4	0.478	AA/GG	1	0.00637	0	2.14147688951873e-09	0.999999775385974
rs2235845	-24.3	0.467	AG/GT	1	0.0104	0	1.38093215737649e-09	0.999999907617133
rs5758301	-21.2	0.463	AC/GT	1	0.00975	0	1.4626245783256e-09	0.999999893455179
rs138818147	-20.3	0.138	AA/GG	1	0.0245	NA	NA	NA
rs4822022	-19.7	0.474	AG/GA	1	0.00738	0	1.87622620906366e-09	0.999999823029341
rs5751080	-17.3	0.467	AG/GA	1	0.0107	0	1.34643920972455e-09	0.999999913059751
rs1883828	-14.2	0.307	AC/GT	1	0.00445	NA	NA	NA
rs2235846	-12.6	0.46	AC/GG	1	0.0103	0	1.39285707015616e-09	0.999999903462412
rs4822023	-12.1	0.49	AA/GG	1	0.00802	0	1.74146753713572e-09	0.999999844583201
rs5751081	-10.8	0.463	AT/GA	1	0.00991	0	1.44156376989608e-09	0.999999897794279
rs761366	-9.58	0.515	AG/GC	1	0.0045	0	2.93090031564264e-09	0.99999967258491
rs2281331	-8.25	0.313	AG/GA	1	0.00301	NA	NA	NA
rs4239894	-8.06	0.544	AG/GC	1	0.00147	0	8.15107160128648e-09	0.999999609652887
rs2281332	-7.39	0.467	AC/GT	1	0.00916	0	1.54636610938778e-09	0.999999872433865
rs3817999	-5.89	0.528	AA/GG	1	0.00327	0	3.91728060703857e-09	0.999999648302392
rs2281333	-3.97	0.545	AC/GT	1	0.00185	0	6.59679695067176e-09	0.999999632159115
rs7290404	-3.81	0.576	AT/GC	1	0.00129	0	9.19460503163147e-09	0.999999601501815
rs5758307	-3.38	0.545	AG/GA	1	0.00201	0	6.11299808612886e-09	0.999999638272113
rs9611560	-2.98	0.139	AC/GT	1	0.116	NA	NA	NA
rs12484074	-0.856	0.572	AA/GG	1	0.00108	0	1.08351232327398e-08	0.999999571837291
rs1109151	-0.659	0.519	AG/GA	1	0.000978	0	1.18770346080495e-08	0.999999538846153
rs28638318	-0.544	0.549	AA/GG	1	0.000432	0	2.53923212809942e-08	0.999999375647318
rs5751084	1.5	0.437	AG/GA	1	0.0126	0	1.16467025130258e-09	0.9999999244514
rs9538	2.25	0.569	AT/GG	1	0.00119	0	9.90589550232922e-09	0.99999959230721
rs56021266	2.97	0.393	AT/GC	1	0.851	NA	NA	NA
rs6002351	3.62	0.541	AT/GC	1	0.00154	0	7.80912383675217e-09	0.999999625562318
rs9611561	3.63	0.572	AG/GC	1	0.00108	0	1.08351232327398e-08	0.999999561002168
rs4822024	4.04	0.554	AA/GG	1	0.000684	0	1.65492475663779e-08	0.99999942747038
rs117079136	4.17	0.107	AA/GC	1	0.000987	NA	NA	NA
rs5758311	5.77	0.54	AT/GG	1	0.00148	0	8.10030756820386e-09	0.999999617753194
rs9607798	6.38	0.558	AG/GA	1	0.000626	0	1.79706672778876e-08	0.999999393617985
rs4820437	7.69	0.541	AC/GT	1	0.00111	0	1.05640232492147e-08	0.999999582401314
rs5758314	8.92	0.494	AG/GT	1	0.0063	0	2.16287950190416e-09	0.99999977109999
rs4820438	13.5	0.558	AT/GC	1	0.000652	0	1.73031466904009e-08	0.999999410921132
rs9611565	13.9	0.506	AC/GT	1	0.00201	0	6.11299808612886e-09	0.999999644385111
rs9611566	15	0.559	AT/GC	1	0.00103	0	1.13208920594343e-08	0.999999550167045
rs5751086	15.3	0.467	AT/GC	1	0.0054	0	2.4853347104871e-09	0.999999701933717
rs9611567	16.2	0.513	AG/GA	1	0.00329	0	3.8955817368811e-09	0.999999652197973
rs9619963	16.2	0.232	AG/GA	1	0.00508	NA	NA	NA
rs57711468	20.7	0.25	AT/GC	1	0.00201	NA	NA	NA
rs7287294	21.9	0.251	AA/GG	1	0.00131	NA	NA	NA
rs4822025	23	0.567	AC/GG	1	0.000951	0	1.21890084176027e-08	0.999999526969118
rs2234052	23.6	0.572	AG/GA	1	0.000934	0	1.23943941333683e-08	0.99999951478011
rs9607799	24	0.572	AG/GA	1	0.000746	0	1.52674495210176e-08	0.999999474096852
rs2234058	24.3	0.572	AA/GG	1	0.000717	0	1.58402401335355e-08	0.99999944331062
rs2234059	24.3	0.572	AC/GT	1	0.000812	0	1.41120250859058e-08	0.999999502385716
rs73176684	25	0.101	AC/GT	1	0.00371	NA	NA	NA
rs3788584	25.5	0.572	AA/GT	1	0.000808	0	1.41768382201009e-08	0.99999948827369
rs767593	26.4	0.577	AT/GG	1	0.000733	0	1.55187830581796e-08	0.999999458829403
rs73176685	27.5	0.526	AG/GC	1	0.00471	0	2.81230338570974e-09	0.99999968110546
rs73176686	28.5	0.563	AT/GC	1	0.00348	0	3.70144561356698e-09	0.999999659710689
rs73176687	28.8	0.563	AA/GC	1	0.00353	0	3.65370704315644e-09	0.999999663364396
rs111763257	28.8	0.563	AA/GG	1	0.00477	0	2.78026524768129e-09	0.999999683885725
rs73176689	29	0.563	AC/GT	1	0.00388	0	3.35280003911019e-09	0.999999666717196
rs9611570	29.1	0.563	AT/GG	1	0.00471	0	2.81230338570974e-09	0.999999678293157
rs11546403	30.1	0.507	AT/GC	1	0.0135	0	1.09572517239192e-09	0.99999993567737
rs9607800	31	0.511	AG/GA	1	0.0133	0	1.11027481913432e-09	0.999999932375644
rs9611571	31.3	0.511	AA/GG	1	0.0166	0	9.13306236220454e-10	0.999999939680581
rs9611572	31.7	0.511	AA/GG	1	0.0131	0	1.12524894252262e-09	0.999999930147662
rs73176692	32.1	0.511	AA/GG	1	0.0128	0	1.14854833477604e-09	0.999999926756497
rs28604950	32.2	0.508	AG/GA	1	0.0132	0	1.11770764821893e-09	0.99999993126537
rs4822027	32.6	0.563	AA/GG	1	0.00337	0	3.81126968445117e-09	0.999999656009243
rs73176694	33.2	0.511	AT/GC	1	0.0127	0	1.15654858953863e-09	0.999999925607949
rs9611573	34.1	0.511	AC/GG	1	0.0135	0	1.09572517239192e-09	0.999999934581644
rs5758324	34.3	0.507	AT/GG	1	0.0112	0	1.29288885489885e-09	0.999999919597678
rs4822028	35.8	0.511	AG/GA	1	0.0168	0	9.03752855801651e-10	0.999999940584334
rs17365991	36.6	0.119	AA/GG	1	5.69e-06	NA	NA	NA
rs60119330	37.4	0.507	AC/GT	1	0.021	0	7.43507026448787e-10	0.999999943063258
rs74484224	37.6	0.508	AA/GG	1	0.014	0	1.06109188007466e-09	0.999999937834187
rs2073167	37.9	0.219	AT/GC	1	0.0232	NA	NA	NA
rs9611576	39.4	0.168	AC/GA	1	0.0658	NA	NA	NA
rs9611577	39.5	0.508	AG/GT	1	0.0106	0	1.35772911607032e-09	0.999999911713312
rs132901	43.9	0.556	AC/GT	1	0.00449	0	2.93681383495816e-09	0.99999966965401
rs132902	44.2	0.556	AG/GA	1	0.00456	0	2.89594342007122e-09	0.999999675480853
rs202645	44.9	0.523	AA/GG	1	0.00821	0	1.70534730103847e-09	0.999999846288548
rs132904	45.3	0.471	AG/GC	1	0.0378	0	4.48084413240777e-10	0.999999955234181
rs132905	45.5	0.471	AC/GA	1	0.0337	0	4.94186028496465e-10	0.999999947648315
rs132906	46.2	0.435	AG/GC	1	0.0609	0	3.00165452160591e-10	0.999999962223647
rs75784	46.2	0.471	AG/GT	1	0.0388	0	4.38247328468344e-10	0.999999955672428
rs169364	47.1	0.471	AC/GT	1	0.0352	0	4.76136975486771e-10	0.999999951022502
rs9611579	47.3	0.183	AG/GA	1	0.0541	NA	NA	NA
rs132907	47.7	0.471	AA/GC	1	0.0296	0	5.52342937735603e-10	0.99999994606667
rs6002372	47.7	0.471	AA/GT	1	0.0284	0	5.72373733353308e-10	0.999999944955481
rs132908	48.2	0.471	AG/GA	1	0.0292	0	5.5884585939683e-10	0.999999945514327
rs132909	48.4	0.471	AG/GA	1	0.0351	0	4.77294630264055e-10	0.999999950546365
rs75804965	48.8	0.154	AC/GT	1	6.27e-07	NA	NA	NA
rs5751094	49.7	0.471	AC/GT	1	0.0347	0	4.819885946863e-10	0.999999949587081
rs132911	50.6	0.471	AC/GT	1	0.0345	0	4.84374330980443e-10	0.999999948621915
rs132912	50.6	0.471	AA/GG	1	0.0341	0	4.89225513007986e-10	0.99999994813754
rs132914	52.1	0.471	AT/GC	1	0.0355	0	4.72701188267555e-10	0.999999953864417
rs132915	52.2	0.471	AT/GC	1	0.0353	0	4.74985550906513e-10	0.999999951972473
rs132916	53.2	0.451	AC/GG	1	0.0785	0	2.43672634442095e-10	0.999999974039805
rs132917	53.3	0.471	AT/GC	1	0.0353	0	4.74985550906513e-10	0.999999951497487
rs132918	54.7	0.471	AC/GT	1	0.0414	0	4.14787054360719e-10	0.999999957792275
rs202634	56	0.464	AA/GG	1	0.0298	0	5.4915375643625e-10	0.999999946615824
rs202635	56	0.471	AC/GT	1	0.0356	0	4.71568149575587e-10	0.999999954335985
rs132920	56.6	0.474	AT/GC	1	0.0346	0	4.83178188114642e-10	0.999999949105093
rs202659	58	0.474	AT/GC	1	0.0376	0	4.50111394942354e-10	0.999999954786096
rs132921	58.4	0.474	AG/GA	1	0.0405	0	4.22584354653432e-10	0.999999956956664
rs132922	58.5	0.474	AG/GA	1	0.0355	0	4.72701188267555e-10	0.999999953391715
rs202661	58.8	0.474	AA/GG	1	0.0403	0	4.24361936853461e-10	0.99999995653408
rs202662	59.2	0.474	AC/GT	1	0.0407	0	4.20823352657034e-10	0.999999957377488
rs202663	59.2	0.474	AT/GC	1	0.0354	0	4.73840305364972e-10	0.999999952446313
rs202664	60.3	0.527	AC/GT	1	0.0102	0	1.40500580707329e-09	0.999999902069555
rs75208280	60.5	0.154	AT/GC	1	5.86e-07	NA	NA	NA
rs202665	60.8	0.527	AA/GG	1	0.00991	0	1.44156376989608e-09	0.999999896352715
rs202666	61.1	0.527	AT/GC	1	0.00952	0	1.49408654887074e-09	0.999999884612752
rs2899345	62	0.2	AT/GC	1	0.00279	NA	NA	NA
rs5758341	62.3	0.218	AC/GT	1	0.00385	NA	NA	NA
rs5758342	62.4	0.221	AG/GA	1	0.00498	NA	NA	NA
rs5758343	63	0.522	AA/GT	1	0.00513	0	2.60320230015317e-09	0.999999694439977
rs5758344	64.1	0.522	AG/GA	1	0.00591	0	2.29102058390166e-09	0.999999744208865
rs5758345	64.3	0.522	AA/GG	1	0.00603	0	2.24989721999606e-09	0.999999760049644
rs2413643	64.6	0.522	AA/GG	1	0.00563	0	2.39351498236484e-09	0.999999711538724
rs2413644	64.7	0.522	AA/GG	1	0.00563	0	2.39351498236484e-09	0.999999709145209
rs420071	66.1	0.498	AT/GC	1	0.00586	0	2.30863264201979e-09	0.999999739623324
rs12165508	66.4	0.472	AT/GC	1	0.0162	0	9.33087995501788e-10	0.999999938767275
rs2142505	66.9	0.522	AA/GG	1	0.00561	0	2.40121193419202e-09	0.999999706751694
rs5758347	67.4	0.522	AG/GT	1	0.00583	0	2.31933915993106e-09	0.999999732690312
rs6002378	67.6	0.522	AT/GC	1	0.00572	0	2.35951907705018e-09	0.999999716265227
rs6002379	67.6	0.498	AG/GA	1	0.0059	0	2.2945200504308e-09	0.999999741917844
rs6002380	67.8	0.522	AC/GT	1	0.00557	0	2.41676515940351e-09	0.999999704350482
rs6002381	67.9	0.522	AT/GC	1	0.0057	0	2.3669845596376e-09	0.999999713905708
rs202613	68.4	0.522	AC/GA	1	0.00576	0	2.34473759582925e-09	0.999999728048041
rs202614	68.5	0.522	AA/GC	1	0.00572	0	2.35951907705018e-09	0.999999718624746
rs202616	68.6	0.522	AC/GG	1	0.00582	0	2.322931563271e-09	0.999999730370973
rs188057	68.7	0.522	AT/GG	1	0.00572	0	2.35951907705018e-09	0.999999720984265
rs202617	69.2	0.522	AG/GA	1	0.00572	0	2.35951907705018e-09	0.999999723343785
rs202618	69.3	0.518	AA/GG	1	0.00572	0	2.35951907705018e-09	0.999999725703304
rs202619	70	0.522	AT/GC	1	0.00585	0	2.31218975825967e-09	0.999999735002502
rs9611588	70.2	0.212	AG/GA	1	0.00917	NA	NA	NA
rs202620	71.2	0.522	AT/GC	1	0.00585	0	2.31218975825967e-09	0.999999737314691
rs202622	71.7	0.522	AT/GG	1	0.006	0	2.2600298929808e-09	0.999999757799746
rs9611589	72.5	0.212	AC/GT	1	0.00933	NA	NA	NA
rs202623	72.8	0.522	AT/GC	1	0.006	0	2.2600298929808e-09	0.999999755539717
rs202624	73.2	0.522	AG/GA	1	0.00613	0	2.21681005505056e-09	0.999999766742851
rs202625	73.5	0.522	AG/GA	1	0.006	0	2.2600298929808e-09	0.999999753279687
rs169362	74	0.472	AG/GC	1	0.0174	0	8.76352119159525e-10	0.999999941460686
rs5751101	74.5	0.517	AC/GT	1	0.0062	0	2.19425936142075e-09	0.999999768937111
rs7285041	75.5	0.522	AG/GT	1	0.00606	0	2.23986093972136e-09	0.999999762289505
rs6609	76.2	0.522	AC/GG	1	0.00598	0	2.26683925862784e-09	0.999999751019657
rs9611591	76.6	0.472	AG/GA	1	0.0211	0	7.40435816213509e-10	0.999999943803694
rs41276317	77.3	0.154	AT/GC	1	5.56e-07	NA	NA	NA
rs202641	79.5	0.493	AC/GT	1	0.00765	0	1.8167374547763e-09	0.999999832228042
rs202642	79.9	0.498	AC/GT	1	0.00698	0	1.97245896706311e-09	0.999999802056317
rs2011790	81.8	0.522	AG/GA	1	0.00657	0	2.08274214638922e-09	0.999999785948623
rs79005	81.9	0.498	AG/GA	1	0.00712	0	1.93759736616734e-09	0.999999803993914
rs202650	83.9	0.498	AG/GC	1	0.00697	0	1.97500050135251e-09	0.999999800083858
rs202652	85.2	0.498	AA/GG	1	0.00716	0	1.92787733576355e-09	0.999999809784814
rs169365	86.1	0.517	AG/GA	1	0.00644	0	2.12052129208098e-09	0.999999781777421
rs202653	86.6	0.498	AC/GT	1	0.00714	0	1.932724285807e-09	0.999999805926639
rs106860	86.8	0.522	AT/GC	1	0.00661	0	2.07140497893561e-09	0.999999788020028
rs202654	87.4	0.472	AG/GA	1	0.0178	0	8.5906562816156e-10	0.999999942319751
rs202655	88	0.498	AG/GC	1	0.00728	0	1.89933260884179e-09	0.999999813595262
rs202656	88.6	0.522	AT/GA	1	0.00693	0	1.98523703090563e-09	0.999999796133857
rs202657	91.2	0.507	AG/GT	1	0.00596	0	2.27369252176967e-09	0.999999746482557
rs202626	93.6	0.498	AC/GA	1	0.0073	0	1.89466273684758e-09	0.999999817386919
rs202627	93.8	0.498	AA/GT	1	0.00745	0	1.86040603583253e-09	0.999999824889747
rs202628	95.9	0.498	AG/GA	1	0.00736	0	1.88079928323401e-09	0.999999821153115
rs202629	96.4	0.493	AC/GT	1	0.00729	0	1.89699459928958e-09	0.999999815492257
rs202630	96.6	0.502	AC/GT	1	0.00505	0	2.64045059415702e-09	0.999999689219736
rs79008	96.9	0.502	AA/GG	1	0.00494	0	2.69355968418772e-09	0.999999686579285
rs202636	98.9	0.502	AT/GC	1	0.0051	0	2.61703873249142e-09	0.999999691836775
rs8136635	99	0.21	AG/GA	1	0.00936	NA	NA	NA
rs202637	100	0.474	AA/GG	1	0.00876	0	1.60927546958026e-09	0.999999864538963
rs9607805	101	0.71	AC/GT	1	5.41e-07	0	1.47079117029382e-05	0.999994676528172
rs202638	102	0.486	AA/GG	1	0.0125	0	1.17291615445101e-09	0.99999992328673
rs202639	103	0.502	AT/GA	1	0.00607	0	2.2365366925424e-09	0.999999764526041
rs5751107	104	0.518	AA/GG	1	0.00827	0	1.69427174855231e-09	0.999999851384257
rs5751108	104	0.522	AT/GC	1	0.00797	0	1.75124723793122e-09	0.999999841092452
rs5758365	105	0.502	AA/GG	1	0.00637	0	2.14147688951873e-09	0.999999777527451
rs6002385	106	0.522	AT/GC	1	0.00861	0	1.6343093626649e-09	0.999999861310498
rs6002386	106	0.502	AA/GG	1	0.00734	0	1.88539626820394e-09	0.999999819272316
rs79009	107	0.502	AC/GA	1	0.00641	0	2.12944844221423e-09	0.999999779656899
rs5758368	109	0.498	AT/GC	1	0.00972	0	1.46664739996827e-09	0.999999890528592
rs202631	110	0.498	AA/GG	1	0.00974	0	1.46396288109914e-09	0.999999891992555
rs505533	111	0.472	AA/GC	1	0.028	0	5.79413137008799e-10	0.999999944383107
rs19573	112	0.498	AC/GA	1	0.0104	0	1.38093215737649e-09	0.999999906236201
rs79011	113	0.498	AA/GG	1	0.0111	0	1.3032293301568e-09	0.999999918304789
rs727563	114	0.472	AC/GT	1	0.0425	0	4.056830113313e-10	0.999999958197958
rs9611598	118	0.102	AA/GG	1	0.00247	NA	NA	NA
rs169361	124	0.502	AA/GG	1	0.0068	0	2.0193036573309e-09	0.99999979414862
rs146585608	146	0.154	AT/GC	1	1.45e-07	NA	NA	NA
rs137830	149	0.48	AC/GT	1	0.0094	0	1.5110866567401e-09	0.999999881620367
rs2076199	150	0.465	AT/GG	1	0.0512	0	3.46832321464668e-10	0.999999959306399
rs137831	150	0.473	AC/GA	1	0.0389	0	4.37290036498212e-10	0.999999956109718
rs2413646	153	0.499	AT/GC	1	0.0116	0	1.25323520425235e-09	0.999999922113814
rs2413647	154	0.489	AA/GG	1	0.0098	0	1.45597231643323e-09	0.999999894911152
rs9611602	155	0.489	AC/GT	1	0.0111	0	1.3032293301568e-09	0.99999991700156
rs1569516	157	0.489	AT/GC	1	0.00917	0	1.54486081275649e-09	0.999999875525092
rs1799932	158	0.207	AC/GT	1	0.0188	NA	NA	NA
rs9611603	159	0.489	AG/GA	1	0.0115	0	1.26290105852783e-09	0.999999920860579
rs9619974	160	0.207	AC/GT	1	0.0171	NA	NA	NA
rs203320	160	0.473	AC/GT	1	0.0541	0	3.31221559833801e-10	0.999999960656665
rs17367716	160	0.489	AG/GA	1	0.00971	0	1.46799363193871e-09	0.999999889061944
rs203319	161	0.465	AT/GC	1	0.048	0	3.66125070771964e-10	0.999999958959566
rs203318	161	0.465	AG/GT	1	0.0701	0	2.67286370962884e-10	0.999999969914246
rs11090049	162	0.492	AT/GC	1	0.0111	0	1.3032293301568e-09	0.99999991569833
rs9611604	162	0.495	AG/GC	1	0.00992	0	1.44026908267973e-09	0.999999899234548
rs12484694	166	0.489	AG/GA	1	0.0105	0	1.36922483900544e-09	0.999999908986358
rs73178621	168	0.489	AG/GA	1	0.00921	0	1.53887095598347e-09	0.999999877063962
rs17367849	170	0.489	AA/GG	1	0.0129	0	1.14066673885277e-09	0.999999927897164
rs4822032	172	0.461	AC/GT	1	0.0438	0	3.9548370340448e-10	0.999999958593441
rs1810460	174	0.489	AT/GC	1	0.00838	0	1.67436173696865e-09	0.99999985475106
rs1810461	174	0.489	AA/GG	1	0.0078	0	1.78539714075574e-09	0.99999983580089
rs73178625	175	0.489	AC/GG	1	0.00822	0	1.7034906092332e-09	0.999999847992039
rs73178626	175	0.489	AG/GT	1	0.00755	0	1.83829428570781e-09	0.999999828579535
rs2076198	176	0.211	AT/GG	1	0.0151	NA	NA	NA
rs4822033	176	0.484	AG/GT	1	0.00828	0	1.69244078962647e-09	0.999999853076698
rs4822034	177	0.484	AC/GT	1	0.0087	0	1.61918971956354e-09	0.999999862929688
rs9611606	177	0.484	AG/GA	1	0.00825	0	1.69794643420632e-09	0.999999849689985
rs116959331	179	0.484	AG/GA	1	0.00854	0	1.64628022420662e-09	0.99999985639734
rs56319767	180	0.484	AA/GG	1	0.0089	0	1.5866407900382e-09	0.999999867729971
rs73178632	181	0.484	AT/GC	1	0.0086	0	1.63600804656186e-09	0.999999859676189
rs28530678	181	0.486	AC/GG	1	0.0093	0	1.52557436876595e-09	0.999999878589537
rs169407	181	0.132	AA/GG	1	0.211	NA	NA	NA
rs12483991	182	0.466	AG/GA	1	0.0305	0	5.38305067173242e-10	0.999999947154129
rs12483998	182	0.484	AG/GA	1	0.009	0	1.5708866221361e-09	0.999999870887499
rs4822035	182	0.489	AA/GG	1	0.00856	0	1.64284082594239e-09	0.999999858040181
rs4822036	182	0.489	AG/GA	1	0.00934	0	1.51974361340131e-09	0.99999988010928
rs12483786	185	0.484	AG/GA	1	0.00879	0	1.60436700724015e-09	0.99999986614333
rs12484228	186	0.484	AG/GA	1	0.00956	0	1.48851074075016e-09	0.999999887593951
rs9607812	188	0.484	AA/GG	1	0.00798	0	1.7492818950522e-09	0.999999842841733
rs9607813	188	0.484	AA/GG	1	0.00916	0	1.54636610938778e-09	0.999999873980231
rs5758389	188	0.462	AC/GT	1	0.0355	0	4.72701188267555e-10	0.999999952919014
rs73178638	189	0.481	AC/GT	1	0.00667	0	2.0546441010303e-09	0.999999790074672
rs56904812	190	0.484	AT/GC	1	0.00788	0	1.76915054764967e-09	0.999999839341204
rs4822037	192	0.484	AT/GG	1	0.00723	0	1.91111573352693e-09	0.999999811695929
rs9611609	192	0.484	AA/GC	1	0.00779	0	1.7874504667507e-09	0.999999834015493
rs9607814	193	0.489	AA/GC	1	0.00787	0	1.77116404377593e-09	0.999999837572054
rs9611610	196	0.489	AG/GA	1	0.00697	0	1.97500050135251e-09	0.999999798108858
rs9611611	197	0.489	AT/GC	1	0.00749	0	1.85149335893657e-09	0.99999982674124
rs76930421	197	0.489	AC/GT	1	0.00655	0	2.08846057969413e-09	0.999999783865881
rs9607815	197	0.489	AT/GA	1	0.00715	0	1.93029755785879e-09	0.999999807856936
rs9607816	197	0.48	AA/GG	1	0.00534	0	2.51053692912304e-09	0.999999696950514
rs56364401	198	0.483	AG/GT	1	0.00537	0	2.49786815132365e-09	0.999999699448382
rs73178641	198	0.489	AT/GA	1	0.00758	0	1.83176994416402e-09	0.999999830411305
rs12484175	200	0.489	AC/GA	1	0.0089	0	1.5866407900382e-09	0.999999869316612
rs1972057	201	0.48	AG/GA	1	0.00667	0	2.0546441010303e-09	0.999999792129316
rs12484722	201	0.494	AC/GT	1	0.0103	0	1.39285707015616e-09	0.999999904855269
rs9607818	201	0.494	AT/GC	1	0.0108	0	1.33534955120132e-09	0.999999914395101
rs41281291	203	0.15	AA/GG	1	1.81e-06	NA	NA	NA
rs12484467	204	0.412	AC/GT	1	0.064	0	2.8808833811712e-10	0.999999962811901
rs4822038	205	0.423	AA/GG	1	0.0699	0	2.67913868375137e-10	0.9999999688451
rs9607819	205	0.416	AC/GG	1	0.21	0	1.13714986826111e-10	0.999999998807866
rs143096365	207	0.142	AC/GT	1	1.64e-06	NA	NA	NA
rs4822039	208	0.413	AA/GG	1	0.0891	0	2.19919506610026e-10	0.999999980765502
rs9611612	208	0.406	AC/GT	1	0.249	0	1.00729113074762e-10	0.999999999428149
rs9611613	208	0.406	AC/GT	1	0.243	0	1.02466384166796e-10	0.999999999226691
rs12483860	208	0.406	AT/GC	1	0.243	0	1.02466384166796e-10	0.999999999021758
rs12484254	208	0.406	AA/GT	1	0.243	0	1.02466384166796e-10	0.999999999124224
rs6002402	209	0.422	AG/GC	1	0.0609	0	3.00165452160591e-10	0.999999962523813
rs9611615	209	0.406	AC/GT	1	0.264	0	9.67191795163287e-11	0.999999999726326
rs4822040	210	0.406	AG/GC	1	0.194	0	1.20478383549718e-10	0.999999998576758
rs73178647	211	0.413	AA/GG	1	0.0843	0	2.29976024741831e-10	0.999999978523371
rs7290990	211	0.406	AA/GC	1	0.29	0	9.07213505576945e-11	0.999999999909279
rs7290991	211	0.406	AG/GC	1	0.29	0	9.07213505576945e-11	1
rs6002406	212	0.413	AT/GA	1	0.082	0	2.35188261814866e-10	0.999999976426811
rs5996037	212	0.406	AG/GA	1	0.249	0	1.00729113074762e-10	0.99999999932742
rs5996038	212	0.406	AC/GT	1	0.249	0	1.00729113074762e-10	0.999999999528878
rs2064164	213	0.415	AA/GC	1	0.193	0	1.20936506026967e-10	0.99999999845628
rs6002408	214	0.393	AT/GC	1	0.243	NA	NA	NA
rs78404259	217	0.137	AA/GG	1	0.00471	NA	NA	NA
rs1006407	218	0.419	AC/GT	1	0.0835	0	2.31758192472499e-10	0.999999978293394
rs4822043	223	0.402	AC/GT	1	0.143	0	1.51512789078469e-10	0.999999998047002
rs4822044	226	0.422	AC/GG	1	0.0759	0	2.5045313963498e-10	0.999999973549124
rs4481089	227	0.411	AC/GT	1	0.138	0	1.55717273895277e-10	0.999999997124619
rs5996039	228	0.407	AG/GA	1	0.139	0	1.54853493126774e-10	0.999999997279472
rs9611618	229	0.403	AT/GA	1	0.201	0	1.17393174289053e-10	0.999999998694151
rs9607821	230	0.132	AC/GT	1	0.0331	NA	NA	NA
rs2076200	232	0.437	AT/GG	1	0.0684	0	2.72730627682968e-10	0.999999966148817
rs4822045	232	0.437	AA/GC	1	0.0818	0	2.35654583568801e-10	0.999999975955968
rs9611619	233	0.437	AT/GC	1	0.0809	0	2.3777998669925e-10	0.999999975720314
rs4822046	234	0.427	AA/GG	1	0.068	0	2.7404902032393e-10	0.999999965876086
rs57102627	234	0.411	AC/GT	1	0.134	0	1.59294191780979e-10	0.999999995864722
rs62236532	234	0.134	AA/GT	1	0.0329	NA	NA	NA
rs4822047	234	0.364	AA/GC	1	0.199	NA	NA	NA
rs12628667	235	0.134	AG/GC	1	0.0363	NA	NA	NA
rs28750375	237	0.411	AC/GA	1	0.13	0	1.63078929082858e-10	0.999999995384049
rs4822049	240	0.437	AA/GG	1	0.0772	0	2.47008918427482e-10	0.999999973796133
rs8139993	242	0.411	AC/GT	1	0.14	0	1.54001389867969e-10	0.999999997588327
rs148894219	243	0.437	AT/GC	1	0.0742	0	2.55129082024576e-10	0.999999972793937
rs80477	248	0.418	AC/GT	1	0.136	0	1.57480857545832e-10	0.999999996654828
rs132761	251	0.427	AC/GT	1	0.0701	0	2.67286370962884e-10	0.999999969646959
rs132765	254	0.433	AA/GG	1	0.0727	0	2.59426415442262e-10	0.999999971766894
rs132767	256	0.423	AT/GC	1	0.0734	0	2.57400327160886e-10	0.999999972024294
rs132768	260	0.423	AC/GA	1	0.0712	0	2.6389476338059e-10	0.99999997124448
rs5751129	262	0.407	AC/GT	1	0.136	0	1.57480857545832e-10	0.999999996812309
rs2267437	263	0.135	AC/GG	1	0.0315	NA	NA	NA
rs132770	264	0.423	AA/GG	1	0.11	0	1.8587840145633e-10	0.9999999930938
rs5758397	266	0.423	AC/GT	1	0.0692	0	2.70137111677213e-10	0.999999967230651
rs13055759	268	0.423	AC/GG	1	0.0675	0	2.75717786591586e-10	0.999999965052943
rs132771	272	0.423	AA/GG	1	0.0694	0	2.6949757148698e-10	0.999999967769966
rs132773	278	0.423	AT/GA	1	0.0696	0	2.68861507958814e-10	0.999999968308325
rs132774	278	0.407	AC/GG	1	0.127	0	1.66065202089656e-10	0.99999999522097
rs132776	283	0.428	AT/GC	1	0.0696	0	2.68861507958814e-10	0.999999968577186
rs132779	285	0.423	AA/GG	1	0.0693	0	2.69816905183192e-10	0.999999967500468
rs9611636	288	0.4	AC/GA	1	0.164	NA	NA	NA
rs132781	293	0.396	AT/GG	1	0.0426	NA	NA	NA
rs5751135	295	0.393	AT/GC	1	0.0434	NA	NA	NA
rs132784	299	0.393	AG/GA	1	0.0445	NA	NA	NA
rs132786	305	0.39	AG/GA	1	0.0998	NA	NA	NA
rs132787	305	0.39	AG/GA	1	0.0971	NA	NA	NA
rs28384790	307	0.12	AG/GC	1	0.0038	NA	NA	NA
rs28384792	308	0.145	AG/GC	1	0.00416	NA	NA	NA
rs132790	308	0.405	AC/GT	1	0.216	0	1.11425563356496e-10	0.999999998919292
rs34077262	308	0.411	AA/GG	1	0.125	0	1.68131257730415e-10	0.999999994721749
rs132792	309	0.422	AC/GT	1	0.059	0	3.08159987173347e-10	0.999999961618323
rs132793	310	0.435	AA/GG	1	0.0977	0	2.04246682091617e-10	0.999999984334622
rs132796	310	0.425	AA/GG	1	0.0872	0	2.23775081486065e-10	0.999999979884025
rs132797	311	0.425	AA/GG	1	0.0855	0	2.27361909569238e-10	0.999999979208501
rs132798	311	0.422	AG/GA	1	0.0597	0	3.05158605891452e-10	0.999999961923482
rs132802	314	0.422	AG/GA	1	0.0558	0	3.22786358275302e-10	0.999999961310163
rs132803	315	0.407	AA/GG	1	0.135	0	1.58381173038092e-10	0.999999996339866
rs132804	315	0.407	AG/GA	1	0.135	0	1.58381173038092e-10	0.999999996181485
rs132805	315	0.425	AT/GC	1	0.0822	0	2.34724085030394e-10	0.999999976661535
rs8779	317	0.427	AT/GC	1	0.0824	0	2.34262038149966e-10	0.999999977130521
rs132807	318	0.422	AT/GC	1	0.0822	0	2.34724085030394e-10	0.999999976896259
rs1807497	319	0.407	AC/GA	1	0.132	0	1.611594483899e-10	0.999999995545208
rs1811113	320	0.422	AC/GT	1	0.0832	0	2.32434853304073e-10	0.999999977597218
rs949438	320	0.422	AA/GC	1	0.0928	0	2.12840203931649e-10	0.999999981838889
rs5758404	322	0.422	AG/GA	1	0.0542	0	3.30711507258138e-10	0.999999960987377
rs5751136	322	0.424	AT/GA	1	0.126	0	1.67090479681226e-10	0.999999994888839
rs5758405	323	0.407	AC/GA	1	0.137	0	1.56592977813257e-10	0.999999996968902
rs5758406	323	0.404	AA/GG	1	0.141	0	1.53160725260415e-10	0.999999997895489
rs5758407	323	0.407	AC/GT	1	0.139	0	1.54853493126774e-10	0.999999997434326
rs5758408	324	0.425	AA/GC	1	0.0818	0	2.35654583568801e-10	0.999999976191623
rs5758409	324	0.426	AG/GA	1	0.053	0	3.36952355104697e-10	0.999999959988491
rs6519270	325	0.41	AA/GG	1	0.249	0	1.00729113074762e-10	0.999999999629607
rs148537066	326	0.138	AA/GG	1	0.0142	NA	NA	NA
rs5758411	326	0.427	AG/GA	1	0.053	0	3.36952355104697e-10	0.999999960325444
rs2157287	327	0.408	AT/GC	1	0.133	0	1.60220189088927e-10	0.999999995705428
rs5758412	327	0.427	AT/GA	1	0.0801	0	2.39707110114875e-10	0.999999975005293
rs5758414	327	0.427	AG/GA	1	0.0515	0	3.4514024612185e-10	0.999999959651539
rs13056262	328	0.427	AA/GG	1	0.0799	0	2.40194588711332e-10	0.999999974765586
rs62236556	329	0.145	AG/GA	1	0.00433	NA	NA	NA
rs5758415	329	0.423	AT/GC	1	0.0803	0	2.39221927041602e-10	0.999999975244515
rs5758416	329	0.417	AT/GC	1	0.0808	0	2.38018904345567e-10	0.999999975482534
rs10775759	335	0.408	AT/GC	1	0.14	0	1.54001389867969e-10	0.999999997742329
rs739134	336	0.405	AT/GC	1	0.145	0	1.49907900691068e-10	0.99999999819691
rs739135	336	0.423	AA/GC	1	0.0867	0	2.24816230767254e-10	0.99999997966025
rs2187795	339	0.427	AC/GA	1	0.0928	0	2.12840203931649e-10	0.999999982051729
rs2003816	342	0.416	AT/GG	1	0.0889	0	2.20318020734315e-10	0.999999980325464
rs11090056	342	0.416	AA/GC	1	0.0885	0	2.2112015390891e-10	0.999999980105146
rs2413652	344	0.423	AC/GT	1	0.0666	0	2.78781254395666e-10	0.999999964501507
rs8138780	344	0.423	AA/GT	1	0.0904	0	2.17369801585579e-10	0.999999980982872
rs5758426	345	0.403	AT/GG	1	0.283	0	9.22309088253811e-11	0.999999999818557
rs5758427	346	0.405	AA/GG	1	0.161	0	1.38432972120899e-10	0.999999998335343
rs5751139	346	0.423	AG/GC	1	0.0944	0	2.0994150449729e-10	0.999999982683166
rs739136	347	0.427	AA/GG	1	0.0963	0	2.06617625937099e-10	0.999999983305444
rs6002445	347	0.427	AA/GG	1	0.0963	0	2.06617625937099e-10	0.999999983512062
rs2097413	348	0.364	AG/GA	1	0.411	NA	NA	NA
rs1988153	351	0.4	AA/GG	1	0.174	NA	NA	NA
rs5758428	353	0.418	AG/GA	1	0.102	0	1.97349681969883e-10	0.999999986942967
rs2413653	353	0.415	AT/GC	1	0.102	0	1.97349681969883e-10	0.999999987140317
rs2413654	354	0.415	AT/GC	1	0.103	0	1.95823794852955e-10	0.999999988120962
rs5751141	354	0.415	AA/GG	1	0.105	0	1.92854473289134e-10	0.999999990067242
rs5758430	356	0.4	AG/GT	1	0.178	NA	NA	NA
rs5758431	356	0.4	AA/GG	1	0.183	NA	NA	NA
rs5758432	358	0.425	AT/GC	1	0.136	0	1.57480857545832e-10	0.999999996497347
rs9306355	358	0.419	AA/GT	1	0.0705	0	2.66041479588728e-10	0.999999970980586
rs5758434	363	0.422	AG/GA	1	0.0701	0	2.67286370962884e-10	0.999999969379673
rs739129	365	0.425	AG/GA	1	0.101	0	1.98904100959857e-10	0.99999998615046
rs62239561	367	0.136	AG/GA	1	0.00491	NA	NA	NA
rs2011053	368	0.422	AG/GA	1	0.0665	0	2.79126480032589e-10	0.999999964222726
rs55906525	368	0.132	AT/GG	1	0.00502	NA	NA	NA
rs1807669	369	0.419	AC/GT	1	0.0679	0	2.74380913739917e-10	0.999999965602037
rs739132	369	0.418	AA/GT	1	0.0984	0	2.03085125972381e-10	0.999999984945201
rs738422	370	0.419	AC/GT	1	0.0675	0	2.75717786591586e-10	0.999999964777225
rs2092274	370	0.4	AA/GG	1	0.164	NA	NA	NA
rs5758436	371	0.418	AC/GT	1	0.112	0	1.83253003720044e-10	0.99999999401269
rs5758437	372	0.4	AC/GT	1	0.171	NA	NA	NA
rs2179332	373	0.133	AC/GG	1	0.00425	NA	NA	NA
rs2064189	374	0.415	AT/GC	1	0.0715	0	2.62986914212504e-10	0.999999971507467
rs5751144	374	0.419	AG/GA	1	0.0694	0	2.6949757148698e-10	0.999999968039463
rs2413656	376	0.422	AG/GT	1	0.0654	0	2.82989834269039e-10	0.999999963381501
rs2092275	376	0.418	AT/GC	1	0.102	0	1.97349681969883e-10	0.999999986745618
rs13054514	377	0.419	AA/GG	1	0.0663	0	2.79819886247495e-10	0.999999963943599
rs5758439	378	0.422	AC/GT	1	0.1	0	2.0048787580349e-10	0.999999985752652
rs5758440	379	0.422	AT/GC	1	0.0703	0	2.66662250616993e-10	0.999999970447882
rs5758441	379	0.422	AC/GA	1	0.069	0	2.70780157711082e-10	0.999999966690377
rs5758442	379	0.422	AT/GC	1	0.069	0	2.70780157711082e-10	0.999999966419597
rs5758443	380	0.422	AG/GA	1	0.102	0	1.97349681969883e-10	0.999999987337667
rs5751145	380	0.432	AC/GT	1	0.115	0	1.79476902960544e-10	0.999999994553618
rs5758444	380	0.422	AT/GA	1	0.107	0	1.89990136687545e-10	0.999999991220059
rs2899346	381	0.422	AT/GC	1	0.103	0	1.95823794852955e-10	0.999999987729314
rs768414	382	0.419	AT/GC	1	0.103	0	1.95823794852955e-10	0.999999988708433
rs8141103	383	0.415	AT/GC	1	0.11	0	1.8587840145633e-10	0.999999992536165
rs5758447	385	0.422	AG/GT	1	0.0734	0	2.57400327160886e-10	0.999999972281694
rs5751147	385	0.425	AG/GA	1	0.104	0	1.9432564651151e-10	0.99999998929141
rs5751148	385	0.422	AA/GG	1	0.108	0	1.88595581318224e-10	0.999999991975836
rs5751149	386	0.422	AA/GG	1	0.107	0	1.89990136687545e-10	0.999999991410049
rs5758449	387	0.426	AC/GT	1	0.0701	0	2.67286370962884e-10	0.999999969112387
rs5996058	388	0.418	AA/GG	1	0.112	0	1.83253003720044e-10	0.999999993646185
rs5758450	388	0.422	AG/GA	1	0.105	0	1.92854473289134e-10	0.999999990645805
rs964898	389	0.422	AT/GC	1	0.112	0	1.83253003720044e-10	0.999999993829437
rs964899	389	0.432	AG/GA	1	0.135	0	1.58381173038092e-10	0.999999996023104
rs1883368	390	0.422	AG/GA	1	0.0746	0	2.54010737616437e-10	0.999999973047948
rs1883369	390	0.418	AA/GG	1	0.11	0	1.8587840145633e-10	0.999999992722043
rs5758452	391	0.426	AG/GA	1	0.0703	0	2.66662250616993e-10	0.999999970714544
rs1807725	394	0.418	AA/GG	1	0.101	0	1.98904100959857e-10	0.999999985951556
rs715498	395	0.422	AG/GA	1	0.096	0	2.07134182420046e-10	0.999999983098827
rs1534932	397	0.432	AC/GT	1	0.104	0	1.9432564651151e-10	0.999999989485736
rs2050031	399	0.422	AA/GG	1	0.0926	0	2.13209193543467e-10	0.999999981626049
rs2050032	399	0.436	AC/GT	1	0.0347	0	4.819885946863e-10	0.99999995006907
rs17377643	399	0.134	AA/GC	1	0.0156	NA	NA	NA
rs5751150	400	0.422	AT/GG	1	0.098	0	2.03746952648323e-10	0.999999984538369
rs5758458	401	0.422	AG/GA	1	0.098	0	2.03746952648323e-10	0.999999984742116
rs4401299	403	0.415	AA/GG	1	0.0758	0	2.50722704074618e-10	0.999999973298671
rs5751153	403	0.415	AT/GC	1	0.109	0	1.87225214721501e-10	0.999999992350286
rs5758459	403	0.415	AT/GC	1	0.113	0	1.81973256052824e-10	0.999999994194664
rs2899347	405	0.428	AT/GC	1	0.127	0	1.66065202089656e-10	0.999999995054904
rs713988	405	0.419	AA/GG	1	0.108	0	1.88595581318224e-10	0.999999991598645
rs2050033	406	0.419	AG/GT	1	0.112	0	1.83253003720044e-10	0.999999993462931
rs2064188	406	0.419	AC/GT	1	0.079	0	2.42417100244853e-10	0.999999974525391
rs5758461	409	0.415	AG/GC	1	0.104	0	1.9432564651151e-10	0.999999988902759
rs2899348	411	0.418	AC/GG	1	0.106	0	1.91409539609018e-10	0.999999991030069
rs2899349	411	0.415	AT/GC	1	0.105	0	1.92854473289134e-10	0.999999990452951
rs2413659	411	0.407	AA/GG	1	0.0735	0	2.57113865402319e-10	0.999999972538808
rs1983576	413	0.415	AG/GA	1	0.11	0	1.8587840145633e-10	0.999999992907922
rs5996062	414	0.415	AC/GG	1	0.109	0	1.87225214721501e-10	0.999999992163061
rs6002474	415	0.415	AA/GG	1	0.105	0	1.92854473289134e-10	0.999999990260096
rs5996063	415	0.418	AG/GA	1	0.104	0	1.9432564651151e-10	0.999999989097085
rs6519288	416	0.41	AG/GA	1	0.0702	0	2.66973890398168e-10	0.99999997018122
rs5751156	416	0.415	AA/GG	1	0.103	0	1.95823794852955e-10	0.999999988316786
rs6519289	417	0.415	AA/GC	1	0.103	0	1.95823794852955e-10	0.999999987925138
rs17377987	417	0.136	AG/GC	1	2.1e-06	NA	NA	NA
rs5758464	418	0.415	AT/GC	1	0.115	0	1.79476902960544e-10	0.999999994374141
rs9623450	422	0.419	AG/GA	1	0.0692	0	2.70137111677213e-10	0.999999966960514
rs5758465	422	0.415	AT/GC	1	0.103	0	1.95823794852955e-10	0.999999987533491
rs5751159	422	0.414	AG/GA	1	0.0656	0	2.82278291449885e-10	0.999999963663779
rs5751160	422	0.418	AA/GG	1	0.0993	0	2.01614442175373e-10	0.999999985552164
rs5758466	422	0.414	AG/GA	1	0.0678	0	2.7471373310185e-10	0.999999965327656
rs6002480	423	0.398	AT/GA	1	0.158	NA	NA	NA
rs4822050	424	0.411	AC/GG	1	0.0644	0	2.86610225986863e-10	0.999999963098511
rs45500192	424	0.412	AG/GA	1	0.101	0	1.98904100959857e-10	0.999999986548268
rs139540	424	0.412	AT/GC	1	0.0832	0	2.32434853304073e-10	0.999999977829653
rs126092	425	0.412	AA/GG	1	0.0914	0	2.15455156163882e-10	0.999999981198327
rs139545	428	0.418	AC/GT	1	0.0964	0	2.06446115539397e-10	0.999999983718508
rs8137029	432	0.198	AC/GT	1	0.342	NA	NA	NA
rs9607841	433	0.412	AA/GG	1	0.0941	0	2.10477914840601e-10	0.999999982473224
rs9611667	433	0.425	AT/GC	1	0.101	0	1.98904100959857e-10	0.999999986349364
rs139553	434	0.415	AT/GC	1	0.0857	0	2.2693295210699e-10	0.999999979435434
rs139559	438	0.411	AG/GA	1	0.0853	0	2.27792767699626e-10	0.999999978981139
rs73163343	439	0.415	AA/GG	1	0.0987	0	2.02592082605308e-10	0.999999985350549
rs9607842	439	0.415	AA/GG	1	0.0986	0	2.02756115428905e-10	0.999999985147957
rs4822052	440	0.397	AA/GG	1	0.163	NA	NA	NA
rs4820443	440	0.419	AC/GT	1	0.0919	0	2.14512603575889e-10	0.999999981412839
rs139560	441	0.414	AG/GA	1	0.0967	0	2.05933595508606e-10	0.999999984130375
rs139561	442	0.419	AC/GT	1	0.0967	0	2.05933595508606e-10	0.999999983924442
rs139562	443	0.419	AC/GG	1	0.103	0	1.95823794852955e-10	0.999999988512609
rs4239895	444	0.131	AC/GG	1	0.00827	NA	NA	NA
rs139564	445	0.422	AT/GC	1	0.0938	0	2.11017566522636e-10	0.999999982262746
rs139566	446	0.415	AG/GA	1	0.0952	0	2.08526698828792e-10	0.999999982891693
rs73163354	447	0.415	AG/GA	1	0.104	0	1.9432564651151e-10	0.999999989874387
rs74705753	448	0.139	AG/GA	1	0.0159	NA	NA	NA
rs4820444	449	0.415	AA/GG	1	0.105	0	1.92854473289134e-10	0.99999999083866
rs112524762	449	0.415	AA/GG	1	0.104	0	1.9432564651151e-10	0.999999989680061
rs9611671	451	0.415	AA/GG	1	0.108	0	1.88595581318224e-10	0.99999999178724
rs4512	452	0.428	AC/GG	1	0.11	0	1.8587840145633e-10	0.999999993279678
rs6002503	455	0.162	AG/GA	1	0.504	NA	NA	NA
rs9611672	456	0.415	AG/GA	1	0.0824	0	2.34262038149966e-10	0.999999977364783
rs139568	457	0.169	AC/GT	1	0.383	NA	NA	NA
rs139569	458	0.378	AG/GA	1	0.0444	NA	NA	NA
rs4822053	459	0.355	AA/GC	1	0.0345	NA	NA	NA
rs139571	461	0.415	AA/GG	1	0.089	0	2.20118552118915e-10	0.999999980545582
rs139572	461	0.41	AA/GG	1	0.0843	0	2.29976024741831e-10	0.999999978753347
rs139573	461	0.41	AA/GG	1	0.0834	0	2.31983234883095e-10	0.999999978061636
rs4820446	462	0.41	AT/GC	1	0.0787	0	2.4316861120145e-10	0.999999974282974
rs7364123	463	0.358	AG/GA	1	0.0417	NA	NA	NA
rs56229399	465	0.164	AA/GG	1	0.0123	NA	NA	NA
rs4822055	466	0.154	AC/GG	1	0.0158	NA	NA	NA
rs4822056	466	0.154	AA/GG	1	0.0146	NA	NA	NA
rs8137791	467	0.137	AA/GG	1	0.0154	NA	NA	NA
rs8138849	467	0.116	AG/GT	1	0.0539	NA	NA	NA
rs41281295	468	0.154	AT/GC	1	0.0138	NA	NA	NA
rs41277466	468	0.154	AT/GC	1	0.0126	NA	NA	NA
rs41277467	468	0.157	AT/GC	1	0.0124	NA	NA	NA
rs77889640	471	0.138	AC/GG	1	0.00873	NA	NA	NA
rs55760438	473	0.144	AA/GT	1	0.011	NA	NA	NA
rs57380124	473	0.135	AA/GG	1	0.0107	NA	NA	NA
rs4822057	473	0.135	AG/GA	1	0.0106	NA	NA	NA
rs4822058	473	0.135	AG/GA	1	0.00995	NA	NA	NA
rs2006638	479	0.132	AT/GC	1	0.0113	NA	NA	NA
rs76902725	479	0.115	AT/GC	1	0.0879	NA	NA	NA
rs4822060	480	0.135	AA/GG	1	0.0111	NA	NA	NA
rs7287010	481	0.115	AT/GC	1	0.0146	NA	NA	NA
rs7293096	482	0.135	AC/GT	1	0.0111	NA	NA	NA
rs1124998	486	0.135	AT/GC	1	0.0112	NA	NA	NA
rs7292219	491	0.133	AA/GG	1	0.013	NA	NA	NA
rs34587252	492	0.133	AA/GG	1	0.00972	NA	NA	NA
rs67057013	498	0.135	AC/GT	1	0.0183	NA	NA	NA
rs55834311	499	0.135	AG/GC	1	0.0181	NA	NA	NA
rs7292386	499	0.135	AG/GA	1	0.0173	NA	NA	NA
rs17002706	505	0.135	AG/GC	1	0.0159	NA	NA	NA
rs2413662	507	0.135	AG/GC	1	0.0148	NA	NA	NA
rs4820447	515	0.135	AT/GC	1	0.0177	NA	NA	NA
rs4822061	517	0.135	AA/GC	1	0.0116	NA	NA	NA
rs4822062	521	0.137	AA/GG	1	0.0179	NA	NA	NA
rs73163396	524	0.149	AA/GC	1	0.0183	NA	NA	NA
rs4822064	526	0.119	AC/GG	1	0.0316	NA	NA	NA
rs8139212	573	0.138	AA/GG	1	0.00372	NA	NA	NA
rs112045239	576	0.14	AA/GG	1	0.00127	NA	NA	NA
rs6002545	580	0.125	AG/GC	1	0.00196	NA	NA	NA
rs73432628	581	0.126	AT/GC	1	0.00273	NA	NA	NA
rs8135804	581	0.126	AT/GC	1	0.0028	NA	NA	NA
rs67516067	582	0.132	AA/GG	1	0.00246	NA	NA	NA
rs73165147	583	0.141	AG/GA	1	0.004	NA	NA	NA
rs12483944	583	0.126	AT/GC	1	0.00292	NA	NA	NA
rs6002551	585	0.125	AA/GG	1	0.00204	NA	NA	NA
rs73165152	587	0.138	AA/GG	1	0.00563	NA	NA	NA
rs3752592	589	0.126	AT/GG	1	0.00438	NA	NA	NA
rs5996091	591	0.112	AG/GA	1	0.0976	NA	NA	NA
rs8141722	591	0.109	AA/GG	1	0.0886	NA	NA	NA
rs2157591	594	0.109	AC/GG	1	0.113	NA	NA	NA
rs6519297	596	0.1	AA/GG	1	0.0576	NA	NA	NA
rs4822070	598	0.1	AG/GA	1	0.0563	NA	NA	NA
rs73417007	600	0.111	AG/GA	1	0.0908	NA	NA	NA
rs67222508	602	0.101	AG/GC	1	0.0987	NA	NA	NA
rs78863773	603	0.111	AT/GG	1	0.111	NA	NA	NA
