SNP	KB	R2	Alleles	F	P	inCredible	probNorm	cumSum
rs11633788	0	1	A	1	1.23e-08	1	0.280713964344395	0.280713964344395
rs2585044	-999	0.123	AC/TT	1	0.0313	NA	NA	NA
rs2585045	-999	0.12	AA/TG	1	0.0434	NA	NA	NA
rs2585046	-996	0.12	AA/TG	1	0.0367	NA	NA	NA
rs2730075	-991	0.125	AG/TA	1	0.029	NA	NA	NA
rs890309	-932	0.109	AA/TG	1	0.491	NA	NA	NA
rs35075309	-930	0.167	AA/TG	1	0.0505	NA	NA	NA
rs2585047	-928	0.113	AA/TG	1	0.412	NA	NA	NA
rs2554381	-927	0.109	AC/TT	1	0.39	NA	NA	NA
rs2562775	-926	0.107	AC/TT	1	0.392	NA	NA	NA
rs968069	-926	0.107	AA/TG	1	0.38	NA	NA	NA
rs1896813	-926	0.109	AG/TA	1	0.459	NA	NA	NA
rs2554389	-915	0.113	AT/TC	1	0.523	NA	NA	NA
rs2562761	-910	0.111	AT/TG	1	0.583	NA	NA	NA
rs2554388	-909	0.109	AA/TG	1	0.525	NA	NA	NA
rs2585053	-909	0.111	AC/TT	1	0.529	NA	NA	NA
rs2554387	-908	0.115	AC/TG	1	0.598	NA	NA	NA
rs2585063	-906	0.115	AT/TC	1	0.684	NA	NA	NA
rs2585067	-901	0.113	AC/TT	1	0.494	NA	NA	NA
rs2585066	-900	0.115	AA/TG	1	0.547	NA	NA	NA
rs2585065	-897	0.113	AG/TA	1	0.445	NA	NA	NA
rs8038389	-892	0.119	AA/TG	1	0.311	NA	NA	NA
rs2585051	-891	0.117	AG/TA	1	0.325	NA	NA	NA
rs12915150	-888	0.119	AA/TT	1	0.295	NA	NA	NA
rs11636275	-886	0.117	AC/TT	1	0.281	NA	NA	NA
rs7179147	-879	0.115	AT/TC	1	0.295	NA	NA	NA
rs7171604	-879	0.115	AA/TG	1	0.254	NA	NA	NA
rs2401129	-878	0.113	AG/TA	1	0.253	NA	NA	NA
rs4843155	-877	0.119	AG/TA	1	0.237	NA	NA	NA
rs12898714	-869	0.169	AG/TA	1	0.0528	NA	NA	NA
rs11259917	-862	0.172	AC/TT	1	0.0541	NA	NA	NA
rs11638104	-860	0.172	AC/TT	1	0.0412	NA	NA	NA
rs12908587	-860	0.172	AG/TA	1	0.051	NA	NA	NA
rs12908469	-860	0.172	AT/TC	1	0.044	NA	NA	NA
rs12910446	-854	0.178	AA/TG	1	0.0546	NA	NA	NA
rs12917432	-853	0.178	AT/TC	1	0.0618	NA	NA	NA
rs12908597	-850	0.178	AT/TG	1	0.0642	NA	NA	NA
rs71408817	-849	0.178	AT/TC	1	0.054	NA	NA	NA
rs12902288	-847	0.172	AC/TA	1	0.0561	NA	NA	NA
rs12439816	-845	0.172	AG/TA	1	0.0526	NA	NA	NA
rs12900358	-843	0.189	AG/TA	1	0.0259	NA	NA	NA
rs12441069	-840	0.168	AT/TC	1	0.0582	NA	NA	NA
rs12441269	-838	0.168	AG/TA	1	0.0553	NA	NA	NA
rs4843157	-837	0.171	AT/TC	1	0.0666	NA	NA	NA
rs12438035	-831	0.171	AT/TC	1	0.0732	NA	NA	NA
rs4265771	-829	0.168	AG/TA	1	0.051	NA	NA	NA
rs12903851	-829	0.164	AG/TA	1	0.0528	NA	NA	NA
rs11259918	-828	0.168	AT/TC	1	0.0582	NA	NA	NA
rs12441956	-825	0.168	AC/TA	1	0.0481	NA	NA	NA
rs4477659	-822	0.171	AT/TC	1	0.0611	NA	NA	NA
rs4583200	-817	0.215	AC/TT	1	0.0221	NA	NA	NA
rs4486845	-816	0.221	AT/TC	1	0.0215	NA	NA	NA
rs12900542	-812	0.218	AC/TG	1	0.023	NA	NA	NA
rs77669184	-809	0.215	AG/TT	1	0.0229	NA	NA	NA
rs12912713	-805	0.223	AC/TA	1	0.0233	NA	NA	NA
rs35104757	-799	0.226	AG/TA	1	0.0311	NA	NA	NA
rs12901128	-798	0.224	AT/TC	1	0.0316	NA	NA	NA
rs11632002	-796	0.229	AT/TC	1	0.0342	NA	NA	NA
rs12917201	-795	0.229	AC/TG	1	0.0322	NA	NA	NA
rs11634891	-792	0.229	AC/TT	1	0.0349	NA	NA	NA
rs12905564	-790	0.229	AC/TG	1	0.0341	NA	NA	NA
rs62025812	-790	0.229	AG/TA	1	0.0341	NA	NA	NA
rs35651801	-786	0.229	AC/TT	1	0.0383	NA	NA	NA
rs12901568	-783	0.229	AC/TT	1	0.041	NA	NA	NA
rs12915913	-774	0.227	AA/TG	1	0.0403	NA	NA	NA
rs141978916	-772	0.227	AT/TC	1	0.0543	NA	NA	NA
rs12900183	-768	0.231	AA/TG	1	0.0479	NA	NA	NA
rs12901281	-768	0.235	AA/TC	1	0.0578	NA	NA	NA
rs4842837	-764	0.235	AG/TA	1	0.0566	NA	NA	NA
rs12902486	-759	0.241	AG/TC	1	0.0572	NA	NA	NA
rs12907471	-758	0.241	AG/TA	1	0.0567	NA	NA	NA
rs12904215	-755	0.238	AA/TG	1	0.0571	NA	NA	NA
rs11637095	-749	0.238	AG/TA	1	0.0596	NA	NA	NA
rs12912911	-748	0.238	AT/TG	1	0.0612	NA	NA	NA
rs4842922	-744	0.227	AT/TC	1	0.137	NA	NA	NA
rs10520575	-742	0.241	AG/TA	1	0.0612	NA	NA	NA
rs12914343	-741	0.241	AG/TA	1	0.0639	NA	NA	NA
rs12906247	-738	0.241	AG/TT	1	0.0642	NA	NA	NA
rs12898254	-735	0.238	AA/TC	1	0.0626	NA	NA	NA
rs11637264	-725	0.241	AC/TT	1	0.0572	NA	NA	NA
rs12906624	-722	0.241	AA/TT	1	0.0637	NA	NA	NA
rs2401181	-720	0.241	AA/TG	1	0.0644	NA	NA	NA
rs12900888	-719	0.241	AC/TA	1	0.0641	NA	NA	NA
rs12900668	-719	0.241	AT/TC	1	0.0649	NA	NA	NA
rs4842839	-718	0.241	AA/TG	1	0.0654	NA	NA	NA
rs11633094	-717	0.236	AG/TA	1	0.0615	NA	NA	NA
rs12917345	-716	0.236	AT/TC	1	0.0653	NA	NA	NA
rs12916203	-716	0.236	AT/TG	1	0.0653	NA	NA	NA
rs12907501	-714	0.236	AA/TG	1	0.0644	NA	NA	NA
rs12905660	-712	0.259	AC/TT	1	0.0612	NA	NA	NA
rs11632808	-701	0.273	AA/TG	1	0.0541	NA	NA	NA
rs12912141	-699	0.273	AA/TG	1	0.0556	NA	NA	NA
rs12916195	-696	0.273	AA/TT	1	0.0589	NA	NA	NA
rs12914327	-695	0.273	AC/TG	1	0.059	NA	NA	NA
rs12901723	-694	0.273	AA/TG	1	0.0601	NA	NA	NA
rs12898206	-691	0.277	AA/TG	1	0.0534	NA	NA	NA
rs12910871	-687	0.277	AT/TC	1	0.0525	NA	NA	NA
rs12909818	-687	0.101	AC/TG	1	0.367	NA	NA	NA
rs62027811	-686	0.277	AG/TA	1	0.0578	NA	NA	NA
rs12912715	-684	0.277	AG/TT	1	0.0577	NA	NA	NA
rs12912896	-684	0.277	AC/TT	1	0.0529	NA	NA	NA
rs4240769	-684	0.277	AA/TG	1	0.0561	NA	NA	NA
rs12900391	-682	0.112	AG/TA	1	0.277	NA	NA	NA
rs34411238	-681	0.275	AT/TC	1	0.0417	NA	NA	NA
rs12914184	-675	0.275	AA/TT	1	0.0416	NA	NA	NA
rs12910084	-675	0.275	AT/TA	1	0.0416	NA	NA	NA
rs12916106	-674	0.131	AG/TA	1	0.702	NA	NA	NA
rs12900895	-673	0.275	AG/TA	1	0.0449	NA	NA	NA
rs7166641	-667	0.132	AT/TC	1	0.777	NA	NA	NA
rs4842841	-664	0.34	AA/TG	1	0.00532	NA	NA	NA
rs4842927	-662	0.243	AA/TT	1	0.135	NA	NA	NA
rs4842842	-661	0.336	AG/TA	1	0.00447	NA	NA	NA
rs7171383	-660	0.102	AT/TA	1	0.888	NA	NA	NA
rs4354897	-660	0.338	AC/TT	1	0.00269	NA	NA	NA
rs4374136	-660	0.338	AC/TG	1	0.00288	NA	NA	NA
rs4359399	-660	0.228	AA/TT	1	0.129	NA	NA	NA
rs713467	-659	0.119	AG/TA	1	0.625	NA	NA	NA
rs713468	-658	0.306	AG/TA	1	0.00556	NA	NA	NA
rs881984	-658	0.306	AC/TT	1	0.00555	NA	NA	NA
rs881983	-658	0.331	AT/TC	1	0.00335	NA	NA	NA
rs8031704	-654	0.309	AA/TC	1	0.00448	NA	NA	NA
rs62027818	-644	0.331	AC/TT	1	0.00283	NA	NA	NA
rs12900471	-644	0.306	AC/TT	1	0.00483	NA	NA	NA
rs11638600	-644	0.306	AA/TG	1	0.00454	NA	NA	NA
rs2135877	-642	0.306	AG/TA	1	0.00496	NA	NA	NA
rs12912716	-641	0.334	AT/TA	1	0.0029	NA	NA	NA
rs12913054	-641	0.331	AG/TA	1	0.00292	NA	NA	NA
rs11633088	-633	0.336	AA/TT	1	0.00323	NA	NA	NA
rs12912812	-632	0.225	AG/TA	1	0.0273	NA	NA	NA
rs12911536	-632	0.351	AT/TG	1	0.00244	NA	NA	NA
rs4842929	-632	0.219	AG/TC	1	0.0163	NA	NA	NA
rs12903883	-625	0.357	AG/TA	1	0.0045	NA	NA	NA
rs4297647	-625	0.228	AC/TT	1	0.0119	NA	NA	NA
rs765524	-623	0.357	AT/TG	1	0.00525	NA	NA	NA
rs7183235	-619	0.216	AC/TA	1	0.0194	NA	NA	NA
rs12914602	-617	0.226	AG/TT	1	0.0129	NA	NA	NA
rs12911612	-614	0.361	AC/TT	1	0.00143	NA	NA	NA
rs12905952	-614	0.361	AA/TG	1	0.00145	NA	NA	NA
rs34529571	-613	0.361	AG/TA	1	0.00131	NA	NA	NA
rs2895992	-607	0.241	AA/TG	1	0.00474	NA	NA	NA
rs12901010	-606	0.358	AA/TG	1	0.00228	NA	NA	NA
rs12901166	-606	0.358	AA/TG	1	0.00224	NA	NA	NA
rs34672825	-602	0.446	AT/TC	1	0.000657	0	8.40816057552888e-06	0.999992443449811
rs11637666	-601	0.461	AG/TA	1	0.000345	0	1.53332828511316e-05	0.999973272992452
rs950169	-599	0.392	AT/TC	1	2.93e-05	NA	NA	NA
rs2135551	-597	0.393	AG/TA	1	6.47e-05	NA	NA	NA
rs12902672	-588	0.396	AA/TG	1	6.15e-05	NA	NA	NA
rs1818950	-583	0.399	AG/TA	1	3.8e-05	NA	NA	NA
rs12903820	-581	0.396	AG/TA	1	4.32e-05	NA	NA	NA
rs12915589	-571	0.396	AC/TT	1	4.17e-05	NA	NA	NA
rs66801143	-568	0.399	AT/TC	1	2.48e-05	NA	NA	NA
rs35648189	-564	0.396	AC/TT	1	2.67e-05	NA	NA	NA
rs35397346	-562	0.399	AT/TC	1	3.06e-05	NA	NA	NA
rs17300048	-556	0.396	AT/TC	1	4.44e-05	NA	NA	NA
rs1848093	-550	0.4	AC/TG	1	3.75e-05	NA	NA	NA
rs1848095	-549	0.129	AT/TG	1	0.055	NA	NA	NA
rs12915234	-547	0.392	AA/TG	1	3.07e-05	NA	NA	NA
rs34751999	-547	0.4	AC/TT	1	3.33e-05	NA	NA	NA
rs1567086	-546	0.103	AG/TA	1	0.818	NA	NA	NA
rs35181082	-546	0.4	AC/TT	1	4.23e-05	NA	NA	NA
rs17300292	-543	0.4	AC/TG	1	4.07e-05	NA	NA	NA
rs11637533	-541	0.4	AG/TA	1	4.09e-05	NA	NA	NA
rs7171634	-541	0.103	AA/TG	1	0.853	NA	NA	NA
rs7178655	-541	0.103	AG/TT	1	0.858	NA	NA	NA
rs7177414	-540	0.103	AA/TG	1	0.857	NA	NA	NA
rs12916348	-540	0.4	AT/TC	1	3.4e-05	NA	NA	NA
rs35297609	-532	0.396	AG/TA	1	3.46e-05	NA	NA	NA
rs62026530	-529	0.396	AT/TG	1	3.59e-05	NA	NA	NA
rs11638394	-526	0.396	AA/TG	1	3.08e-05	NA	NA	NA
rs35658069	-525	0.396	AT/TC	1	3.55e-05	NA	NA	NA
rs11638297	-523	0.396	AC/TA	1	3.8e-05	NA	NA	NA
rs11637158	-520	0.142	AT/TC	1	0.306	NA	NA	NA
rs79318564	-519	0.396	AA/TG	1	3.21e-05	NA	NA	NA
rs1911155	-518	0.396	AG/TA	1	3.45e-05	NA	NA	NA
rs12915390	-513	0.396	AC/TT	1	3.34e-05	NA	NA	NA
rs12911210	-513	0.396	AC/TA	1	3.31e-05	NA	NA	NA
rs12910413	-513	0.142	AA/TG	1	0.316	NA	NA	NA
rs1964060	-512	0.142	AA/TG	1	0.316	NA	NA	NA
rs12902070	-512	0.396	AC/TT	1	3.64e-05	NA	NA	NA
rs62026536	-511	0.396	AG/TA	1	3.4e-05	NA	NA	NA
rs12905475	-505	0.399	AA/TG	1	2.33e-05	NA	NA	NA
rs35159785	-501	0.396	AA/TG	1	3.38e-05	NA	NA	NA
rs71395431	-499	0.392	AA/TG	1	1.5e-05	NA	NA	NA
rs66486766	-499	0.392	AA/TG	1	1.64e-05	NA	NA	NA
rs2063036	-493	0.105	AA/TG	1	0.0229	NA	NA	NA
rs4842937	-491	0.431	AT/TC	1	4.12e-05	0	0.000113668978589148	0.995925493028018
rs12595694	-489	0.106	AA/TT	1	0.0355	NA	NA	NA
rs11635160	-488	0.126	AG/TA	1	0.0893	NA	NA	NA
rs4494498	-488	0.421	AT/TG	1	8.5e-05	0	5.72537613433125e-05	0.997574246870596
rs8037078	-486	0.417	AA/TG	1	8.47e-05	0	5.7445369829439e-05	0.997516993109253
rs4586394	-483	0.408	AG/TA	1	7.54e-05	0	6.41216241923902e-05	0.99739884591341
rs10444973	-482	0.126	AG/TT	1	0.0873	NA	NA	NA
rs8025070	-481	0.417	AA/TG	1	5.36e-05	0	8.85716075979395e-05	0.996530453971377
rs4842939	-477	0.404	AC/TT	1	7.99e-05	0	6.07018260131665e-05	0.997459547739424
rs61148413	-477	0.108	AT/TA	1	0.0429	NA	NA	NA
rs11634849	-476	0.126	AG/TT	1	0.0535	NA	NA	NA
rs6603022	-475	0.417	AT/TC	1	0.000105	0	4.68967107337569e-05	0.998283977273286
rs4842940	-474	0.421	AC/TT	1	0.000127	0	3.91947106422127e-05	0.999163632941494
rs4842941	-474	0.421	AG/TC	1	0.000127	0	3.91947106422127e-05	0.999046048809568
rs12911223	-473	0.421	AG/TA	1	0.000127	0	3.91947106422127e-05	0.999124438230852
rs11639244	-472	0.417	AA/TG	1	9.88e-05	0	4.9669690331071e-05	0.998090210137285
rs4106951	-472	0.421	AG/TC	1	0.000126	0	3.94878414172099e-05	0.999006854098926
rs10083628	-471	0.126	AC/TG	1	0.0534	NA	NA	NA
rs55639064	-390	0.123	AC/TT	1	0.117	NA	NA	NA
rs56179839	-390	0.123	AC/TT	1	0.118	NA	NA	NA
rs4337266	-389	0.421	AT/TG	1	0.000124	0	4.00879222974281e-05	0.998887790493794
rs4338765	-388	0.421	AT/TG	1	0.000137	0	3.64930796953711e-05	0.999574993227174
rs4536430	-388	0.484	AC/TT	1	0.000737	0	7.55655018881809e-06	1
rs3897130	-388	0.124	AC/TT	1	0.0641	NA	NA	NA
rs2401448	-387	0.421	AT/TG	1	0.000115	0	4.303969093129e-05	0.998599199468487
rs2401446	-387	0.129	AG/TT	1	0.124	NA	NA	NA
rs34709882	-386	0.129	AG/TA	1	0.115	NA	NA	NA
rs62028133	-386	0.414	AC/TA	1	0.000129	0	3.86217412442649e-05	0.999202254682739
rs17589320	-385	0.421	AA/TC	1	0.000123	0	4.03950934373503e-05	0.998847702571496
rs35203246	-384	0.421	AA/TG	1	0.000126	0	3.94878414172099e-05	0.998967366257508
rs71395439	-384	0.128	AA/TC	1	0.124	NA	NA	NA
rs4502182	-382	0.417	AG/TA	1	0.00013	0	3.8341701371085e-05	0.999278938085481
rs4842846	-381	0.421	AA/TG	1	0.000133	0	3.75262163835385e-05	0.999354258332623
rs11635803	-380	0.129	AG/TT	1	0.122	NA	NA	NA
rs34828875	-377	0.127	AG/TA	1	0.143	NA	NA	NA
rs12916198	-376	0.424	AG/TC	1	0.000121	0	4.10242767761987e-05	0.998725258924506
rs35156560	-376	0.424	AT/TA	1	0.000138	0	3.62439179324312e-05	0.999611237145106
rs4842942	-375	0.128	AT/TC	1	0.128	NA	NA	NA
rs12906983	-374	0.394	AA/TG	1	0.000145	NA	NA	NA
rs4842847	-374	0.417	AA/TG	1	0.000139	0	3.59982501356516e-05	0.999647235395242
rs4842943	-374	0.108	AG/TA	1	0.0659	NA	NA	NA
rs34544031	-370	0.417	AA/TC	1	0.000147	0	3.41502665314708e-05	0.99971714166441
rs35733428	-369	0.417	AT/TC	1	0.000136	0	3.67458112339028e-05	0.999501754336244
rs149987188	-369	0.417	AA/TG	1	0.000136	0	3.67458112339028e-05	0.99946500852501
rs11639302	-367	0.417	AA/TG	1	0.000174	0	2.9139417434549e-05	0.999878681713908
rs62028142	-364	0.417	AA/TG	1	0.000135	0	3.70021905768106e-05	0.999428262713777
rs35372971	-363	0.401	AA/TG	1	0.000177	0	2.86747258992128e-05	0.999907356439807
rs4842852	-363	0.417	AG/TA	1	0.000154	0	3.26869190692607e-05	0.999817053910689
rs4842853	-363	0.417	AT/TG	1	0.00015	0	3.350682595664e-05	0.99978436699162
rs4842946	-363	0.417	AA/TG	1	0.00014	0	3.57560026364094e-05	0.999682991397878
rs4842854	-363	0.417	AG/TT	1	0.000136	0	3.67458112339028e-05	0.999538500147478
rs12910381	-361	0.417	AC/TG	1	0.000132	0	3.77940307585605e-05	0.999316732116239
rs12911596	-361	0.417	AT/TC	1	0.000113	0	4.37578259476774e-05	0.998556159777556
rs62028145	-361	0.109	AC/TG	1	0.0704	NA	NA	NA
rs1134020	-361	0.417	AT/TG	1	0.000117	0	4.23455004428799e-05	0.99868423464773
rs2896002	-360	0.407	AG/TA	1	0.000135	0	3.70021905768106e-05	0.9993912605232
rs3860265	-360	0.417	AT/TC	1	0.000121	0	4.10242767761987e-05	0.998766283201283
rs2401432	-360	0.417	AT/TC	1	0.000121	0	4.10242767761987e-05	0.998807307478059
rs2033284	-359	0.4	AT/TC	1	0.000123	NA	NA	NA
rs11632988	-355	0.414	AG/TA	1	0.000178	0	2.85232191837178e-05	0.999935879658991
rs34591918	-354	0.417	AT/TC	1	0.000112	0	4.41262669935528e-05	0.998512401951608
rs35407501	-354	0.417	AA/TG	1	0.000127	0	3.91947106422127e-05	0.99908524352021
rs1864257	-354	0.126	AC/TT	1	0.082	NA	NA	NA
rs8029625	-354	0.126	AC/TT	1	0.0856	NA	NA	NA
rs8025370	-354	0.126	AG/TA	1	0.0831	NA	NA	NA
rs8029806	-354	0.126	AG/TT	1	0.081	NA	NA	NA
rs8025728	-354	0.126	AG/TA	1	0.0789	NA	NA	NA
rs8024271	-353	0.126	AC/TG	1	0.0804	NA	NA	NA
rs12911783	-353	0.126	AC/TT	1	0.0917	NA	NA	NA
rs12903946	-351	0.417	AC/TT	1	9.76e-05	0	5.02460502419657e-05	0.998040540446954
rs8031662	-350	0.126	AC/TT	1	0.0759	NA	NA	NA
rs8025335	-350	0.126	AC/TG	1	0.0772	NA	NA	NA
rs10796329	-350	0.126	AA/TG	1	0.0735	NA	NA	NA
rs35986397	-350	0.414	AA/TG	1	0.000106	0	4.64790987260469e-05	0.998376935470738
rs62029593	-350	0.417	AG/TA	1	9.73e-05	0	5.03923061841327e-05	0.997939999692018
rs62029594	-350	0.417	AC/TT	1	9.75e-05	0	5.02947046943146e-05	0.997990294396712
rs62029595	-350	0.417	AT/TC	1	8.81e-05	0	5.53483933754157e-05	0.997629595263972
rs62029596	-350	0.417	AG/TA	1	9.43e-05	0	5.19047540067082e-05	0.997787271659737
rs4842952	-349	0.126	AA/TG	1	0.0723	NA	NA	NA
rs4081123	-349	0.417	AG/TA	1	9.9e-05	0	4.95749552757123e-05	0.998139785092561
rs62029597	-349	0.414	AA/TG	1	0.000116	0	4.26896788006051e-05	0.998641889147287
rs62029599	-349	0.417	AC/TA	1	9.47e-05	0	5.16976955589281e-05	0.997838969355296
rs116642008	-349	0.136	AC/TA	1	0.0906	NA	NA	NA
rs4099846	-348	0.417	AG/TC	1	0.000101	0	4.86477349955358e-05	0.998188432827556
rs8035359	-347	0.126	AG/TA	1	0.0755	NA	NA	NA
rs12910334	-347	0.417	AA/TG	1	3.02e-05	0	0.000152664258744905	0.994820139048261
rs150968	-229	0.124	AT/TG	1	0.129	NA	NA	NA
rs150967	-227	0.404	AA/TG	1	0.000155	0	3.24883857845585e-05	0.999849542296473
rs150965	-225	0.421	AG/TT	1	0.000109	0	4.5271114365554e-05	0.998468275684614
rs150963	-222	0.105	AT/TC	1	0.208	NA	NA	NA
rs609513	-218	0.185	AA/TG	1	0.0508	NA	NA	NA
rs609515	-218	0.104	AT/TC	1	0.211	NA	NA	NA
rs220333	-214	0.421	AT/TC	1	0.000106	0	4.64790987260469e-05	0.998330456372012
rs11638788	-214	0.102	AT/TC	1	0.27	NA	NA	NA
rs34921234	-212	0.421	AC/TA	1	0.000101	0	4.86477349955358e-05	0.998237080562552
rs11630507	-209	0.421	AG/TA	1	9.28e-05	0	5.2696723731509e-05	0.99773536690573
rs11635505	-208	0.414	AT/TG	1	0.000107	0	4.60690995109704e-05	0.998423004570249
rs35478610	-206	0.421	AT/TG	1	0.00013	0	3.8341701371085e-05	0.99924059638411
rs11631096	-204	0.414	AC/TG	1	9.21e-05	0	5.30749180270722e-05	0.997682670181999
rs62019457	-203	0.417	AC/TT	1	5.75e-05	0	8.28701940258168e-05	0.996958993672978
rs12900316	-202	0.127	AT/TC	1	0.123	NA	NA	NA
rs1849287	-202	0.127	AC/TG	1	0.117	NA	NA	NA
rs67804993	-201	0.417	AG/TT	1	6.01e-05	0	7.94711327990523e-05	0.997038464805777
rs12902143	-201	0.414	AT/TG	1	6.34e-05	0	7.55493621763381e-05	0.997189676504353
rs11633606	-200	0.104	AG/TT	1	0.0046	NA	NA	NA
rs12902973	-199	0.414	AC/TG	1	9.68e-05	0	5.06380305376863e-05	0.997889607385834
rs34117475	-197	0.417	AC/TT	1	6.66e-05	0	7.21091834453374e-05	0.997334724289218
rs2879976	-196	0.417	AA/TG	1	6.58e-05	0	7.29386014201584e-05	0.997262615105773
rs4360908	-195	0.387	AC/TG	1	0.000103	NA	NA	NA
rs11638630	-195	0.417	AT/TC	1	5.46e-05	0	8.7033905583708e-05	0.996705747478792
rs34302901	-194	0.417	AG/TC	1	5.6e-05	0	8.49712650875335e-05	0.996876123478952
rs12915832	-194	0.417	AT/TC	1	5.57e-05	0	8.54047350723446e-05	0.996791152213864
rs4125577	-193	0.118	AA/TG	1	0.648	NA	NA	NA
rs2879974	-193	0.129	AA/TC	1	0.147	NA	NA	NA
rs34395289	-193	0.417	AG/TT	1	4.65e-05	0	0.000101342096949982	0.996350563945109
rs11630760	-192	0.417	AT/TG	1	5.19e-05	0	9.13184186699174e-05	0.996441882363779
rs71395453	-192	0.417	AC/TG	1	4.04e-05	0	0.00011580378294664	0.995583161448725
rs11633075	-191	0.417	AA/TC	1	4.27e-05	0	0.000109877026219544	0.996035370054238
rs12905223	-191	0.417	AC/TT	1	4.07e-05	0	0.000114993622114998	0.99569815507084
rs12912934	-191	0.421	AT/TC	1	3.99e-05	0	0.000117180498039204	0.995350455201065
rs62021166	-188	0.414	AA/TG	1	4.34e-05	0	0.000108195134627584	0.996143565188865
rs62021167	-187	0.421	AA/TT	1	4e-05	0	0.000116902464713152	0.995467357665778
rs36090723	-187	0.421	AG/TC	1	4.45e-05	0	0.000105656659293771	0.996249221848159
rs2020365	-186	0.108	AC/TT	1	0.00522	NA	NA	NA
rs2019611	-183	0.385	AA/TC	1	2.04e-05	NA	NA	NA
rs2002375	-182	0.42	AC/TT	1	2.24e-05	0	0.000202837024366679	0.994667474789516
rs11633534	-180	0.42	AT/TC	1	3.83e-05	0	0.000121821851820641	0.995233274703026
rs34973912	-179	0.42	AC/TG	1	4.12e-05	0	0.000113668978589148	0.995811824049429
rs8023310	-176	0.135	AT/TG	1	0.177	NA	NA	NA
rs17531523	-173	0.413	AG/TC	1	6.33e-05	0	7.56623363992699e-05	0.997114127142176
rs72750843	-169	0.417	AT/TC	1	0.000124	0	4.00879222974281e-05	0.998927878416091
rs11637026	-168	0.387	AT/TC	1	5.1e-05	NA	NA	NA
rs11638445	-167	0.424	AA/TC	1	0.000149	0	3.3718501253377e-05	0.999750860165663
rs6496090	-165	0.138	AA/TG	1	0.088	NA	NA	NA
rs11631921	-162	0.465	AA/TG	1	5.08e-06	0	0.000836384237904506	0.992801973854616
rs7169769	-157	0.247	AG/TC	1	0.238	NA	NA	NA
rs11638554	-157	0.573	AG/TT	1	2.89e-07	1	0.0131815337156743	0.618902292833139
rs748455	-156	0.573	AC/TT	1	1.25e-06	1	0.00321306804016643	0.923351558480955
rs12913702	-152	0.569	AA/TG	1	1.76e-06	1	0.0023122798905189	0.950438183685532
rs71395455	-151	0.573	AG/TA	1	2.13e-06	1	0.00192499450958752	0.962964232527584
rs10852053	-149	0.129	AC/TT	1	0.212	NA	NA	NA
rs28708599	-145	0.214	AA/TG	1	0.443	NA	NA	NA
rs7180952	-143	0.253	AC/TT	1	0.977	NA	NA	NA
rs7180956	-143	0.253	AC/TT	1	0.859	NA	NA	NA
rs2036949	-142	0.695	AC/TT	1	2.44e-06	1	0.00168953446095685	0.981294193207419
rs61322921	-142	0.253	AT/TC	1	0.32	NA	NA	NA
rs11635597	-139	0.695	AT/TC	1	3e-06	1	0.00138564954761142	0.987182558426272
rs56267093	-137	0.111	AC/TT	1	0.354	NA	NA	NA
rs11858419	-137	0.141	AC/TT	1	0.729	NA	NA	NA
rs61394864	-135	0.253	AT/TC	1	0.284	NA	NA	NA
rs62021193	-135	0.699	AG/TC	1	2.37e-06	1	0.00173741477210064	0.979604658746462
rs17598114	-134	0.699	AT/TC	1	2.19e-06	1	0.00187431676520118	0.970519819151693
rs17532346	-134	0.699	AC/TA	1	2.15e-06	1	0.00190779339284291	0.964872025920427
rs11634320	-133	0.694	AA/TC	1	2.79e-06	1	0.00148556994703918	0.984346245579592
rs11634322	-133	0.699	AT/TC	1	2.21e-06	1	0.00185802469411593	0.97609389323404
rs4603535	-131	0.699	AT/TC	1	2.11e-06	1	0.00194251572037421	0.959105523474323
rs3825877	-131	0.271	AG/TA	1	0.0446	NA	NA	NA
rs3825878	-130	0.271	AC/TT	1	0.0409	NA	NA	NA
rs2292463	-129	0.271	AA/TG	1	0.0422	NA	NA	NA
rs8040066	-129	0.259	AG/TC	1	0.309	NA	NA	NA
rs698620	-128	0.259	AG/TA	1	0.319	NA	NA	NA
rs10795	-128	0.699	AA/TG	1	2.18e-06	1	0.00188257284421344	0.968645502386491
rs75762958	-128	0.111	AT/TC	1	0.427	NA	NA	NA
rs36126054	-127	0.699	AG/TT	1	2.21e-06	1	0.00185802469411593	0.972377843845809
rs6496284	-127	0.273	AA/TG	1	0.0447	NA	NA	NA
rs113081579	-125	0.106	AC/TT	1	0.351	NA	NA	NA
rs72750865	-124	0.111	AA/TT	1	0.42	NA	NA	NA
rs1061737	-121	0.704	AC/TG	1	3.09e-06	1	0.00134690990628545	0.988529468332558
rs12914433	-120	0.704	AA/TG	1	3.25e-06	1	0.00128324222950181	0.98981271056206
rs11073613	-119	0.432	AG/TA	1	0.000234	0	2.20600506095719e-05	0.9999579397096
rs7237	-119	0.595	AT/TC	1	2.21e-06	1	0.00185802469411593	0.974235868539925
rs11630487	-118	0.709	AT/TC	1	2.86e-06	1	0.00145066329906876	0.985796908878661
rs11633762	-118	0.709	AC/TT	1	1.79e-06	1	0.00227502701876699	0.955025490594818
rs2271431	-116	0.661	AG/TT	1	3.31e-06	1	0.00126092482089122	0.991073635382951
rs12916712	-114	0.665	AC/TT	1	2.32e-06	1	0.00177335074032074	0.977867243974361
rs7169629	-114	0.399	AC/TG	1	0.00788	NA	NA	NA
rs11630887	-112	0.709	AT/TA	1	1.3e-06	1	0.00309410626523045	0.929539771011415
rs11636189	-112	0.709	AA/TG	1	1.51e-06	1	0.00267914093914586	0.940767344111573
rs62021197	-111	0.709	AC/TT	1	1.3e-06	1	0.00309410626523045	0.926445664746185
rs62021198	-111	0.709	AA/TG	1	1.39e-06	1	0.00290118345715311	0.932440954468569
rs35516100	-110	0.709	AT/TC	1	1.45e-06	1	0.00278564961581149	0.938088203172428
rs62021208	-109	0.709	AA/TG	1	1.67e-06	1	0.0024319190244499	0.945748684549996
rs4842978	-108	0.271	AT/TC	1	0.036	NA	NA	NA
rs66810580	-107	0.111	AC/TG	1	0.353	NA	NA	NA
rs1107179	-107	0.269	AG/TT	1	0.0327	NA	NA	NA
rs17598561	-107	0.106	AT/TC	1	0.373	NA	NA	NA
rs17598603	-105	0.698	AG/TC	1	7.07e-07	1	0.00556149749429525	0.861280637350371
rs1051168	-105	0.698	AT/TG	1	8.59e-07	1	0.00461026414135861	0.881461199338919
rs2292462	-104	0.243	AG/TT	1	0.154	NA	NA	NA
rs2175567	-104	0.694	AC/TG	1	9.12e-07	1	0.00435199454763307	0.890418295516779
rs12904605	-104	0.698	AC/TT	1	5.6e-07	1	0.00696240107149364	0.742404781599453
rs11637728	-102	0.705	AT/TA	1	1.59e-06	1	0.00254942141397231	0.943316765525546
rs62021209	-101	0.614	AC/TG	1	1.53e-05	0	0.000291644694206098	0.994223757063694
rs66830741	-101	0.127	AT/TG	1	0.653	NA	NA	NA
rs8034278	-101	0.104	AG/TC	1	0.167	NA	NA	NA
rs8042926	-99.7	0.383	AT/TA	1	0.000182	NA	NA	NA
rs6496313	-98.1	0.127	AC/TG	1	0.295	NA	NA	NA
rs12908161	-97.3	0.72	AG/TA	1	1.88e-07	1	0.0199704309722306	0.57280388853179
rs113039459	-97.1	0.44	AA/TG	1	1.87e-05	0	0.000240880701455726	0.99446463776515
rs8026505	-96.8	0.127	AT/TC	1	0.271	NA	NA	NA
rs17598814	-96.6	0.109	AG/TA	1	0.648	NA	NA	NA
rs57160224	-96.2	0.127	AG/TA	1	0.624	NA	NA	NA
rs17598860	-95.8	0.127	AG/TA	1	0.584	NA	NA	NA
rs17533139	-95.7	0.127	AA/TG	1	0.615	NA	NA	NA
rs12905057	-94.4	0.728	AG/TA	1	5.4e-07	1	0.00721085888539855	0.721172361389093
rs113664362	-91.3	0.127	AG/TT	1	0.681	NA	NA	NA
rs6496318	-89.9	0.399	AC/TT	1	3.59e-05	NA	NA	NA
rs7176522	-89.8	0.416	AC/TG	1	0.000504	0	1.07622967839256e-05	0.999984035289236
rs59078443	-87.9	0.127	AA/TG	1	0.675	NA	NA	NA
rs61298723	-87.8	0.127	AT/TC	1	0.675	NA	NA	NA
rs8023276	-85.5	0.401	AC/TT	1	3.33e-05	0	0.00013912841941937	0.995111452851205
rs55945116	-85	0.148	AG/TC	1	0.937	NA	NA	NA
rs67752071	-83.9	0.127	AG/TA	1	0.751	NA	NA	NA
rs34452033	-83.1	0.702	AG/TA	1	1.37e-05	0	0.000324041445041369	0.993932112369488
rs66516446	-81	0.127	AA/TC	1	0.702	NA	NA	NA
rs113374918	-79.4	0.127	AC/TT	1	0.66	NA	NA	NA
rs11854597	-78.3	0.148	AG/TA	1	0.979	NA	NA	NA
rs17533573	-77.7	0.127	AG/TA	1	0.705	NA	NA	NA
rs11638290	-77.5	0.737	AT/TC	1	5.69e-07	1	0.00685620068191167	0.75617577171426
rs8023611	-75	0.128	AC/TT	1	0.257	NA	NA	NA
rs111905148	-74.9	0.127	AA/TG	1	0.704	NA	NA	NA
rs112297596	-74.9	0.127	AA/TC	1	0.704	NA	NA	NA
rs16974494	-74	0.142	AG/TC	1	0.578	NA	NA	NA
rs17533603	-73.7	0.121	AC/TT	1	0.707	NA	NA	NA
rs59867363	-73.7	0.127	AA/TT	1	0.713	NA	NA	NA
rs34028043	-73.6	0.737	AA/TG	1	5.99e-07	1	0.00652487811115362	0.775996563425766
rs34784022	-73.2	0.737	AC/TT	1	7.43e-07	1	0.00530164769717986	0.871925507689609
rs111357263	-72.5	0.104	AG/TA	1	0.0141	NA	NA	NA
rs12900890	-69.4	0.133	AT/TC	1	0.272	NA	NA	NA
rs67598809	-69.2	0.127	AC/TG	1	0.722	NA	NA	NA
rs67175503	-67.8	0.127	AA/TT	1	0.728	NA	NA	NA
rs111783599	-67.6	0.149	AG/TA	1	0.96	NA	NA	NA
rs8031332	-66.9	0.129	AC/TT	1	0.219	NA	NA	NA
rs12917049	-66.9	0.148	AG/TA	1	0.882	NA	NA	NA
rs7171167	-66	0.378	AA/TT	1	0.00028	NA	NA	NA
rs7162474	-65.9	0.133	AT/TC	1	0.274	NA	NA	NA
rs12911736	-65.1	0.737	AG/TA	1	6.9e-07	1	0.00569346503457906	0.850041531233438
rs12908699	-64.7	0.737	AT/TG	1	6.74e-07	1	0.00582364595369015	0.844348066198859
rs113288365	-62.8	0.127	AC/TT	1	0.696	NA	NA	NA
rs8029660	-62.6	0.397	AG/TA	1	4.57e-05	NA	NA	NA
rs11636499	-61.5	0.727	AT/TC	1	1.17e-06	1	0.00342416330997227	0.916796728166607
rs113191259	-60.6	0.127	AC/TT	1	0.706	NA	NA	NA
rs62021217	-59.7	0.121	AC/TT	1	0.17	NA	NA	NA
rs67307573	-57.6	0.127	AC/TG	1	0.819	NA	NA	NA
rs35316992	-57	0.737	AG/TA	1	1.04e-06	1	0.00383512586798676	0.90246951945723
rs12912342	-56.9	0.977	AC/TT	1	1.27e-08	1	0.272119493215165	0.552833457559559
rs921094	-55.1	0.128	AC/TG	1	0.247	NA	NA	NA
rs68108526	-54.9	0.127	AA/TC	1	0.79	NA	NA	NA
rs4643294	-54.9	0.737	AT/TC	1	7.37e-07	1	0.00534322264205786	0.866623859992429
rs68032966	-54.3	0.127	AT/TG	1	0.791	NA	NA	NA
rs1984829	-53.4	0.128	AA/TC	1	0.25	NA	NA	NA
rs8033459	-51.9	0.397	AC/TT	1	6.09e-05	NA	NA	NA
rs112189499	-51.4	0.129	AA/TG	1	0.78	NA	NA	NA
rs8027779	-49.8	0.378	AT/TC	1	0.000253	NA	NA	NA
rs8027776	-49.1	0.129	AG/TA	1	0.223	NA	NA	NA
rs62021219	-49	0.737	AT/TC	1	1.12e-06	1	0.00357113021932435	0.913372564856634
rs55731561	-47.7	0.127	AC/TA	1	0.876	NA	NA	NA
rs34900908	-47.5	0.737	AA/TG	1	1.1e-06	1	0.00363359101021643	0.90980143463731
rs67480959	-47.5	0.127	AC/TT	1	0.791	NA	NA	NA
rs35524990	-46.9	0.737	AC/TT	1	1.08e-06	1	0.00369832416986349	0.906167843627094
rs11073663	-44.9	0.394	AA/TG	1	4.55e-05	NA	NA	NA
rs11073664	-44.8	0.129	AA/TC	1	0.195	NA	NA	NA
rs56141917	-44.8	0.127	AC/TG	1	0.764	NA	NA	NA
rs10468100	-42.6	0.121	AC/TT	1	0.603	NA	NA	NA
rs11633185	-41.1	0.133	AC/TT	1	0.264	NA	NA	NA
rs67672893	-40.8	0.127	AG/TA	1	0.975	NA	NA	NA
rs58416181	-40.7	0.754	AA/TG	1	9.82e-07	1	0.00405292359781221	0.898634393589243
rs57891344	-39.8	0.127	AT/TC	1	0.899	NA	NA	NA
rs7175725	-38.5	0.128	AA/TG	1	0.222	NA	NA	NA
rs62021226	-37.1	0.754	AC/TT	1	6.48e-07	1	0.00604866230290528	0.832520398323894
rs8027118	-36.4	0.128	AA/TG	1	0.235	NA	NA	NA
rs12916867	-34.9	0.754	AC/TT	1	9.55e-07	1	0.00416317447465188	0.894581469991431
rs456151	-34.1	0.133	AC/TT	1	0.255	NA	NA	NA
rs67609176	-33.7	0.127	AT/TA	1	0.819	NA	NA	NA
rs12592554	-31.3	0.374	AG/TA	1	0.000344	NA	NA	NA
rs8040206	-30.4	0.133	AC/TT	1	0.258	NA	NA	NA
rs111321230	-29.7	0.127	AC/TG	1	0.975	NA	NA	NA
rs28423065	-29	0.133	AT/TG	1	0.251	NA	NA	NA
rs113199263	-28.7	0.127	AA/TT	1	0.997	NA	NA	NA
rs2059927	-27.7	0.144	AC/TT	1	0.116	NA	NA	NA
rs8028490	-27.3	0.38	AG/TA	1	0.000313	NA	NA	NA
rs17599905	-26.5	0.127	AG/TA	1	0.883	NA	NA	NA
rs66828879	-25.4	0.127	AA/TT	1	0.868	NA	NA	NA
rs34570071	-24.9	0.739	AA/TT	1	8.02e-07	1	0.00492542750795204	0.876850935197561
rs60957376	-24.4	0.754	AG/TT	1	5.12e-07	1	0.00759074253149744	0.713961502503695
rs10220733	-24.3	0.375	AG/TA	1	0.000233	NA	NA	NA
rs113210390	-23.8	0.129	AG/TC	1	0.95	NA	NA	NA
rs11632465	-23.1	0.75	AT/TA	1	6.01e-07	1	0.00650394673828941	0.782500510164055
rs11630416	-23.1	0.609	AG/TC	1	1.41e-06	1	0.00286159908804745	0.935302553556616
rs58971990	-22.9	0.129	AC/TA	1	0.957	NA	NA	NA
rs72753018	-22.6	0.129	AC/TT	1	0.869	NA	NA	NA
rs1030863	-22.5	0.375	AC/TT	1	0.000289	NA	NA	NA
rs150215973	-21.9	0.129	AC/TT	1	0.977	NA	NA	NA
rs2340654	-21.8	0.133	AC/TT	1	0.27	NA	NA	NA
rs1429445	-20.6	0.133	AC/TT	1	0.269	NA	NA	NA
rs11073686	-20.5	0.148	AA/TT	1	0.719	NA	NA	NA
rs17599989	-19.6	0.746	AC/TT	1	6.1e-07	1	0.00641142597423246	0.795415882876577
rs66857148	-19.4	0.129	AT/TG	1	0.864	NA	NA	NA
rs17534234	-19.2	0.133	AA/TG	1	0.259	NA	NA	NA
rs8025289	-18.1	0.133	AT/TC	1	0.263	NA	NA	NA
rs62019463	-17.1	0.754	AA/TG	1	6.92e-07	1	0.00567760862263757	0.855719139856076
rs61125394	-15.1	0.209	AG/TC	1	0.0533	NA	NA	NA
rs111542984	-14.9	0.129	AC/TG	1	0.907	NA	NA	NA
rs73455511	-14.5	0.129	AC/TT	1	0.929	NA	NA	NA
rs34003212	-12.1	0.133	AC/TT	1	0.273	NA	NA	NA
rs62019464	-10.7	0.754	AA/TT	1	6.36e-07	1	0.0061586140963005	0.82039596289781
rs7163355	-10.2	0.133	AT/TG	1	0.264	NA	NA	NA
rs11637142	-9.22	0.754	AG/TA	1	6.01e-07	1	0.00650394673828941	0.789004456902344
rs55939547	-7.36	0.129	AG/TC	1	0.902	NA	NA	NA
rs6496401	-7.35	0.38	AA/TT	1	0.000357	NA	NA	NA
rs12910012	-6.48	0.754	AC/TT	1	6.45e-07	1	0.00607577312317914	0.826471736020989
rs67759205	-6.19	0.129	AT/TA	1	0.9	NA	NA	NA
rs66607970	-4.29	0.129	AA/TG	1	0.973	NA	NA	NA
rs8024090	-3.31	0.136	AT/TG	1	0.195	NA	NA	NA
rs12899981	-2.77	0.754	AA/TG	1	6.19e-07	1	0.00632155123313353	0.808078734705209
rs11854313	-1.09	0.38	AG/TC	1	0.000274	NA	NA	NA
rs34162609	-0.696	0.754	AT/TC	1	6.36e-07	1	0.0061586140963005	0.814237348801509
rs2008262	0.128	0.287	AC/TT	1	0.117	NA	NA	NA
rs11633450	2.14	0.749	AT/TC	1	5.88e-07	1	0.00664250276508003	0.769471685314612
rs56342609	3.54	0.129	AG/TA	1	0.916	NA	NA	NA
rs6496404	4.51	0.133	AT/TC	1	0.273	NA	NA	NA
rs11073702	4.93	0.375	AG/TA	1	0.000295	NA	NA	NA
rs67784785	5.48	0.129	AA/TG	1	0.956	NA	NA	NA
rs35758837	6.24	0.75	AT/TC	1	5.87e-07	1	0.00665341083527199	0.762829182549532
rs2028111	7.62	0.134	AA/TG	1	0.236	NA	NA	NA
rs67804735	8.35	0.129	AG/TC	1	0.959	NA	NA	NA
rs17534709	9.26	0.724	AC/TG	1	1.71e-06	1	0.00237721924501776	0.948125903795013
rs11633377	12.9	0.75	AG/TA	1	3.09e-07	1	0.0123567670035527	0.631259059836691
rs9788687	12.9	0.374	AC/TT	1	0.00029	NA	NA	NA
rs11633413	13	0.75	AG/TA	1	3.3e-07	1	0.0115967405946421	0.654624732536471
rs919437	14.1	0.134	AG/TA	1	0.263	NA	NA	NA
rs17600551	14.1	0.75	AG/TA	1	4.87e-07	1	0.00796619488784882	0.706370759972197
rs9920528	14.4	0.134	AC/TT	1	0.271	NA	NA	NA
rs36033486	14.6	0.75	AG/TA	1	4.77e-07	1	0.00812720789540186	0.690390753411868
rs7183448	15.2	0.134	AT/TC	1	0.258	NA	NA	NA
rs62019469	16.1	0.75	AC/TT	1	4.84e-07	1	0.00801381167248027	0.698404565084348
rs12908549	17.2	0.75	AG/TC	1	4.03e-07	1	0.00956247523045049	0.664187207766921
rs1469905	17.6	0.133	AT/TC	1	0.263	NA	NA	NA
rs55953445	18.3	0.209	AA/TG	1	0.0365	NA	NA	NA
rs55646601	18.4	0.375	AG/TT	1	0.00025	NA	NA	NA
rs11633267	19.3	0.75	AC/TT	1	5.64e-07	1	0.00691478943289552	0.749319571032348
rs3748376	23.2	0.724	AT/TC	1	1.76e-06	1	0.0023122798905189	0.952750463576051
rs891289	23.4	0.134	AG/TC	1	0.266	NA	NA	NA
rs12906348	24.3	0.724	AC/TA	1	1.91e-06	1	0.00213751715913051	0.957163007753949
rs1975277	24.4	0.371	AC/TT	1	0.000104	NA	NA	NA
rs56385235	24.7	0.145	AC/TT	1	0.885	NA	NA	NA
rs8029167	25.1	0.131	AG/TC	1	0.206	NA	NA	NA
rs10438428	25.6	0.371	AC/TT	1	0.000107	NA	NA	NA
rs12595321	26.1	0.257	AG/TA	1	0.199	NA	NA	NA
rs34342559	26.1	0.724	AG/TA	1	2.12e-06	1	0.00193371454367356	0.961039238017997
rs62019472	26.4	0.724	AG/TA	1	2.17e-06	1	0.0018909036218512	0.966762929542278
rs35557864	26.5	0.724	AG/TA	1	2.64e-06	1	0.00156648242513439	0.982860675632553
rs56083611	26.7	0.123	AG/TA	1	0.813	NA	NA	NA
rs10162762	27.1	0.133	AG/TA	1	0.275	NA	NA	NA
rs61074241	28.3	0.661	AT/TC	1	5.38e-05	0	8.82596018314023e-05	0.996618713573209
rs2241644	29.2	0.13	AA/TG	1	0.21	NA	NA	NA
rs8043333	29.7	0.133	AA/TG	1	0.277	NA	NA	NA
rs28595395	29.8	0.339	AT/TC	1	0.00128	NA	NA	NA
rs68007905	29.9	0.123	AC/TT	1	0.825	NA	NA	NA
rs11073716	30.6	0.291	AC/TT	1	0.147	NA	NA	NA
rs3851678	30.7	0.129	AC/TT	1	0.209	NA	NA	NA
rs12595786	31.5	0.381	AT/TC	1	0.00053	NA	NA	NA
rs56194751	31.8	0.111	AT/TC	1	0.553	NA	NA	NA
rs12903134	32.6	0.75	AA/TT	1	6.53e-07	1	0.00600402192127476	0.838524420245169
rs35726233	32.7	0.75	AT/TC	1	6.17e-07	1	0.00634130059549842	0.801757183472075
rs113397299	34.1	0.129	AA/TG	1	0.951	NA	NA	NA
rs56410875	35.9	0.123	AG/TA	1	0.74	NA	NA	NA
rs8182086	36.7	0.146	AG/TA	1	0.89	NA	NA	NA
rs35960805	38.8	0.745	AG/TT	1	4.46e-07	1	0.00867143856176309	0.682263545516466
rs55698868	39.1	0.456	AC/TT	1	4.75e-06	0	0.000891954233760406	0.991965589616711
rs68097191	39.1	0.129	AA/TG	1	0.881	NA	NA	NA
rs12912388	39.4	0.745	AA/TT	1	4.1e-07	1	0.00940489918778196	0.673592106954703
rs9806315	42	0.127	AC/TT	1	0.183	NA	NA	NA
rs17601029	42.6	0.738	AG/TA	1	1.2e-06	1	0.0033417622741815	0.920138490440788
rs1719	43	0.129	AT/TG	1	0.788	NA	NA	NA
rs35630683	44.1	0.735	AC/TT	1	1.94e-07	1	0.0193731039137254	0.592176992445515
rs11073729	44.9	0.373	AT/TC	1	0.000373	NA	NA	NA
rs4456483	46.8	0.129	AC/TA	1	0.206	NA	NA	NA
rs8023889	48.5	0.148	AA/TG	1	0.827	NA	NA	NA
rs2340651	49.2	0.129	AA/TG	1	0.839	NA	NA	NA
rs11073730	49.5	0.383	AC/TT	1	0.000582	NA	NA	NA
rs8037423	50.4	0.369	AC/TT	1	0.000427	NA	NA	NA
rs67320428	50.5	0.129	AT/TC	1	0.82	NA	NA	NA
rs72753050	50.7	0.129	AT/TC	1	0.795	NA	NA	NA
rs35828350	50.7	0.735	AA/TG	1	2.81e-07	1	0.0135437666719488	0.605720759117464
rs56864281	52.5	0.739	AA/TC	1	3.25e-07	1	0.0117689321051374	0.643027991941829
rs55736017	54.9	0.181	AA/TC	1	0.0775	NA	NA	NA
rs11857356	55	0.129	AC/TT	1	0.2	NA	NA	NA
rs8039472	56.5	0.204	AA/TG	1	0.0289	NA	NA	NA
rs4633690	56.8	0.36	AC/TT	1	0.000403	NA	NA	NA
rs2879828	56.8	0.371	AG/TT	1	0.00064	NA	NA	NA
rs6496439	57.7	0.129	AT/TC	1	0.16	NA	NA	NA
rs6496441	58.2	0.374	AA/TG	1	0.000639	NA	NA	NA
rs11854291	58.6	0.373	AT/TC	1	0.000631	NA	NA	NA
rs2115630	59.4	0.366	AC/TT	1	0.000724	NA	NA	NA
rs16974536	60.5	0.123	AC/TT	1	0.911	NA	NA	NA
rs2007616	62.4	0.13	AT/TG	1	0.161	NA	NA	NA
rs55874951	62.8	0.123	AC/TG	1	0.668	NA	NA	NA
rs6496443	64.1	0.129	AG/TA	1	0.163	NA	NA	NA
rs959181	64.4	0.129	AG/TA	1	0.167	NA	NA	NA
rs891286	65.5	0.132	AG/TC	1	0.212	NA	NA	NA
rs7183401	66.8	0.367	AG/TT	1	0.000325	NA	NA	NA
rs6496452	67.5	0.372	AA/TT	1	0.000569	NA	NA	NA
rs73437930	69.4	0.121	AG/TA	1	0.914	NA	NA	NA
rs73437935	70.7	0.121	AT/TC	1	0.835	NA	NA	NA
rs73437937	70.7	0.121	AG/TC	1	0.802	NA	NA	NA
rs73437938	71.6	0.121	AC/TA	1	0.883	NA	NA	NA
rs10775243	71.6	0.142	AG/TC	1	0.07	NA	NA	NA
rs73437941	71.7	0.121	AT/TC	1	0.956	NA	NA	NA
rs35808647	72.3	0.744	AA/TG	1	5.41e-07	1	0.00719800703337572	0.728370368422469
rs73437942	72.6	0.127	AT/TC	1	0.961	NA	NA	NA
rs1429443	72.9	0.221	AG/TA	1	0.000319	NA	NA	NA
rs1429444	74.1	0.219	AC/TT	1	0.000363	NA	NA	NA
rs7177454	74.3	0.267	AG/TA	1	0.0809	NA	NA	NA
rs7164787	74.4	0.268	AT/TC	1	0.0778	NA	NA	NA
rs7164817	74.4	0.267	AT/TC	1	0.0808	NA	NA	NA
rs56082456	74.5	0.266	AA/TG	1	0.0889	NA	NA	NA
rs10852091	76.8	0.24	AC/TT	1	0.0839	NA	NA	NA
rs3803403	78	0.703	AG/TC	1	5.51e-07	1	0.00707201210549004	0.735442380527959
rs3803405	78.5	0.703	AA/TG	1	8.6e-07	1	0.00460510163022691	0.886066300969146
rs7163882	79.3	0.132	AG/TA	1	0.24	NA	NA	NA
rs306201	79.9	0.116	AA/TT	1	0.466	NA	NA	NA
rs12441936	80.2	0.103	AC/TT	1	0.631	NA	NA	NA
rs112403084	80.4	0.127	AA/TG	1	0.597	NA	NA	NA
rs306202	82.6	0.379	AT/TC	1	0.0748	NA	NA	NA
rs306203	82.9	0.379	AT/TC	1	0.075	NA	NA	NA
rs306204	83.2	0.11	AT/TC	1	0.446	NA	NA	NA
rs306205	83.5	0.109	AC/TT	1	0.399	NA	NA	NA
rs306206	83.5	0.509	AG/TA	1	1.27e-05	0	0.000348340255998091	0.993608070924446
rs379031	83.5	0.377	AG/TC	1	0.0973	NA	NA	NA
rs434334	83.5	0.377	AT/TA	1	0.0972	NA	NA	NA
rs182517	84.5	0.517	AA/TG	1	9.54e-06	0	0.000457756813832569	0.993259730668448
rs306207	85.2	0.333	AT/TA	1	0.0746	NA	NA	NA
rs306209	87.2	0.499	AA/TG	1	3.03e-05	0	0.00015218538352475	0.994972324431786
rs167379	96.3	0.104	AC/TT	1	0.579	NA	NA	NA
rs186266	97.7	0.36	AG/TA	1	5.15e-05	NA	NA	NA
rs12907646	98.4	0.399	AA/TG	1	0.000368	NA	NA	NA
rs11853985	98.7	0.113	AG/TA	1	0.653	NA	NA	NA
rs72753067	99.5	0.118	AG/TA	1	0.146	NA	NA	NA
rs306198	100	0.363	AG/TA	1	8.17e-05	NA	NA	NA
rs187316	101	0.354	AC/TT	1	0.000174	NA	NA	NA
rs306199	101	0.111	AC/TA	1	0.468	NA	NA	NA
rs427564	102	0.286	AC/TA	1	0.216	NA	NA	NA
rs2289138	102	0.111	AC/TA	1	0.409	NA	NA	NA
rs7172470	104	0.111	AA/TG	1	0.818	NA	NA	NA
rs3748380	107	0.108	AC/TT	1	0.718	NA	NA	NA
rs7172412	107	0.102	AG/TA	1	0.655	NA	NA	NA
rs881733	109	0.107	AT/TC	1	0.892	NA	NA	NA
rs893162	109	0.111	AA/TG	1	0.68	NA	NA	NA
rs12101610	110	0.109	AG/TA	1	0.701	NA	NA	NA
rs12900463	110	0.393	AC/TT	1	0.0012	NA	NA	NA
rs12915656	110	0.393	AC/TG	1	0.00122	NA	NA	NA
rs10852094	111	0.101	AC/TT	1	0.638	NA	NA	NA
rs12904777	111	0.283	AG/TT	1	0.0205	NA	NA	NA
rs4842994	111	0.389	AT/TC	1	0.00103	NA	NA	NA
rs11858372	114	0.233	AG/TA	1	0.0126	NA	NA	NA
rs4842996	114	0.307	AC/TT	1	0.0215	NA	NA	NA
rs11631158	118	0.158	AA/TG	1	0.804	NA	NA	NA
rs12917054	119	0.234	AT/TC	1	0.0419	NA	NA	NA
rs12917429	120	0.226	AT/TG	1	0.113	NA	NA	NA
rs12906879	120	0.144	AC/TT	1	0.301	NA	NA	NA
rs12910396	123	0.15	AT/TC	1	0.214	NA	NA	NA
rs12915107	124	0.178	AT/TC	1	0.313	NA	NA	NA
rs12909280	124	0.225	AG/TT	1	0.0424	NA	NA	NA
rs7173860	124	0.221	AC/TA	1	0.0983	NA	NA	NA
rs3743161	126	0.222	AT/TG	1	0.0843	NA	NA	NA
rs3743162	126	0.225	AT/TC	1	0.0758	NA	NA	NA
rs12442557	126	0.222	AA/TG	1	0.0697	NA	NA	NA
rs34886124	126	0.219	AT/TC	1	0.0409	NA	NA	NA
rs34130645	127	0.208	AT/TC	1	0.195	NA	NA	NA
rs35280494	128	0.122	AA/TG	1	0.264	NA	NA	NA
rs10852100	128	0.129	AC/TT	1	0.0765	NA	NA	NA
rs35867121	128	0.175	AA/TG	1	0.108	NA	NA	NA
