SNP	KB	R2	Alleles	F	P	inCredible	probNorm	cumSum
rs11773627	0	1	C	1	7.36e-09	1	0.113587936697991	0.113587936697991
rs10950359	-202	0.109	CG/TA	1	0.232	NA	NA	NA
rs10950360	-201	0.121	CT/TG	1	0.236	NA	NA	NA
rs10950361	-201	0.121	CT/TC	1	0.239	NA	NA	NA
rs11769007	-201	0.139	CG/TC	1	0.313	NA	NA	NA
rs11769049	-201	0.133	CG/TC	1	0.367	NA	NA	NA
rs55835113	-200	0.132	CA/TG	1	0.306	NA	NA	NA
rs7790092	-200	0.123	CG/TA	1	0.289	NA	NA	NA
rs7800904	-198	0.127	CT/TG	1	0.284	NA	NA	NA
rs56404040	-197	0.127	CA/TC	1	0.301	NA	NA	NA
rs11769612	-197	0.136	CA/TG	1	0.251	NA	NA	NA
rs12532765	-196	0.129	CT/TC	1	0.299	NA	NA	NA
rs62435506	-196	0.13	CA/TG	1	0.286	NA	NA	NA
rs10950363	-195	0.13	CC/TA	1	0.352	NA	NA	NA
rs2222813	-194	0.124	CG/TC	1	0.283	NA	NA	NA
rs10277267	-194	0.147	CA/TG	1	0.441	NA	NA	NA
rs1919908	-193	0.183	CA/TG	1	0.87	NA	NA	NA
rs13227985	-191	0.12	CT/TC	1	0.787	NA	NA	NA
rs4634524	-190	0.204	CC/TT	1	0.167	NA	NA	NA
rs4255033	-190	0.206	CA/TG	1	0.151	NA	NA	NA
rs4475382	-190	0.204	CT/TC	1	0.164	NA	NA	NA
rs13221022	-190	0.207	CC/TT	1	0.163	NA	NA	NA
rs13231311	-190	0.207	CT/TC	1	0.173	NA	NA	NA
rs13221159	-190	0.116	CC/TT	1	0.92	NA	NA	NA
rs13245370	-190	0.193	CG/TA	1	0.197	NA	NA	NA
rs13230722	-190	0.2	CT/TG	1	0.195	NA	NA	NA
rs12532459	-190	0.202	CT/TG	1	0.187	NA	NA	NA
rs12540491	-190	0.204	CG/TA	1	0.18	NA	NA	NA
rs12540494	-190	0.204	CG/TA	1	0.184	NA	NA	NA
rs12530625	-190	0.204	CG/TT	1	0.179	NA	NA	NA
rs66491680	-190	0.114	CG/TA	1	0.964	NA	NA	NA
rs67486596	-190	0.204	CT/TC	1	0.17	NA	NA	NA
rs10280601	-190	0.2	CG/TA	1	0.165	NA	NA	NA
rs13245980	-190	0.204	CG/TA	1	0.167	NA	NA	NA
rs10235174	-189	0.204	CA/TG	1	0.176	NA	NA	NA
rs10238227	-189	0.206	CA/TG	1	0.186	NA	NA	NA
rs10268666	-189	0.2	CT/TC	1	0.175	NA	NA	NA
rs10225055	-189	0.2	CG/TA	1	0.175	NA	NA	NA
rs10238448	-189	0.2	CA/TG	1	0.175	NA	NA	NA
rs10238449	-189	0.2	CA/TG	1	0.175	NA	NA	NA
rs55634111	-189	0.204	CT/TA	1	0.164	NA	NA	NA
rs35267398	-189	0.204	CG/TA	1	0.177	NA	NA	NA
rs10239047	-189	0.206	CT/TG	1	0.16	NA	NA	NA
rs10225815	-189	0.204	CC/TA	1	0.166	NA	NA	NA
rs10228960	-189	0.204	CG/TT	1	0.17	NA	NA	NA
rs5028881	-188	0.204	CG/TC	1	0.165	NA	NA	NA
rs11770842	-188	0.12	CA/TT	1	0.414	NA	NA	NA
rs6955820	-188	0.208	CA/TG	1	0.168	NA	NA	NA
rs10950368	-187	0.204	CG/TC	1	0.164	NA	NA	NA
rs74573274	-187	0.2	CT/TC	1	0.164	NA	NA	NA
rs74760239	-187	0.2	CG/TA	1	0.166	NA	NA	NA
rs34411311	-187	0.2	CA/TG	1	0.163	NA	NA	NA
rs10270415	-187	0.206	CG/TA	1	0.169	NA	NA	NA
rs10270538	-187	0.206	CG/TA	1	0.168	NA	NA	NA
rs10270654	-187	0.206	CG/TA	1	0.169	NA	NA	NA
rs12539381	-187	0.204	CC/TT	1	0.167	NA	NA	NA
rs10271168	-187	0.2	CG/TA	1	0.152	NA	NA	NA
rs4577861	-186	0.206	CT/TC	1	0.165	NA	NA	NA
rs4436012	-186	0.204	CA/TG	1	0.167	NA	NA	NA
rs10277923	-186	0.206	CC/TT	1	0.166	NA	NA	NA
rs10277924	-186	0.206	CC/TT	1	0.166	NA	NA	NA
rs10259574	-186	0.206	CG/TC	1	0.165	NA	NA	NA
rs10259592	-186	0.206	CG/TC	1	0.165	NA	NA	NA
rs10259699	-186	0.206	CT/TC	1	0.165	NA	NA	NA
rs10275253	-186	0.206	CG/TA	1	0.158	NA	NA	NA
rs10260077	-185	0.206	CT/TC	1	0.162	NA	NA	NA
rs13229113	-185	0.208	CA/TG	1	0.152	NA	NA	NA
rs10263066	-185	0.206	CT/TC	1	0.163	NA	NA	NA
rs1112898	-185	0.115	CT/TC	1	0.933	NA	NA	NA
rs10267930	-184	0.115	CA/TC	1	0.891	NA	NA	NA
rs28430626	-184	0.115	CA/TG	1	0.816	NA	NA	NA
rs6965555	-183	0.242	CG/TA	1	0.254	NA	NA	NA
rs2103342	-182	0.246	CT/TC	1	0.246	NA	NA	NA
rs2091640	-182	0.246	CC/TA	1	0.228	NA	NA	NA
rs2091639	-182	0.246	CG/TA	1	0.246	NA	NA	NA
rs2091638	-182	0.246	CG/TA	1	0.241	NA	NA	NA
rs1881858	-181	0.272	CT/TG	1	0.266	NA	NA	NA
rs11766178	-181	0.131	CA/TG	1	0.725	NA	NA	NA
rs1106396	-181	0.263	CC/TT	1	0.324	NA	NA	NA
rs11766215	-181	0.258	CA/TG	1	0.35	NA	NA	NA
rs11760634	-180	0.111	CG/TC	1	0.814	NA	NA	NA
rs13236682	-180	0.27	CG/TA	1	0.352	NA	NA	NA
rs36020539	-180	0.277	CT/TA	1	0.383	NA	NA	NA
rs62435650	-179	0.296	CG/TA	1	0.222	NA	NA	NA
rs7800019	-179	0.279	CT/TC	1	0.12	NA	NA	NA
rs67845389	-178	0.247	CC/TA	1	0.214	NA	NA	NA
rs73042701	-178	0.247	CC/TT	1	0.209	NA	NA	NA
rs10950371	-177	0.251	CC/TT	1	0.161	NA	NA	NA
rs10230862	-177	0.244	CG/TT	1	0.154	NA	NA	NA
rs12669620	-176	0.27	CC/TG	1	0.0825	NA	NA	NA
rs11760284	-175	0.262	CT/TC	1	0.118	NA	NA	NA
rs11764562	-175	0.244	CC/TT	1	0.215	NA	NA	NA
rs13238613	-175	0.244	CC/TT	1	0.161	NA	NA	NA
rs34400421	-174	0.246	CT/TC	1	0.157	NA	NA	NA
rs34590341	-174	0.246	CA/TG	1	0.159	NA	NA	NA
rs11761457	-174	0.265	CT/TC	1	0.0859	NA	NA	NA
rs7802621	-173	0.265	CG/TC	1	0.0902	NA	NA	NA
rs60291312	-173	0.273	CT/TC	1	0.171	NA	NA	NA
rs7803164	-173	0.238	CT/TC	1	0.115	NA	NA	NA
rs7789703	-173	0.262	CC/TT	1	0.0877	NA	NA	NA
rs10232901	-173	0.262	CG/TC	1	0.0875	NA	NA	NA
rs11765833	-173	0.265	CC/TA	1	0.117	NA	NA	NA
rs7777233	-171	0.27	CT/TC	1	0.0788	NA	NA	NA
rs13223867	-171	0.242	CG/TA	1	0.152	NA	NA	NA
rs11765289	-170	0.276	CG/TC	1	0.154	NA	NA	NA
rs7806265	-169	0.239	CT/TA	1	0.126	NA	NA	NA
rs10950377	-167	0.258	CG/TC	1	0.137	NA	NA	NA
rs2398735	-165	0.235	CT/TC	1	0.214	NA	NA	NA
rs2895215	-165	0.232	CT/TC	1	0.209	NA	NA	NA
rs11767667	-162	0.258	CT/TC	1	0.14	NA	NA	NA
rs6460870	-160	0.294	CG/TC	1	0.133	NA	NA	NA
rs7811019	-159	0.294	CG/TC	1	0.127	NA	NA	NA
rs62436961	-159	0.252	CG/TC	1	0.285	NA	NA	NA
rs62434660	-155	0.282	CC/TG	1	0.123	NA	NA	NA
rs6976684	-154	0.268	CA/TG	1	0.0992	NA	NA	NA
rs7807190	-151	0.275	CG/TA	1	0.0167	NA	NA	NA
rs6955410	-151	0.279	CA/TG	1	0.0121	NA	NA	NA
rs11760633	-150	0.306	CT/TC	1	0.0103	NA	NA	NA
rs11767176	-150	0.285	CA/TG	1	0.00918	NA	NA	NA
rs11768191	-149	0.301	CA/TG	1	0.00712	NA	NA	NA
rs73046311	-149	0.287	CG/TC	1	0.00675	NA	NA	NA
rs6948971	-148	0.21	CG/TA	1	0.0437	NA	NA	NA
rs7680	-147	0.395	CA/TG	1	0.00198	NA	NA	NA
rs11772232	-146	0.299	CT/TC	1	0.0227	NA	NA	NA
rs6973700	-146	0.29	CG/TA	1	0.0171	NA	NA	NA
rs11765458	-144	0.272	CC/TT	1	0.0259	NA	NA	NA
rs11765459	-144	0.272	CG/TT	1	0.027	NA	NA	NA
rs11761254	-144	0.206	CT/TC	1	0.0436	NA	NA	NA
rs11769866	-142	0.519	CA/TG	1	0.00273	0	5.55177827797728e-07	0.999997355758526
rs11764159	-141	0.515	CT/TC	1	0.00261	0	5.78460837062482e-07	0.999996800580698
rs55995895	-141	0.515	CT/TC	1	0.00384	0	4.06846929134171e-07	0.999998204088252
rs62434666	-137	0.492	CA/TG	1	0.000668	0	2.03361834011572e-06	0.99999080546042
rs62434668	-136	0.488	CA/TG	1	0.001	0	1.39861359028545e-06	0.999995506852586
rs62434669	-136	0.484	CA/TG	1	0.000875	0	1.58279492094222e-06	0.999994108238996
rs56758848	-134	0.483	CG/TA	1	8e-04	0	1.71998365532654e-06	0.999992525444075
rs4721089	-130	0.519	CC/TT	1	5.29e-05	0	2.20281338962109e-05	0.999922096383191
rs4721090	-130	0.101	CT/TC	1	1.97e-05	NA	NA	NA
rs10237989	-129	0.101	CG/TA	1	1.89e-05	NA	NA	NA
rs10268797	-129	0.584	CC/TG	1	6.69e-06	0	0.000157849863042228	0.996097415103205
rs13222183	-129	0.101	CA/TG	1	1.63e-05	NA	NA	NA
rs13235380	-129	0.101	CC/TT	1	1.4e-05	NA	NA	NA
rs4721096	-125	0.593	CT/TC	1	6.88e-06	0	0.000153677418307455	0.996251092521512
rs1078112	-124	0.116	CT/TA	1	2.74e-05	NA	NA	NA
rs13233509	-124	0.116	CG/TT	1	2.2e-05	NA	NA	NA
rs10228057	-123	0.116	CA/TT	1	1.37e-05	NA	NA	NA
rs10228189	-123	0.588	CA/TG	1	2.78e-06	1	0.000366153384268278	0.98980568037378
rs4236271	-121	0.112	CC/TT	1	4.43e-05	NA	NA	NA
rs4721098	-121	0.579	CG/TC	1	5.02e-06	0	0.000207788122841445	0.994168856936183
rs4719311	-121	0.115	CC/TT	1	5.7e-05	NA	NA	NA
rs73046323	-120	0.599	CA/TG	1	5.25e-06	0	0.000199063083461766	0.9945745259061
rs58169303	-119	0.594	CC/TT	1	7.88e-06	0	0.000134973789752158	0.997516277987601
rs11764040	-118	0.52	CC/TG	1	0.000132	0	9.28317986441326e-06	0.999972146614947
rs62435127	-118	0.599	CG/TA	1	9.81e-06	0	0.000109478847893069	0.998002744921024
rs10233560	-117	0.101	CT/TC	1	6.57e-05	NA	NA	NA
rs58673065	-117	0.515	CG/TA	1	0.000145	0	8.49708009647828e-06	0.999980643695043
rs6953693	-116	0.101	CC/TG	1	2.29e-05	NA	NA	NA
rs6952808	-116	0.101	CG/TC	1	2.67e-05	NA	NA	NA
rs6977733	-116	0.1	CT/TA	1	2.43e-05	NA	NA	NA
rs11762803	-116	0.515	CG/TA	1	0.000152	0	8.12814703627153e-06	0.99998877184208
rs6954521	-116	0.1	CC/TA	1	2.08e-05	NA	NA	NA
rs6978048	-116	0.1	CT/TG	1	2.08e-05	NA	NA	NA
rs6954673	-116	0.1	CC/TT	1	2.55e-05	NA	NA	NA
rs73046334	-116	0.604	CC/TT	1	7.71e-06	0	0.00013781773638302	0.997107197164131
rs6957894	-115	0.101	CG/TA	1	2.42e-05	NA	NA	NA
rs4719318	-115	0.101	CG/TA	1	2.66e-05	NA	NA	NA
rs11766944	-115	0.599	CA/TG	1	5.05e-06	0	0.000206605886455477	0.994375462822638
rs11766945	-115	0.419	CA/TG	1	0.00747	0	2.23099361839831e-07	0.999999887222886
rs4719319	-115	0.1	CG/TA	1	2.68e-05	NA	NA	NA
rs73046339	-113	0.599	CA/TG	1	6.34e-06	0	0.000166177066896143	0.99545242616391
rs62435130	-113	0.613	CT/TC	1	7.59e-06	0	0.000139900369273115	0.996969379427748
rs4256490	-112	0.1	CG/TA	1	4.28e-05	NA	NA	NA
rs4601204	-112	0.1	CC/TT	1	4.81e-05	NA	NA	NA
rs56070303	-112	0.603	CT/TC	1	7.21e-06	0	0.000146943236720402	0.996398035758233
rs62435132	-111	0.603	CT/TC	1	7.74e-06	0	0.000137306968189933	0.997244504132321
rs11764124	-111	0.604	CG/TC	1	8.61e-06	0	0.00012401409343535	0.997893266073131
rs11764337	-110	0.589	CT/TC	1	7.77e-06	0	0.00013680006552794	0.997381304197849
rs56256289	-110	0.589	CT/TC	1	6.07e-06	0	0.000173243512645733	0.995115162751681
rs4721122	-109	0.101	CC/TG	1	3.48e-05	NA	NA	NA
rs11768541	-108	0.102	CG/TA	1	6.72e-05	NA	NA	NA
rs10263703	-107	0.118	CG/TC	1	3e-05	NA	NA	NA
rs11762834	-107	0.112	CC/TT	1	4.26e-05	NA	NA	NA
rs12667600	-107	0.107	CC/TA	1	5.25e-05	NA	NA	NA
rs4236274	-106	0.12	CA/TG	1	3.07e-05	NA	NA	NA
rs11763813	-106	0.622	CT/TC	1	6.52e-06	0	0.000161785046518204	0.995779888242152
rs28432248	-105	0.601	CC/TT	1	2.58e-05	0	4.35541723933927e-05	0.99966028804533
rs11770148	-103	0.655	CG/TA	1	1.23e-05	0	8.82144470670987e-05	0.998568700180035
rs12155225	-103	0.109	CT/TC	1	3.2e-06	NA	NA	NA
rs4644136	-103	0.13	CC/TT	1	0.000136	NA	NA	NA
rs4610628	-99.6	0.114	CC/TT	1	6.02e-06	NA	NA	NA
rs11761670	-98	0.116	CC/TT	1	1.56e-05	NA	NA	NA
rs62435157	-96.5	0.14	CA/TG	1	0.0044	NA	NA	NA
rs57234495	-96.3	0.656	CA/TG	1	1.55e-05	0	7.07538943861815e-05	0.999352659846021
rs12672286	-95.7	0.113	CG/TA	1	3.23e-05	NA	NA	NA
rs6949794	-94	0.114	CG/TA	1	2.03e-05	NA	NA	NA
rs71523265	-92.9	0.133	CG/TA	1	1.09e-05	NA	NA	NA
rs4721134	-90.7	0.11	CG/TA	1	3.78e-05	NA	NA	NA
rs4721135	-90.5	0.134	CA/TG	1	9.39e-06	NA	NA	NA
rs11973114	-89.5	0.645	CA/TG	1	6.61e-06	0	0.000159676998010277	0.995939565240163
rs55934553	-88.7	0.627	CC/TT	1	1.35e-05	0	8.071725937649e-05	0.998818092919996
rs10950415	-88.3	0.156	CA/TG	1	0.000233	NA	NA	NA
rs4719331	-88.1	0.627	CC/TA	1	8.53e-06	0	0.000125125432608713	0.997769251979695
rs4719332	-88.1	0.627	CA/TG	1	8.34e-06	0	0.000127848559485429	0.997644126547087
rs12669758	-88	0.156	CC/TT	1	0.000125	NA	NA	NA
rs7787341	-87.7	0.627	CC/TG	1	1.04e-05	0	0.000103539331700919	0.998106284252725
rs7788921	-87.5	0.627	CA/TC	1	1.19e-05	0	9.10421700747419e-05	0.998480485732968
rs7791637	-87.3	0.656	CA/TG	1	1.19e-05	0	9.10421700747419e-05	0.998389443562894
rs11770612	-87.2	0.627	CC/TA	1	1.12e-05	0	9.64661373329237e-05	0.998202750390058
rs10269191	-87	0.157	CA/TG	1	0.000329	NA	NA	NA
rs60346318	-86.9	0.618	CG/TC	1	1.26e-05	0	8.62090974826751e-05	0.998654909277518
rs28705934	-86.6	0.632	CA/TT	1	1.13e-05	0	9.56510027612748e-05	0.998298401392819
rs4719336	-86.3	0.157	CT/TC	1	0.000697	NA	NA	NA
rs4721140	-85.1	0.627	CT/TA	1	1.32e-05	0	8.24663831014815e-05	0.99873737566062
rs4721142	-84.7	0.661	CC/TT	1	1.38e-05	0	7.90426295791638e-05	0.999056321270572
rs10265944	-84.4	0.156	CC/TT	1	0.000924	NA	NA	NA
rs10266703	-83.8	0.17	CC/TA	1	5.22e-05	NA	NA	NA
rs4721146	-83.2	0.133	CC/TT	1	1.55e-05	NA	NA	NA
rs35487994	-82.6	0.133	CG/TA	1	2.11e-05	NA	NA	NA
rs34040190	-82.4	0.698	CA/TG	1	3.04e-06	0	0.00033605359812301	0.99154303405493
rs10275045	-81.9	0.153	CC/TT	1	0.00121	NA	NA	NA
rs10244946	-81.7	0.153	CG/TA	1	0.00166	NA	NA	NA
rs10278591	-81.4	0.632	CT/TC	1	1.53e-05	0	7.16353905227156e-05	0.999281905951634
rs12669518	-81.3	0.131	CG/TC	1	2.35e-05	NA	NA	NA
rs11761270	-79	0.13	CC/TT	1	1.83e-05	NA	NA	NA
rs6967442	-76.6	0.171	CA/TG	1	0.000469	NA	NA	NA
rs34145223	-76.5	0.135	CG/TA	1	9.52e-06	NA	NA	NA
rs10950422	-76.2	0.17	CT/TC	1	0.000206	NA	NA	NA
rs62436669	-76.1	0.708	CA/TG	1	1.46e-05	0	7.4906660960325e-05	0.999210270561112
rs12534679	-76	0.17	CG/TA	1	0.000508	NA	NA	NA
rs4513875	-74.6	0.135	CC/TT	1	2.19e-05	NA	NA	NA
rs73048106	-73.7	0.698	CT/TG	1	3.39e-06	0	0.000302702688494314	0.992166617825961
rs12667688	-71.7	0.126	CC/TT	1	1.87e-06	NA	NA	NA
rs12669956	-71.6	0.131	CA/TC	1	1.14e-06	NA	NA	NA
rs11768206	-70.6	0.131	CT/TG	1	1.81e-06	NA	NA	NA
rs117829095	-70.4	0.324	CA/TC	1	0.00753	NA	NA	NA
rs4721164	-70.1	0.548	CG/TC	1	6.22e-05	0	1.88955935783695e-05	0.999962863435082
rs6945719	-70	0.128	CG/TA	1	1.37e-05	NA	NA	NA
rs4721167	-69.5	0.129	CC/TT	1	5.15e-05	NA	NA	NA
rs6951956	-68.6	0.566	CA/TG	1	1.73e-05	0	6.37195989376056e-05	0.999416379444958
rs34296663	-67.5	0.133	CC/TT	1	7.36e-05	NA	NA	NA
rs11761818	-67.5	0.132	CC/TT	1	6.29e-05	NA	NA	NA
rs7791299	-67.1	0.676	CC/TT	1	1.37e-05	0	7.95928604985339e-05	0.998977278640993
rs7791899	-66.7	0.682	CC/TT	1	1.75e-05	0	6.30255177974364e-05	0.999479404962756
rs62442895	-65.8	0.687	CA/TG	1	2.87e-05	0	3.93586962286304e-05	0.999867736342363
rs10267593	-65.5	0.676	CA/TG	1	5.33e-05	0	2.18714583131645e-05	0.999943967841504
rs34922657	-64.1	0.131	CC/TT	1	0.000121	NA	NA	NA
rs7807014	-63.7	0.687	CC/TT	1	2.66e-05	0	4.23074778018623e-05	0.999787669296732
rs12669937	-63	0.131	CC/TT	1	0.000101	NA	NA	NA
rs11771828	-61.7	0.687	CC/TT	1	2.63e-05	0	4.27662957978296e-05	0.999703054341128
rs11767515	-61.7	0.682	CT/TC	1	1.37e-05	0	7.95928604985339e-05	0.998897685780495
rs4236277	-60.5	0.131	CC/TT	1	3.72e-05	NA	NA	NA
rs12699439	-59.9	0.131	CT/TC	1	5.51e-05	NA	NA	NA
rs10807761	-57.3	0.132	CG/TA	1	0.000128	NA	NA	NA
rs11767036	-57.3	0.671	CG/TC	1	6.36e-06	0	0.000165677031723756	0.995618103195634
rs11767040	-57.3	0.671	CT/TC	1	4.9e-06	0	0.000212658979180626	0.993961068813341
rs56403963	-56.6	0.687	CG/TC	1	1.38e-05	0	7.90426295791638e-05	0.999135363900151
rs6461005	-55	0.161	CA/TG	1	0.0031	NA	NA	NA
rs6952727	-54.8	0.161	CA/TG	1	0.00103	NA	NA	NA
rs10232234	-54.6	0.16	CG/TT	1	0.00077	NA	NA	NA
rs12537348	-54.6	0.135	CC/TG	1	2.49e-05	NA	NA	NA
rs117097421	-54.4	0.295	CA/TG	1	0.00451	NA	NA	NA
rs12537914	-54.4	0.134	CC/TT	1	3.43e-05	NA	NA	NA
rs62442899	-54.3	0.693	CT/TC	1	3.99e-06	0	0.000258920499739178	0.993013746828739
rs34961072	-54.1	0.128	CG/TC	1	2.94e-06	NA	NA	NA
rs34269264	-54	0.134	CC/TT	1	3.08e-05	NA	NA	NA
rs35582663	-54	0.134	CG/TA	1	3.14e-05	NA	NA	NA
rs60605830	-53.5	0.161	CA/TG	1	0.0011	NA	NA	NA
rs73048162	-53.4	0.161	CT/TC	1	0.00119	NA	NA	NA
rs10230383	-52.6	0.16	CT/TC	1	0.00151	NA	NA	NA
rs10227517	-52.4	0.159	CA/TT	1	0.00142	NA	NA	NA
rs10243920	-52.3	0.159	CG/TA	1	0.00134	NA	NA	NA
rs10274300	-52.3	0.159	CC/TG	1	0.00106	NA	NA	NA
rs11771973	-52.3	0.136	CC/TG	1	2.93e-05	NA	NA	NA
rs11764960	-52.2	0.131	CG/TA	1	2.01e-05	NA	NA	NA
rs4721184	-51.9	0.136	CT/TC	1	9.8e-06	NA	NA	NA
rs4332037	-51.9	0.687	CT/TC	1	7.55e-06	0	0.000140608995438842	0.996829479058475
rs4721185	-51.6	0.153	CT/TC	1	0.00201	NA	NA	NA
rs12699449	-51.5	0.158	CG/TC	1	0.00163	NA	NA	NA
rs11772205	-51.5	0.158	CC/TT	1	0.00208	NA	NA	NA
rs6461009	-50.6	0.687	CT/TC	1	5.76e-06	0	0.000182156969447427	0.994941919239035
rs6944877	-50.2	0.159	CT/TG	1	0.000972	NA	NA	NA
rs12699453	-49.7	0.159	CC/TT	1	0.00191	NA	NA	NA
rs62442903	-49.3	0.662	CA/TG	1	1.83e-06	1	0.000547062884785955	0.985807767524216
rs6950151	-49.2	0.154	CT/TC	1	0.00191	NA	NA	NA
rs6964522	-49.2	0.154	CC/TT	1	0.00149	NA	NA	NA
rs12536261	-49.2	0.132	CG/TA	1	2.21e-05	NA	NA	NA
rs6950330	-49.1	0.159	CT/TC	1	0.00202	NA	NA	NA
rs4721188	-49.1	0.652	CG/TA	1	1.72e-06	1	0.000580642798221701	0.984121676029182
rs13224989	-49	0.136	CC/TG	1	3.2e-05	NA	NA	NA
rs2056478	-48.8	0.135	CC/TT	1	4.05e-05	NA	NA	NA
rs2056479	-48.5	0.155	CG/TA	1	0.00238	NA	NA	NA
rs2056480	-48.4	0.133	CG/TA	1	2.71e-05	NA	NA	NA
rs4721190	-48	0.153	CG/TA	1	0.00403	NA	NA	NA
rs35797753	-47.8	0.126	CG/TA	1	4.39e-05	NA	NA	NA
rs4421257	-47.6	0.135	CT/TC	1	2.38e-05	NA	NA	NA
rs2056481	-47.3	0.129	CA/TG	1	4.45e-05	NA	NA	NA
rs12536062	-44.1	0.128	CG/TA	1	7.5e-06	NA	NA	NA
rs117014804	-43.7	0.106	CC/TG	1	0.648	NA	NA	NA
rs28728306	-40.9	0.725	CA/TC	1	3.42e-06	0	0.000300155948815457	0.992466773774777
rs73050128	-40.9	0.725	CA/TC	1	2.81e-06	1	0.000362401465172069	0.990168081838952
rs10268609	-40.6	0.725	CG/TT	1	2.91e-06	0	0.000350443663135327	0.990518525502088
rs1403175	-38.4	0.725	CA/TT	1	2.51e-06	1	0.000403876461302438	0.989072105242917
rs12671113	-37.5	0.13	CG/TA	1	1.62e-06	NA	NA	NA
rs10950448	-36.2	0.133	CG/TC	1	2.07e-06	NA	NA	NA
rs6959688	-35.9	0.119	CA/TG	1	0.177	NA	NA	NA
rs6978112	-35.9	0.121	CC/TT	1	0.0915	NA	NA	NA
rs60595248	-35	0.584	CA/TG	1	0.00207	0	7.15267274661753e-07	0.999996222119861
rs12699476	-34.5	0.451	CA/TC	1	0.00637	0	2.57423504010071e-07	0.999999664123524
rs12699477	-33.8	0.116	CT/TC	1	0.00315	NA	NA	NA
rs62442910	-33.6	0.577	CA/TT	1	0.00351	0	4.41482796933317e-07	0.999997797241323
rs78443464	-32.5	0.58	CT/TC	1	0.00388	0	4.03034718019682e-07	0.99999860712297
rs62442913	-32.1	0.576	CA/TG	1	0.00395	0	3.96542332384374e-07	0.99999940670002
rs61409925	-31.5	0.575	CA/TG	1	0.00388	0	4.03034718019682e-07	0.999999010157688
rs13244345	-29.7	0.153	CA/TG	1	0.000272	NA	NA	NA
rs4721217	-29.2	0.131	CC/TT	1	2.03e-06	NA	NA	NA
rs56093134	-28.8	0.701	CT/TC	1	9.19e-07	1	0.00106112039250073	0.98354103323096
rs12699483	-27.1	0.128	CC/TG	1	1.59e-07	NA	NA	NA
rs1801368	-26.3	0.129	CC/TT	1	3.41e-07	NA	NA	NA
rs2280550	-26.2	0.129	CG/TA	1	3.02e-07	NA	NA	NA
rs2280548	-26.1	0.129	CG/TT	1	2.95e-07	NA	NA	NA
rs2280546	-25.9	0.13	CG/TA	1	4.18e-07	NA	NA	NA
rs4719366	-24.8	0.128	CG/TA	1	8.34e-07	NA	NA	NA
rs56259105	-24.7	0.711	CC/TT	1	2.19e-06	1	0.000460380099847028	0.988259663585638
rs11557347	-23	0.147	CG/TA	1	0.000243	NA	NA	NA
rs10950456	-23	0.162	CA/TG	1	6.89e-05	NA	NA	NA
rs1554505	-18.8	0.593	CG/TA	1	1.65e-07	1	0.0055648324955541	0.951449834900513
rs7801421	-12.8	0.136	CC/TG	1	0.000662	NA	NA	NA
rs62442924	-12.8	0.96	CT/TC	1	1.18e-08	1	0.0717877715440372	0.437360980548912
rs11768212	-10.2	0.866	CC/TA	1	1.3e-07	1	0.00700798808766744	0.922129747487047
rs1316716	-9.91	0.103	CG/TA	1	0.00117	NA	NA	NA
rs1113737	-9.66	0.12	CG/TA	1	0.0253	NA	NA	NA
rs7804190	-8.83	0.116	CC/TA	1	0.286	NA	NA	NA
rs882948	-6.87	0.143	CC/TT	1	0.000638	NA	NA	NA
rs6972374	0.31	0.156	CC/TT	1	0.000807	NA	NA	NA
rs12666575	1.69	0.183	CC/TT	1	5.15e-08	NA	NA	NA
rs11766575	3.01	0.186	CT/TC	1	6.4e-08	NA	NA	NA
rs62442944	12.3	0.932	CG/TT	1	1.32e-08	1	0.0643783183886522	0.568578801087178
rs6969587	15.3	0.103	CC/TT	1	0.00427	NA	NA	NA
rs12699561	15.7	0.103	CG/TT	1	0.00408	NA	NA	NA
rs11764780	18.2	0.893	CC/TG	1	1.06e-08	1	0.0796734303313816	0.365573209004875
rs55790766	18.5	0.893	CT/TC	1	9.31e-09	1	0.0903839189514154	0.203971855649406
rs57148375	22.3	0.898	CC/TG	1	1.41e-08	1	0.0603824804992762	0.628961281586454
rs117151516	24.1	0.147	CA/TG	1	0.744	NA	NA	NA
rs34809719	26.2	0.893	CT/TG	1	1.27e-08	1	0.0668395021496132	0.504200482698525
rs11764590	30.1	0.887	CT/TC	1	1.03e-08	1	0.0819279230240874	0.285899778673493
rs1403174	30.1	0.119	CT/TA	1	0.0341	NA	NA	NA
rs868754	31	0.871	CC/TG	1	1.46e-08	1	0.0583727012565354	0.687333982842989
rs3857706	31.5	0.109	CG/TA	1	0.0311	NA	NA	NA
rs872464	31.8	0.109	CG/TA	1	0.0337	NA	NA	NA
rs57633152	39.8	0.137	CC/TG	1	7.61e-07	NA	NA	NA
rs6975354	41.4	0.105	CG/TC	1	0.00112	NA	NA	NA
rs13246996	43.5	0.104	CG/TC	1	0.0013	NA	NA	NA
rs56305291	46	0.832	CG/TA	1	8.5e-08	1	0.0105726796519508	0.892409224878801
rs4721302	47.1	0.103	CG/TA	1	0.00097	NA	NA	NA
rs56180486	48	0.827	CT/TC	1	6.12e-08	1	0.0145335379352261	0.838318614419831
rs11514731	48.8	0.843	CG/TC	1	7.98e-08	1	0.0112391365416259	0.849557750961457
rs12699570	48.8	0.104	CG/TA	1	0.000599	NA	NA	NA
rs62444881	49.6	0.849	CT/TC	1	1.29e-07	1	0.00706053734061195	0.91512175939938
rs3996325	51	0.642	CC/TT	1	7.21e-06	0	0.000146943236720402	0.996544978994953
rs939946	53.5	0.133	CC/TG	1	0.00727	NA	NA	NA
rs55988458	57	0.821	CA/TG	1	1.64e-07	1	0.00559763878279206	0.945885002404959
rs56016347	57.4	0.821	CT/TC	1	1.53e-07	1	0.00598635397024462	0.934338606078219
rs11762545	58	0.821	CT/TC	1	1.47e-07	1	0.00622250462092709	0.928352252107974
rs11762636	58.4	0.821	CA/TC	1	1.54e-07	1	0.00594875754394845	0.940287363622167
rs6973622	60.7	0.102	CC/TT	1	0.00141	NA	NA	NA
rs79447549	63.7	0.362	CG/TA	1	0.0201	NA	NA	NA
rs11764212	64.9	0.146	CC/TA	1	3.61e-07	NA	NA	NA
rs62444886	65.6	0.223	CT/TC	1	0.00126	NA	NA	NA
rs4721321	65.7	0.629	CG/TA	1	3.53e-05	0	3.23319069317149e-05	0.999900068249295
rs59619245	65.9	0.146	CC/TT	1	3.31e-07	NA	NA	NA
rs7778752	67.8	0.102	CC/TT	1	0.00215	NA	NA	NA
rs55773130	67.8	0.821	CC/TT	1	2.59e-07	1	0.00359923346134096	0.964048103074331
rs55952733	67.9	0.821	CA/TG	1	2.36e-07	1	0.00393754926425467	0.96044886961299
rs55993248	68.4	0.86	CG/TA	1	2.88e-08	1	0.0301839419689274	0.717517924811917
rs4470910	69	0.821	CT/TC	1	1.82e-07	1	0.00506148544822252	0.956511320348736
rs28528997	71.4	0.86	CG/TA	1	3.74e-08	1	0.0234259608428068	0.76486627484438
rs1533827	71.6	0.86	CT/TC	1	3.9e-08	1	0.0224933658428759	0.787359640687256
rs7795126	73.9	0.119	CA/TG	1	0.153	NA	NA	NA
rs6948912	74	0.487	CC/TT	1	0.0161	0	1.12777113865614e-07	1
rs55683212	76.1	0.86	CC/TG	1	3.66e-08	1	0.0239223891896568	0.741440314001573
rs56226325	76.2	0.634	CT/TC	1	4.93e-08	1	0.0179215125345515	0.823785076484605
rs3996323	76.7	0.669	CT/TG	1	7.37e-06	0	0.000143891068083018	0.996688870063036
rs11763750	77.4	0.86	CA/TG	1	4.77e-08	1	0.0185039232627978	0.805863563950054
rs117624174	78.7	0.161	CT/TC	1	0.0116	NA	NA	NA
rs11766468	79.9	0.62	CA/TG	1	2.87e-07	1	0.00325950735112682	0.967307610425458
rs1533829	80.1	0.665	CG/TA	1	2.53e-05	0	4.43724912293344e-05	0.999573179700544
rs62444906	80.4	0.62	CT/TG	1	3.11e-07	1	0.00301629011103935	0.970323900536498
rs62444907	80.5	0.623	CT/TC	1	1.06e-07	1	0.00853810209459874	0.9009473269734
rs10241537	80.6	0.669	CG/TA	1	6.15e-06	0	0.000171086345333202	0.995286249097014
rs60137119	80.9	0.173	CA/TG	1	3.18e-08	NA	NA	NA
rs6944660	81	0.1	CG/TA	1	0.00557	NA	NA	NA
rs7797112	82.4	0.654	CC/TT	1	2.94e-06	0	0.000347012048428817	0.990865537550516
rs7801349	82.8	0.654	CC/TT	1	3.19e-06	0	0.000320881082536948	0.991863915137467
rs6950627	83.9	0.171	CC/TT	1	1.44e-07	NA	NA	NA
rs10235664	84.1	0.65	CC/TT	1	2.18e-06	1	0.000462408003854813	0.987799283485791
rs10276536	84.2	0.669	CT/TC	1	5.66e-06	0	0.000185236363487723	0.994759762269588
rs9639202	84.6	0.624	CA/TG	1	8.42e-08	1	0.010669931830321	0.871239722006144
rs55770986	85.1	0.629	CC/TT	1	8.15e-08	1	0.0110120392143659	0.860569790175823
rs56265641	85.2	0.215	CG/TC	1	0.00237	NA	NA	NA
rs9969125	85.7	0.629	CT/TC	1	8.48e-08	1	0.0105968232207064	0.881836545226851
rs55669426	87.4	0.663	CC/TG	1	4.11e-06	0	0.000251671005398123	0.993517677062459
rs7787359	88.1	0.659	CG/TA	1	4.1e-06	0	0.000252259228321225	0.993266006057061
rs56289396	88.7	0.608	CA/TG	1	1.28e-07	1	0.00711389508536752	0.908061222058768
rs12699646	90.4	0.173	CG/TT	1	6.26e-08	NA	NA	NA
rs55893771	93.5	0.565	CT/TC	1	5.39e-07	1	0.00177433949339207	0.979172462084804
rs6972969	96.6	0.618	CG/TA	1	2.66e-05	0	4.23074778018623e-05	0.99974536181893
rs6977161	96.6	0.618	CC/TT	1	2.26e-05	0	4.94022465585748e-05	0.999528807209314
rs60626033	97	0.614	CG/TA	1	2.58e-05	0	4.35541723933927e-05	0.999616733872937
rs73048919	101	0.146	CC/TA	1	2.46e-06	NA	NA	NA
rs6461115	101	0.651	CG/TA	1	1.75e-06	1	0.000571073573706235	0.984692749602888
rs55810445	101	0.579	CT/TC	1	8.83e-07	1	0.00110274499006713	0.981392578146377
rs11760737	101	0.579	CC/TT	1	8.96e-07	1	0.0010873346920821	0.982479912838459
rs11773643	101	0.651	CG/TA	1	1.89e-06	1	0.000530365614380964	0.986338133138597
rs56072378	102	0.651	CG/TA	1	1.94e-06	1	0.000517226326351526	0.986855359464949
rs4721359	102	0.618	CG/TA	1	2.77e-05	0	4.07083494024141e-05	0.999828377646134
rs55860148	103	0.659	CA/TG	1	1.76e-06	1	0.000567955036542133	0.98526070463943
rs4719416	104	0.749	CA/TG	1	4.5e-06	0	0.000230732771702236	0.993748409834161
rs34731055	104	0.816	CT/TC	1	3.79e-07	1	0.00249215927335165	0.972816059809849
rs62444917	105	0.661	CC/TA	1	2.77e-06	1	0.000367421746594332	0.989439526989512
rs55789728	105	0.661	CG/TA	1	2.99e-06	0	0.000341442906290488	0.991206980456807
rs17132130	105	0.661	CC/TG	1	3.57e-06	0	0.000288052554223598	0.992754826329
rs62444919	107	0.799	CT/TC	1	8.71e-07	1	0.0011173710715065	0.98028983315631
rs11772627	107	0.805	CC/TG	1	4.28e-07	1	0.00221627888770062	0.977398122591412
rs3800872	108	0.652	CG/TC	1	2.09e-06	1	0.000481516016987853	0.987336875481936
rs3823624	108	0.799	CC/TT	1	4e-07	1	0.00236578389386174	0.975181843703711
rs17734969	108	0.652	CC/TT	1	2.48e-06	1	0.000408565195976694	0.988668228781615
rs11771283	108	0.143	CT/TC	1	3.21e-05	NA	NA	NA
rs2398709	110	0.121	CC/TT	1	7.24e-06	NA	NA	NA
rs35145970	110	0.12	CA/TG	1	0.728	NA	NA	NA
rs13227446	110	0.117	CA/TG	1	0.588	NA	NA	NA
rs3729620	112	0.104	CT/TC	1	0.702	NA	NA	NA
rs3800875	115	0.129	CT/TC	1	0.0101	NA	NA	NA
rs34903893	117	0.113	CT/TC	1	0.315	NA	NA	NA
rs3800882	118	0.111	CG/TA	1	5.66e-06	NA	NA	NA
rs1558462	118	0.106	CA/TG	1	0.38	NA	NA	NA
rs3800893	121	0.109	CT/TC	1	0.249	NA	NA	NA
rs3778956	125	0.11	CG/TC	1	0.733	NA	NA	NA
rs62442989	125	0.209	CC/TG	1	0.0027	NA	NA	NA
rs13242473	127	0.118	CC/TT	1	0.514	NA	NA	NA
rs2895202	129	0.122	CT/TC	1	2.17e-05	NA	NA	NA
rs35143793	132	0.117	CG/TA	1	0.571	NA	NA	NA
rs3778964	135	0.12	CC/TT	1	6.35e-05	NA	NA	NA
rs3778965	136	0.119	CG/TA	1	6.45e-05	NA	NA	NA
rs73038441	137	0.12	CT/TC	1	6.03e-05	NA	NA	NA
rs73038442	137	0.12	CC/TT	1	6.13e-05	NA	NA	NA
rs3778969	137	0.12	CG/TA	1	5.98e-05	NA	NA	NA
rs4719431	138	0.154	CT/TC	1	0.00097	NA	NA	NA
rs4719432	138	0.117	CA/TG	1	0.0513	NA	NA	NA
rs62442993	138	0.115	CT/TC	1	0.366	NA	NA	NA
rs4719436	139	0.12	CG/TA	1	5.09e-05	NA	NA	NA
rs3778970	140	0.116	CC/TA	1	1.86e-05	NA	NA	NA
rs3800902	142	0.12	CC/TT	1	3.99e-05	NA	NA	NA
rs35876604	143	0.115	CA/TG	1	0.387	NA	NA	NA
rs3778971	144	0.11	CA/TC	1	0.435	NA	NA	NA
rs7809320	147	0.109	CA/TG	1	0.479	NA	NA	NA
rs3778973	148	0.102	CT/TC	1	0.712	NA	NA	NA
rs1558465	149	0.149	CG/TC	1	0.000642	NA	NA	NA
rs1476887	149	0.149	CT/TC	1	0.000845	NA	NA	NA
rs4721411	150	0.123	CC/TT	1	3.51e-05	NA	NA	NA
rs6461158	151	0.107	CA/TG	1	0.311	NA	NA	NA
rs11770254	153	0.15	CC/TG	1	3.85e-05	NA	NA	NA
rs11770255	153	0.15	CC/TG	1	3.87e-05	NA	NA	NA
rs2398706	154	0.148	CA/TT	1	0.000157	NA	NA	NA
rs13240499	154	0.107	CA/TG	1	0.602	NA	NA	NA
rs10239050	156	0.127	CA/TG	1	8.2e-06	NA	NA	NA
rs3800909	157	0.145	CC/TG	1	0.000339	NA	NA	NA
rs3778977	157	0.144	CC/TT	1	0.000369	NA	NA	NA
rs3778978	157	0.119	CA/TG	1	1.57e-05	NA	NA	NA
rs1860831	158	0.148	CT/TC	1	0.000235	NA	NA	NA
rs4719443	158	0.119	CA/TG	1	1.9e-05	NA	NA	NA
rs3778980	159	0.107	CA/TG	1	0.435	NA	NA	NA
rs1860832	159	0.119	CG/TA	1	1.34e-05	NA	NA	NA
rs3800913	161	0.144	CA/TG	1	0.000318	NA	NA	NA
rs2398705	162	0.12	CG/TA	1	6.49e-06	NA	NA	NA
rs3800916	163	0.12	CC/TT	1	6.26e-06	NA	NA	NA
rs3778982	164	0.12	CT/TC	1	5.92e-06	NA	NA	NA
rs3778983	164	0.128	CT/TG	1	2.3e-06	NA	NA	NA
rs3778984	164	0.12	CT/TC	1	6.88e-06	NA	NA	NA
rs3800917	165	0.132	CG/TA	1	9.35e-06	NA	NA	NA
rs4721429	169	0.13	CT/TC	1	7.24e-05	NA	NA	NA
rs3778991	170	0.13	CG/TA	1	8.63e-05	NA	NA	NA
rs3778994	173	0.15	CC/TA	1	0.00153	NA	NA	NA
rs3778995	173	0.106	CC/TT	1	0.297	NA	NA	NA
rs1107351	174	0.126	CG/TA	1	0.000846	NA	NA	NA
rs3778996	174	0.13	CG/TA	1	7.64e-05	NA	NA	NA
rs73039217	176	0.125	CG/TA	1	0.00111	NA	NA	NA
rs76016791	177	0.154	CA/TC	1	0.0606	NA	NA	NA
rs3778998	178	0.125	CC/TA	1	0.00134	NA	NA	NA
rs3778999	178	0.129	CG/TA	1	9.39e-05	NA	NA	NA
rs3779000	179	0.125	CG/TA	1	0.00097	NA	NA	NA
rs3779002	180	0.125	CC/TT	1	0.000684	NA	NA	NA
rs1859993	181	0.151	CA/TG	1	0.00148	NA	NA	NA
rs4721441	181	0.13	CT/TC	1	6.16e-05	NA	NA	NA
rs3800922	182	0.13	CA/TG	1	7.47e-05	NA	NA	NA
rs3800923	182	0.151	CA/TG	1	0.0012	NA	NA	NA
rs3779003	182	0.13	CC/TT	1	5.38e-05	NA	NA	NA
rs1614599	183	0.108	CA/TC	1	0.444	NA	NA	NA
rs3800924	186	0.104	CC/TT	1	0.000464	NA	NA	NA
rs3823631	187	0.129	CA/TG	1	5.46e-05	NA	NA	NA
rs1637770	188	0.174	CT/TC	1	0.0118	NA	NA	NA
rs10240891	190	0.111	CC/TT	1	1.62e-06	NA	NA	NA
rs4721447	191	0.115	CC/TT	1	6.55e-07	NA	NA	NA
rs58835785	193	0.116	CC/TT	1	9.85e-07	NA	NA	NA
rs59134428	193	0.116	CG/TA	1	1.15e-06	NA	NA	NA
rs3779009	201	0.117	CG/TC	1	8.58e-07	NA	NA	NA
rs2159045	205	0.12	CT/TC	1	7.85e-07	NA	NA	NA
rs3779013	208	0.114	CA/TG	1	0.00011	NA	NA	NA
rs6967286	210	0.117	CC/TA	1	2.06e-06	NA	NA	NA
rs1639906	217	0.123	CT/TC	1	1.77e-06	NA	NA	NA
rs1637759	217	0.127	CC/TT	1	1.5e-06	NA	NA	NA
rs73039284	219	0.116	CC/TG	1	1.3e-06	NA	NA	NA
rs4721458	221	0.115	CG/TA	1	1.64e-06	NA	NA	NA
rs10226475	223	0.101	CA/TG	1	4.06e-07	NA	NA	NA
rs1637750	225	0.124	CG/TA	1	8.61e-07	NA	NA	NA
rs4719456	226	0.109	CG/TC	1	3.4e-06	NA	NA	NA
rs1637749	226	0.111	CA/TG	1	3.1e-06	NA	NA	NA
rs4719457	227	0.111	CA/TG	1	1.86e-06	NA	NA	NA
rs1639908	228	0.128	CC/TG	1	1.61e-06	NA	NA	NA
rs17186614	228	0.1	CA/TG	1	3.91e-06	NA	NA	NA
rs10257990	230	0.104	CT/TC	1	9.56e-06	NA	NA	NA
rs12112306	230	0.103	CC/TT	1	9.98e-06	NA	NA	NA
rs1639909	230	0.128	CA/TC	1	4.39e-06	NA	NA	NA
rs62442476	231	0.103	CA/TG	1	0.0274	NA	NA	NA
rs1637742	234	0.107	CG/TA	1	6.03e-06	NA	NA	NA
rs3800929	234	0.102	CC/TG	1	2.01e-05	NA	NA	NA
rs1637738	237	0.115	CT/TC	1	9.71e-06	NA	NA	NA
rs11976342	237	0.112	CC/TT	1	1.53e-05	NA	NA	NA
rs73041345	245	0.275	CA/TG	1	0.0279	NA	NA	NA
rs745566	254	0.108	CT/TC	1	4.99e-07	NA	NA	NA
rs745565	254	0.107	CG/TC	1	3.93e-07	NA	NA	NA
rs733611	254	0.108	CG/TA	1	3.9e-07	NA	NA	NA
rs35629140	254	0.109	CG/TC	1	2.32e-07	NA	NA	NA
rs7781856	254	0.109	CC/TT	1	2.02e-07	NA	NA	NA
rs6951493	255	0.11	CG/TA	1	2.75e-07	NA	NA	NA
rs6461233	259	0.105	CG/TA	1	3.12e-07	NA	NA	NA
rs3800938	265	0.124	CC/TG	1	5.41e-05	NA	NA	NA
rs71525363	266	0.111	CG/TA	1	1.75e-06	NA	NA	NA
rs35791351	267	0.111	CC/TT	1	1.56e-06	NA	NA	NA
rs3757437	269	0.109	CC/TT	1	1.04e-06	NA	NA	NA
rs3757439	269	0.111	CC/TT	1	8.17e-07	NA	NA	NA
rs3757440	270	0.11	CA/TG	1	8.38e-07	NA	NA	NA
rs7787274	273	0.109	CG/TA	1	4.87e-07	NA	NA	NA
rs7810970	274	0.11	CA/TG	1	3.33e-07	NA	NA	NA
rs34418140	275	0.107	CC/TT	1	3.85e-07	NA	NA	NA
rs7799006	275	0.108	CC/TT	1	3.35e-07	NA	NA	NA
rs11984133	277	0.104	CA/TC	1	1.38e-07	NA	NA	NA
rs4719468	282	0.112	CG/TC	1	1.54e-06	NA	NA	NA
rs33922585	282	0.117	CC/TT	1	2.71e-06	NA	NA	NA
rs12673108	284	0.118	CC/TA	1	2.32e-06	NA	NA	NA
rs33981648	286	0.112	CT/TC	1	2.47e-06	NA	NA	NA
rs12531150	287	0.119	CC/TT	1	5.01e-06	NA	NA	NA
rs2270052	289	0.12	CG/TA	1	3.12e-06	NA	NA	NA
rs2256545	289	0.119	CG/TA	1	3.18e-06	NA	NA	NA
rs12534131	291	0.112	CC/TT	1	2.62e-06	NA	NA	NA
rs2398668	295	0.112	CC/TT	1	2.68e-06	NA	NA	NA
rs12537790	297	0.12	CT/TA	1	1.53e-06	NA	NA	NA
rs10447540	299	0.12	CA/TG	1	1.79e-06	NA	NA	NA
rs10447541	299	0.12	CT/TG	1	1.59e-06	NA	NA	NA
rs2286207	300	0.101	CG/TA	1	1.05e-05	NA	NA	NA
rs4721527	304	0.101	CG/TA	1	1.04e-05	NA	NA	NA
rs12535174	308	0.101	CC/TT	1	7.11e-06	NA	NA	NA
rs878534	312	0.1	CG/TA	1	1.08e-05	NA	NA	NA
rs34417375	312	0.1	CC/TT	1	1.06e-05	NA	NA	NA
rs12669625	313	0.102	CC/TT	1	1.41e-05	NA	NA	NA
rs7792045	314	0.102	CC/TT	1	1.49e-05	NA	NA	NA
