SNP	KB	R2	Alleles	F	P	inCredible	probNorm	cumSum
rs12675948	0	1	T	1	2.44e-08	1	0.0421376443796938	0.126412933139082
rs137912809	-404	0.15	TA/GG	1	0.00108	NA	NA	NA
rs72672948	-383	0.171	TA/GG	1	0.73	NA	NA	NA
rs58892455	-378	0.155	TC/GT	1	0.321	NA	NA	NA
rs59877457	-377	0.142	TG/GA	1	0.328	NA	NA	NA
rs9643054	-363	0.148	TC/GG	1	0.522	NA	NA	NA
rs62528064	-356	0.139	TG/GA	1	0.281	NA	NA	NA
rs7838509	-355	0.152	TA/GG	1	0.303	NA	NA	NA
rs16880528	-354	0.152	TT/GC	1	0.431	NA	NA	NA
rs2350883	-353	0.144	TG/GA	1	0.444	NA	NA	NA
rs748506	-352	0.14	TA/GG	1	0.485	NA	NA	NA
rs144481296	-337	0.139	TC/GT	1	0.185	NA	NA	NA
rs2204268	-331	0.19	TC/GT	1	0.306	NA	NA	NA
rs111314874	-331	0.172	TG/GA	1	0.287	NA	NA	NA
rs4117967	-329	0.19	TA/GG	1	0.264	NA	NA	NA
rs940281	-320	0.19	TA/GT	1	0.256	NA	NA	NA
rs10505143	-318	0.19	TC/GT	1	0.35	NA	NA	NA
rs62528069	-312	0.19	TT/GA	1	0.301	NA	NA	NA
rs1851733	-312	0.172	TT/GC	1	0.297	NA	NA	NA
rs16880567	-309	0.147	TC/GT	1	0.206	NA	NA	NA
rs59821814	-308	0.19	TA/GC	1	0.301	NA	NA	NA
rs7820506	-306	0.166	TA/GG	1	0.293	NA	NA	NA
rs16880578	-297	0.19	TT/GA	1	0.497	NA	NA	NA
rs62528075	-297	0.19	TA/GG	1	0.446	NA	NA	NA
rs12056621	-296	0.184	TT/GC	1	0.466	NA	NA	NA
rs12056410	-296	0.184	TG/GC	1	0.479	NA	NA	NA
rs16880581	-296	0.184	TC/GA	1	0.476	NA	NA	NA
rs62528076	-295	0.184	TG/GC	1	0.446	NA	NA	NA
rs12056786	-294	0.184	TT/GA	1	0.431	NA	NA	NA
rs62528077	-292	0.184	TG/GA	1	0.439	NA	NA	NA
rs62528092	-292	0.184	TC/GT	1	0.45	NA	NA	NA
rs76643049	-291	0.19	TG/GA	1	0.533	NA	NA	NA
rs62528093	-291	0.19	TG/GA	1	0.45	NA	NA	NA
rs62528094	-290	0.19	TG/GA	1	0.479	NA	NA	NA
rs59127775	-289	0.184	TA/GG	1	0.509	NA	NA	NA
rs60618246	-288	0.184	TT/GG	1	0.517	NA	NA	NA
rs59681909	-288	0.184	TT/GC	1	0.508	NA	NA	NA
rs62528097	-286	0.148	TT/GG	1	0.79	NA	NA	NA
rs77355187	-286	0.19	TG/GA	1	0.583	NA	NA	NA
rs112433585	-285	0.185	TC/GA	1	0.59	NA	NA	NA
rs78241959	-285	0.19	TC/GT	1	0.587	NA	NA	NA
rs77110101	-285	0.19	TG/GC	1	0.627	NA	NA	NA
rs62528098	-285	0.19	TA/GT	1	0.587	NA	NA	NA
rs7825822	-284	0.19	TC/GT	1	0.514	NA	NA	NA
rs7842655	-283	0.19	TA/GG	1	0.564	NA	NA	NA
rs62528101	-283	0.19	TA/GT	1	0.509	NA	NA	NA
rs62528102	-282	0.19	TA/GC	1	0.469	NA	NA	NA
rs62528103	-281	0.147	TA/GG	1	0.21	NA	NA	NA
rs16880591	-280	0.234	TG/GA	1	0.0766	NA	NA	NA
rs7001118	-279	0.248	TA/GC	1	0.0951	NA	NA	NA
rs62528104	-277	0.165	TA/GG	1	0.217	NA	NA	NA
rs77197291	-277	0.241	TA/GT	1	0.108	NA	NA	NA
rs62528105	-277	0.241	TA/GG	1	0.108	NA	NA	NA
rs78855656	-277	0.241	TG/GC	1	0.0941	NA	NA	NA
rs62528106	-273	0.241	TC/GT	1	0.114	NA	NA	NA
rs58378331	-272	0.241	TC/GT	1	0.115	NA	NA	NA
rs7011447	-272	0.235	TA/GG	1	0.115	NA	NA	NA
rs7011644	-271	0.235	TT/GG	1	0.115	NA	NA	NA
rs6989508	-269	0.241	TA/GG	1	0.115	NA	NA	NA
rs6989966	-268	0.241	TA/GG	1	0.118	NA	NA	NA
rs7000311	-266	0.241	TT/GA	1	0.114	NA	NA	NA
rs62528108	-264	0.216	TT/GC	1	0.112	NA	NA	NA
rs62528109	-264	0.241	TG/GC	1	0.115	NA	NA	NA
rs7008830	-260	0.241	TA/GG	1	0.117	NA	NA	NA
rs58140670	-260	0.216	TT/GC	1	0.113	NA	NA	NA
rs16880609	-257	0.241	TT/GC	1	0.12	NA	NA	NA
rs7836358	-255	0.241	TT/GA	1	0.122	NA	NA	NA
rs72672982	-252	0.147	TC/GT	1	0.0797	NA	NA	NA
rs78076069	-252	0.241	TC/GT	1	0.124	NA	NA	NA
rs75225111	-250	0.103	TG/GT	1	0.0585	NA	NA	NA
rs57281342	-250	0.241	TA/GG	1	0.121	NA	NA	NA
rs16880620	-246	0.241	TG/GA	1	0.12	NA	NA	NA
rs62528113	-245	0.248	TG/GT	1	0.123	NA	NA	NA
rs58466321	-245	0.176	TC/GT	1	0.0611	NA	NA	NA
rs62528115	-244	0.248	TC/GA	1	0.123	NA	NA	NA
rs16880622	-242	0.248	TA/GT	1	0.126	NA	NA	NA
rs62528117	-242	0.173	TC/GT	1	0.242	NA	NA	NA
rs62528118	-241	0.248	TC/GT	1	0.126	NA	NA	NA
rs10955538	-240	0.248	TA/GG	1	0.124	NA	NA	NA
rs74491052	-237	0.248	TG/GC	1	0.126	NA	NA	NA
rs10505144	-236	0.248	TA/GG	1	0.129	NA	NA	NA
rs77036881	-235	0.248	TT/GG	1	0.129	NA	NA	NA
rs62528119	-235	0.248	TG/GA	1	0.129	NA	NA	NA
rs16880631	-235	0.248	TG/GT	1	0.116	NA	NA	NA
rs62528120	-235	0.248	TC/GG	1	0.116	NA	NA	NA
rs72672983	-231	0.128	TA/GG	1	0.0405	NA	NA	NA
rs16880637	-230	0.255	TG/GA	1	0.112	NA	NA	NA
rs16880640	-227	0.255	TG/GA	1	0.113	NA	NA	NA
rs62528121	-227	0.228	TG/GA	1	0.0975	NA	NA	NA
rs16880647	-226	0.255	TA/GG	1	0.114	NA	NA	NA
rs1403841	-225	0.255	TT/GC	1	0.114	NA	NA	NA
rs3946441	-224	0.181	TC/GT	1	0.185	NA	NA	NA
rs2140474	-224	0.228	TA/GG	1	0.114	NA	NA	NA
rs16880651	-223	0.228	TG/GC	1	0.114	NA	NA	NA
rs16880653	-221	0.228	TT/GG	1	0.0977	NA	NA	NA
rs16880657	-220	0.255	TG/GA	1	0.0984	NA	NA	NA
rs7826156	-220	0.18	TT/GG	1	0.0617	NA	NA	NA
rs6469303	-218	0.228	TA/GG	1	0.102	NA	NA	NA
rs6999908	-216	0.248	TG/GA	1	0.11	NA	NA	NA
rs16880663	-214	0.255	TT/GA	1	0.111	NA	NA	NA
rs62528150	-209	0.255	TA/GG	1	0.112	NA	NA	NA
rs184897745	-209	0.112	TA/GG	1	0.244	NA	NA	NA
rs62528151	-208	0.228	TG/GA	1	0.0953	NA	NA	NA
rs62528152	-208	0.255	TT/GC	1	0.112	NA	NA	NA
rs78612002	-208	0.255	TA/GG	1	0.115	NA	NA	NA
rs58205480	-204	0.255	TC/GT	1	0.113	NA	NA	NA
rs62528154	-203	0.255	TC/GT	1	0.113	NA	NA	NA
rs62528156	-201	0.255	TC/GT	1	0.114	NA	NA	NA
rs62528157	-200	0.255	TC/GT	1	0.114	NA	NA	NA
rs7837232	-199	0.255	TC/GT	1	0.115	NA	NA	NA
rs79873815	-198	0.255	TG/GT	1	0.115	NA	NA	NA
rs62528159	-197	0.255	TC/GT	1	0.116	NA	NA	NA
rs62529161	-196	0.255	TT/GC	1	0.116	NA	NA	NA
rs62529162	-193	0.255	TT/GA	1	0.115	NA	NA	NA
rs6990600	-193	0.255	TT/GC	1	0.115	NA	NA	NA
rs62529164	-192	0.255	TA/GG	1	0.115	NA	NA	NA
rs62529165	-192	0.255	TT/GC	1	0.115	NA	NA	NA
rs62529166	-192	0.255	TC/GT	1	0.117	NA	NA	NA
rs62529167	-191	0.255	TG/GC	1	0.117	NA	NA	NA
rs78937232	-191	0.255	TA/GC	1	0.123	NA	NA	NA
rs58473544	-190	0.172	TG/GA	1	0.0663	NA	NA	NA
rs62529169	-188	0.255	TC/GA	1	0.123	NA	NA	NA
rs62529170	-187	0.255	TA/GT	1	0.124	NA	NA	NA
rs62529171	-187	0.255	TT/GC	1	0.124	NA	NA	NA
rs62529172	-185	0.255	TG/GT	1	0.125	NA	NA	NA
rs57705832	-184	0.262	TA/GG	1	0.114	NA	NA	NA
rs62529174	-182	0.255	TA/GT	1	0.12	NA	NA	NA
rs4523225	-182	0.228	TT/GA	1	0.0866	NA	NA	NA
rs16880680	-181	0.255	TA/GG	1	0.102	NA	NA	NA
rs62529175	-180	0.255	TG/GT	1	0.129	NA	NA	NA
rs75622982	-180	0.255	TA/GG	1	0.107	NA	NA	NA
rs17840659	-179	0.184	TG/GA	1	0.0565	NA	NA	NA
rs75573675	-178	0.255	TT/GG	1	0.109	NA	NA	NA
rs16880683	-177	0.255	TA/GT	1	0.108	NA	NA	NA
rs16880685	-177	0.255	TT/GC	1	0.108	NA	NA	NA
rs62529176	-176	0.255	TG/GA	1	0.129	NA	NA	NA
rs6993306	-175	0.248	TT/GC	1	0.129	NA	NA	NA
rs6993587	-175	0.248	TC/GG	1	0.129	NA	NA	NA
rs6993451	-175	0.248	TG/GC	1	0.128	NA	NA	NA
rs4543520	-174	0.255	TA/GC	1	0.131	NA	NA	NA
rs4595100	-174	0.255	TG/GA	1	0.133	NA	NA	NA
rs117039283	-171	0.115	TT/GC	1	0.00334	NA	NA	NA
rs7814046	-170	0.221	TA/GC	1	0.0313	NA	NA	NA
rs117818009	-167	0.115	TT/GC	1	0.0035	NA	NA	NA
rs4500059	-166	0.221	TC/GT	1	0.0401	NA	NA	NA
rs62529178	-165	0.296	TA/GG	1	0.0683	NA	NA	NA
rs186858315	-164	0.112	TT/GA	1	0.222	NA	NA	NA
rs7008289	-159	0.221	TA/GG	1	0.0305	NA	NA	NA
rs78072813	-156	0.296	TT/GG	1	0.0907	NA	NA	NA
rs62526779	-155	0.19	TA/GC	1	0.24	NA	NA	NA
rs7006695	-154	0.221	TT/GG	1	0.0314	NA	NA	NA
rs6469308	-154	0.269	TC/GT	1	0.0818	NA	NA	NA
rs4552876	-150	0.221	TC/GA	1	0.0419	NA	NA	NA
rs76860489	-145	0.296	TA/GG	1	0.0772	NA	NA	NA
rs62526780	-143	0.181	TA/GT	1	0.245	NA	NA	NA
rs16880715	-142	0.221	TT/GG	1	0.0344	NA	NA	NA
rs12542501	-141	0.183	TA/GG	1	0.0318	NA	NA	NA
rs10106136	-138	0.393	TT/GA	1	0.000265	NA	NA	NA
rs4487731	-136	0.22	TA/GG	1	0.000643	NA	NA	NA
rs6995709	-132	0.108	TT/GC	1	0.00313	NA	NA	NA
rs10103911	-130	0.397	TC/GT	1	0.000241	NA	NA	NA
rs4319062	-128	0.221	TT/GA	1	0.261	NA	NA	NA
rs4496942	-128	0.105	TC/GT	1	0.0024	NA	NA	NA
rs62526783	-127	0.649	TA/GG	1	3.78e-06	0	0.000324112738745565	0.997539020098018
rs36043959	-126	0.67	TA/GG	1	6.14e-07	1	0.00186000832472096	0.968890263689422
rs72672996	-122	0.154	TG/GT	1	0.335	NA	NA	NA
rs7815044	-122	0.27	TG/GA	1	2.73e-05	NA	NA	NA
rs7815859	-121	0.67	TA/GC	1	6.26e-07	1	0.00182563040079962	0.972547163856492
rs7838140	-121	0.27	TC/GT	1	2.53e-05	NA	NA	NA
rs13267290	-120	0.67	TC/GA	1	7.89e-07	1	0.00146075158292035	0.984602467909307
rs34137090	-114	0.67	TT/GG	1	6.55e-07	1	0.00174766667103415	0.981481873874717
rs78287915	-113	0.147	TG/GA	1	0.163	NA	NA	NA
rs36068923	-112	0.67	TG/GA	1	6.91e-07	1	0.00165984245166932	0.983141716326387
rs71526757	-111	0.292	TG/GT	1	0.00124	NA	NA	NA
rs4621780	-111	0.41	TA/GG	1	2.14e-06	0	0.000559463942957783	0.996681735887876
rs4642619	-111	0.67	TA/GT	1	6.24e-07	1	0.00183126976627082	0.970721533455692
rs34183176	-109	0.67	TG/GA	1	6.43e-07	1	0.00177908888258707	0.979734207203683
rs4404887	-108	0.404	TA/GG	1	1.68e-06	0	0.000705916473723272	0.994950606300828
rs10092632	-105	0.274	TC/GT	1	3.28e-05	NA	NA	NA
rs10092899	-104	0.265	TC/GT	1	2.83e-05	NA	NA	NA
rs7002308	-103	0.661	TT/GC	1	5.57e-07	1	0.00204316945315606	0.953209903207865
rs7002942	-102	0.67	TA/GC	1	5.6e-07	1	0.00203261576522416	0.95524251897309
rs71526759	-101	0.292	TT/GC	1	0.0014	NA	NA	NA
rs7018126	-100	0.41	TT/GG	1	2.25e-06	0	0.000533171471396174	0.997214907359273
rs4735157	-99.6	0.41	TG/GA	1	2.02e-06	0	0.000591349726150051	0.995541956026978
rs6986210	-98.4	0.67	TG/GA	1	6.33e-07	1	0.00180616858475376	0.976173358795496
rs4439097	-96.6	0.265	TC/GA	1	2.41e-05	NA	NA	NA
rs72674907	-95.2	0.187	TT/GC	1	0.0374	NA	NA	NA
rs72674909	-93.2	0.187	TT/GA	1	0.0601	NA	NA	NA
rs6995307	-91.5	0.67	TG/GC	1	4.37e-07	1	0.00258183308361021	0.921141217557238
rs6999792	-91.1	0.67	TA/GC	1	5.06e-07	1	0.00224138974472391	0.942552405131995
rs13264567	-88.3	0.274	TG/GA	1	2e-05	NA	NA	NA
rs10096710	-87.3	0.67	TT/GC	1	4.74e-07	1	0.00238715378507285	0.933374983593553
rs35355486	-87.1	0.67	TC/GG	1	4.55e-07	1	0.00248323435202421	0.923624451909262
rs6983428	-87	0.27	TT/GC	1	2.02e-05	NA	NA	NA
rs9297433	-86	0.266	TG/GA	1	2.96e-05	NA	NA	NA
rs60590905	-85.1	0.24	TT/GA	1	0.614	NA	NA	NA
rs62526787	-84.5	0.24	TC/GT	1	0.488	NA	NA	NA
rs7009218	-83.8	0.271	TG/GA	1	4.3e-05	NA	NA	NA
rs62526788	-82.7	0.24	TG/GA	1	0.576	NA	NA	NA
rs34885613	-82.7	0.394	TA/GG	1	5.12e-06	NA	NA	NA
rs10113806	-81.6	0.678	TC/GT	1	1.04e-06	0	0.001119633474263	0.993145395652283
rs35639161	-80.5	0.678	TG/GT	1	1.06e-06	0	0.00109929417482164	0.994244689827105
rs6469310	-78.6	0.678	TC/GT	1	9.9e-07	1	0.00117401231339613	0.989710306839888
rs6469311	-78.3	0.41	TG/GA	1	5.29e-06	0	0.000234886057880639	0.999112832737382
rs7832811	-78.1	0.41	TG/GA	1	5.4e-06	0	0.000230303051737053	0.999575499116994
rs4439100	-77.4	0.41	TT/GC	1	4.4e-06	0	0.000280209245650832	0.998122602164519
rs6985117	-76.2	0.41	TG/GA	1	5.35e-06	0	0.000232363327874847	0.999345196065256
rs4424233	-76	0.402	TG/GA	1	4.05e-06	0	0.00030337282084969	0.997842392918868
rs11985998	-75.2	0.41	TC/GT	1	5.2e-06	0	0.000238777155456795	0.998639169524044
rs13270567	-74.2	0.678	TG/GA	1	8e-07	1	0.00144140040643999	0.986043868315747
rs62526829	-73.7	0.231	TC/GA	1	0.518	NA	NA	NA
rs7001495	-73.2	0.41	TT/GC	1	5.95e-06	0	0.000209883651445788	0.999785382768439
rs113898134	-70.6	0.24	TG/GA	1	0.778	NA	NA	NA
rs7821660	-67.9	0.41	TG/GA	1	4.44e-06	0	0.000277790204068734	0.998400392368587
rs13262894	-66	0.41	TG/GA	1	5.2e-06	0	0.000238777155456795	0.998877946679501
rs7820821	-62.5	0.365	TT/GC	1	5.93e-07	NA	NA	NA
rs62526830	-60.4	0.24	TG/GA	1	0.382	NA	NA	NA
rs62526831	-59.1	0.24	TG/GA	1	0.391	NA	NA	NA
rs16880778	-59	0.24	TC/GT	1	0.383	NA	NA	NA
rs62526832	-58.7	0.24	TC/GA	1	0.383	NA	NA	NA
rs11993254	-58.4	0.372	TT/GC	1	7.66e-07	NA	NA	NA
rs62526833	-58.3	0.24	TG/GT	1	0.392	NA	NA	NA
rs62526834	-58.2	0.24	TA/GG	1	0.383	NA	NA	NA
rs62526835	-57.6	0.24	TG/GA	1	0.384	NA	NA	NA
rs61404187	-56.4	0.24	TA/GT	1	0.383	NA	NA	NA
rs4077446	-54.9	0.24	TC/GT	1	0.382	NA	NA	NA
rs9297434	-53	0.372	TA/GG	1	6.85e-07	NA	NA	NA
rs9297435	-52.8	0.365	TC/GA	1	2.17e-06	NA	NA	NA
rs13279172	-52.2	0.665	TA/GG	1	1.01e-06	0	0.00115162591012294	0.99202576217802
rs35530507	-51.8	0.61	TC/GA	1	2.06e-06	0	0.00058031591794076	0.996122271944919
rs4735158	-50.3	0.657	TG/GA	1	9.99e-07	1	0.00116382942800907	0.990874136267897
rs9297436	-48.9	0.376	TG/GA	1	6.93e-07	NA	NA	NA
rs4599783	-47.7	0.371	TC/GT	1	4.54e-07	NA	NA	NA
rs17391603	-47.5	0.375	TT/GA	1	1.13e-05	NA	NA	NA
rs4599784	-47.4	0.657	TC/GT	1	9.53e-07	1	0.00121786006584778	0.988536294526492
rs66555851	-46	0.657	TG/GA	1	9.09e-07	1	0.00127456614489683	0.987318434460644
rs13254795	-45.5	0.362	TA/GT	1	3.72e-07	NA	NA	NA
rs4386954	-42.8	0.378	TC/GA	1	5.52e-07	NA	NA	NA
rs62526839	-42	0.24	TC/GT	1	0.293	NA	NA	NA
rs6469312	-41.1	0.24	TA/GT	1	0.301	NA	NA	NA
rs7841274	-40.9	0.24	TG/GA	1	0.3	NA	NA	NA
rs13268467	-40.8	0.371	TA/GT	1	1e-05	NA	NA	NA
rs4128381	-40.5	0.24	TC/GT	1	0.299	NA	NA	NA
rs4128382	-40.3	0.24	TC/GT	1	0.301	NA	NA	NA
rs117249190	-40	0.128	TG/GA	1	0.0101	NA	NA	NA
rs62526841	-39.9	0.24	TG/GT	1	0.301	NA	NA	NA
rs62526842	-38.9	0.24	TG/GA	1	0.313	NA	NA	NA
rs16880831	-36.6	0.657	TG/GT	1	5.81e-07	1	0.0019617420677052	0.963186395008935
rs16880833	-36.3	0.24	TG/GA	1	0.313	NA	NA	NA
rs62526843	-36.1	0.24	TA/GT	1	0.313	NA	NA	NA
rs6993169	-35.8	0.24	TC/GT	1	0.319	NA	NA	NA
rs74482879	-35.3	0.24	TG/GT	1	0.314	NA	NA	NA
rs7845363	-34.4	0.24	TG/GA	1	0.31	NA	NA	NA
rs13248717	-33.8	0.378	TC/GG	1	5.4e-07	NA	NA	NA
rs16880839	-32.4	0.233	TC/GT	1	0.302	NA	NA	NA
rs116868706	-30.3	0.128	TA/GG	1	0.00838	NA	NA	NA
rs10092244	-28.6	0.494	TA/GG	1	1.39e-07	1	0.00780717360154411	0.811132238772072
rs62526844	-28.1	0.24	TT/GC	1	0.3	NA	NA	NA
rs72674930	-26.9	0.193	TA/GT	1	0.0294	NA	NA	NA
rs13250438	-26.5	0.992	TC/GT	1	3.48e-08	1	0.0298586079047059	0.234073492405338
rs35921369	-24.5	0.115	TA/GC	1	0.0328	NA	NA	NA
rs13280766	-21.4	0.992	TA/GC	1	4.09e-08	1	0.0255296394080409	0.285254407244588
rs34872913	-19.4	0.702	TT/GC	1	1.29e-07	1	0.00839190296703944	0.75413722932133
rs10086619	-17.5	0.992	TG/GA	1	2.87e-08	1	0.0359968359396512	0.204214884500632
rs10086732	-17.5	0.505	TG/GC	1	1.69e-07	1	0.00646273643944675	0.852208881763717
rs10113345	-15.1	0.494	TG/GC	1	1.34e-07	1	0.00808879541419527	0.803325065170528
rs4735159	-13.5	0.505	TA/GG	1	1.77e-07	1	0.00618011285668611	0.8648149712024
rs35035583	-7.88	0.494	TC/GG	1	1.9e-07	1	0.00577087030433798	0.876386223724563
rs35322508	-7.71	0.507	TT/GC	1	2.97e-07	1	0.00374809794736474	0.912549304963929
rs7007378	-6.85	0.24	TG/GA	1	0.33	NA	NA	NA
rs10100041	-6.07	0.494	TG/GA	1	1.21e-07	1	0.00892814299473333	0.649954374825268
rs7460087	-6.02	0.494	TT/GG	1	1.2e-07	1	0.00900012192636189	0.623169945841068
rs1494233	-5.78	0.494	TA/GG	1	1.22e-07	1	0.00885732630206471	0.667739844122066
rs4637794	-5.57	0.494	TA/GG	1	1.21e-07	1	0.00892814299473333	0.658882517820001
rs6469313	-4.96	0.494	TG/GA	1	1.24e-07	1	0.00871906824220032	0.702684692624387
rs7825323	-4.21	0.507	TA/GG	1	1.9e-07	1	0.00577087030433798	0.882157094028901
rs12677768	-3.67	0.702	TG/GA	1	5.48e-08	1	0.0192255215936631	0.328690591878534
rs6469314	-2.69	0.505	TT/GC	1	1.32e-07	1	0.0082073247816676	0.778881323683094
rs4602862	-2.32	0.494	TT/GG	1	1.24e-07	1	0.00871906824220032	0.685246556139986
rs17392088	-1.52	0.702	TT/GG	1	5.91e-08	1	0.0178684522080486	0.40263199648114
rs1353211	-0.688	0.494	TC/GT	1	1.24e-07	1	0.00871906824220032	0.711403760866587
rs10096014	-0.221	0.494	TT/GG	1	1.32e-07	1	0.0082073247816676	0.770673998901427
rs4321975	1.11	0.505	TC/GT	1	1.33e-07	1	0.00814762129157059	0.795236269756333
rs13249019	1.18	0.494	TA/GG	1	1.23e-07	1	0.00878764377571956	0.676527487897786
rs7009912	2.44	0.494	TC/GT	1	1.25e-07	1	0.00865157339138358	0.720055334257971
rs6989639	2.5	0.489	TG/GA	1	1.26e-07	1	0.00858513374245052	0.728640468000421
rs6469315	2.8	0.494	TC/GT	1	1.21e-07	1	0.00892814299473333	0.632098088835801
rs7825105	2.9	0.507	TA/GG	1	1.95e-07	1	0.00562778162018045	0.893497630134317
rs16880899	3.06	0.24	TT/GC	1	0.278	NA	NA	NA
rs35495230	3.56	0.702	TA/GG	1	5.53e-08	1	0.0190570397922183	0.347747631670752
rs17392372	3.64	0.702	TT/GC	1	5.64e-08	1	0.0186967449831188	0.366444376653871
rs117738230	3.76	0.128	TC/GT	1	0.00705	NA	NA	NA
rs13260906	4.22	0.494	TT/GC	1	1.3e-07	1	0.00832944479842893	0.762466674119759
rs2088034	5.03	1	TG/GA	1	2.46e-08	1	0.0418051154218994	0.168218048560981
rs4595101	5.73	0.494	TG/GA	1	1.13e-07	1	0.0095390823285709	0.567968520023376
rs11988759	7.1	0.494	TT/GC	1	1.24e-07	1	0.00871906824220032	0.693965624382186
rs11992558	7.12	0.505	TC/GT	1	1.32e-07	1	0.0082073247816676	0.787088648464762
rs7828456	8.82	0.494	TA/GG	1	1.15e-07	1	0.00937850054721121	0.586725521117798
rs4269512	9.05	0.494	TT/GC	1	1.21e-07	1	0.00892814299473333	0.641026231830535
rs62528173	9.37	0.24	TC/GG	1	0.313	NA	NA	NA
rs13276609	9.54	1	TA/GC	1	2.44e-08	1	0.0421376443796938	0.0421376443796938
rs16892522	9.92	0.497	TG/GT	1	1.27e-07	1	0.00851972461141933	0.745745326354291
rs13250165	10.1	0.494	TG/GC	1	1.17e-07	1	0.0092233271706251	0.595948848288423
rs13250780	10.3	1	TG/GC	1	2.44e-08	1	0.0421376443796938	0.0842752887593877
rs7008795	10.9	0.505	TT/GC	1	1.19e-07	1	0.00907329210628549	0.614169823914706
rs13270291	12.1	0.494	TC/GG	1	1.07e-07	1	0.0100562796133191	0.539017212118731
rs12679851	12.3	0.702	TT/GC	1	6.17e-08	1	0.0171383979044907	0.488787401873046
rs12679933	12.6	0.494	TA/GG	1	1.04e-07	1	0.0103369075278822	0.528960932505412
rs7814305	13.4	0.494	TA/GG	1	1.15e-07	1	0.00937850054721121	0.577347020570587
rs138593398	14.3	0.128	TG/GA	1	0.00785	NA	NA	NA
rs10104961	16.5	0.494	TC/GT	1	1.18e-07	1	0.00914768351999777	0.605096531808421
rs10090417	16.7	0.494	TT/GG	1	1.12e-07	1	0.00962149101119178	0.558429437694805
rs7012481	16.9	0.494	TG/GA	1	1.1e-07	1	0.00979073456488143	0.548807946683613
rs1494242	20	0.436	TA/GC	1	3.67e-07	1	0.00305551071112048	0.91560481567505
rs16880919	22	0.975	TT/GA	1	4.32e-08	1	0.0242106630402835	0.309465070284871
rs6469317	22.1	0.429	TA/GG	1	4.91e-07	1	0.00230738993235687	0.938012653666849
rs7007361	23.2	0.975	TT/GC	1	4.07e-08	1	0.0256512754312086	0.259724767836547
rs10089323	23.3	0.429	TG/GA	1	4.55e-07	1	0.00248323435202421	0.926107686261286
rs1494234	24.5	0.429	TG/GA	1	4.72e-07	1	0.0023969091951695	0.93098782980848
rs6989319	24.9	0.429	TT/GG	1	4.55e-07	1	0.00248323435202421	0.928590920613311
rs10104648	25.5	0.429	TG/GA	1	4.86e-07	1	0.00233028014093911	0.935705263734492
rs7821574	25.6	0.429	TC/GG	1	4.93e-07	1	0.00229836172042201	0.940311015387271
rs1494235	26	0.24	TA/GG	1	0.378	NA	NA	NA
rs11997449	26.7	0.429	TT/GC	1	5.1e-07	1	0.00222443470147465	0.94477683983347
rs10112075	27.2	0.429	TG/GA	1	5.25e-07	1	0.00216311703814839	0.946939956871618
rs34385996	27.5	0.676	TT/GG	1	1.26e-07	1	0.00858513374245052	0.737225601742872
rs1494236	28	0.429	TG/GA	1	5.28e-07	1	0.00215126474172147	0.949091221613339
rs1494237	28.1	0.436	TT/GA	1	6.28e-07	1	0.00182002635424975	0.974367190210742
rs7006232	28.6	0.429	TC/GA	1	5.96e-07	1	0.00191412625173742	0.967030255364701
rs34921000	29	0.975	TT/GC	1	6.15e-08	1	0.0171923959435556	0.454483650234978
rs35915779	29	0.16	TG/GA	1	0.0125	NA	NA	NA
rs10955539	29.2	0.429	TC/GT	1	5.72e-07	1	0.00199148988865951	0.959259650392894
rs62528178	29.3	0.24	TG/GC	1	0.371	NA	NA	NA
rs10095875	29.7	0.429	TA/GG	1	5.91e-07	1	0.00192973410402793	0.965116129112963
rs1353207	30.3	0.442	TA/GT	1	3.8e-07	1	0.00295456879857815	0.918559384473628
rs1353208	30.5	0.429	TG/GA	1	5.8e-07	1	0.00196500254833619	0.96122465294123
rs4376475	31.3	0.676	TG/GA	1	1.46e-07	1	0.00744483504765879	0.818577073819731
rs6984880	31.7	0.429	TA/GG	1	5.48e-07	1	0.00207551214137	0.951166733754709
rs6984516	31.7	0.438	TT/GA	1	6.42e-07	1	0.00178175952560063	0.977955118321096
rs6988550	31.8	0.429	TT/GC	1	5.62e-07	1	0.00202564153114482	0.957268160504234
rs11993780	32.9	0.195	TC/GT	1	1.67e-05	NA	NA	NA
rs62528180	34.9	0.231	TA/GG	1	0.244	NA	NA	NA
rs7015010	35.1	0.385	TA/GG	1	7.02e-07	NA	NA	NA
rs34713421	35.8	0.612	TG/GA	1	1.7e-07	1	0.00642597658199663	0.858634858345714
rs13282411	36.2	0.385	TC/GT	1	7.18e-07	NA	NA	NA
rs62528181	36.4	0.24	TT/GC	1	0.308	NA	NA	NA
rs34406760	37	0.612	TG/GC	1	1.92e-07	1	0.00571275448523553	0.887869848514137
rs7007822	37.2	0.385	TC/GT	1	7.44e-07	NA	NA	NA
rs7008151	37.4	0.394	TC/GT	1	9.74e-07	NA	NA	NA
rs35856466	37.6	0.612	TT/GG	1	1.65e-07	1	0.00661416151174556	0.839170513618931
rs7008570	37.7	0.385	TG/GT	1	7.1e-07	NA	NA	NA
rs6992656	38	0.394	TT/GC	1	9.98e-07	NA	NA	NA
rs7824276	38.6	0.394	TA/GC	1	1.03e-06	NA	NA	NA
rs13276325	38.9	0.394	TC/GT	1	1.03e-06	NA	NA	NA
rs11991686	39.8	0.394	TT/GC	1	1.04e-06	NA	NA	NA
rs74361296	39.8	0.24	TA/GG	1	0.244	NA	NA	NA
rs13251639	40.6	0.612	TC/GG	1	1.89e-07	1	0.00580038221782485	0.870615353420225
rs13251985	40.7	0.385	TA/GG	1	6.56e-07	NA	NA	NA
rs17393287	41	0.612	TG/GA	1	2.12e-07	1	0.00519102662549691	0.904101936951203
rs35692703	41.5	0.612	TC/GA	1	2.03e-07	1	0.00541328019138896	0.898910910325706
rs7009966	41.6	0.24	TA/GG	1	0.237	NA	NA	NA
rs140484942	42.3	0.134	TA/GG	1	0.449	NA	NA	NA
rs11994690	42.8	0.385	TT/GC	1	6.64e-07	NA	NA	NA
rs13279944	43.4	0.271	TC/GA	1	0.000612	NA	NA	NA
rs12681997	44	0.612	TG/GA	1	2.35e-07	1	0.00469927006536157	0.908801207016564
rs10955540	45.4	0.383	TA/GG	1	6.89e-07	NA	NA	NA
rs10955541	45.4	0.385	TA/GG	1	6.87e-07	NA	NA	NA
rs13256485	45.8	0.612	TA/GG	1	1.66e-07	1	0.00657563170533983	0.845746145324271
rs10104068	45.9	0.385	TG/GT	1	6.58e-07	NA	NA	NA
rs10505145	47.1	0.612	TG/GA	1	1.61e-07	1	0.0067729918262473	0.832556352107185
rs11994475	48	0.385	TT/GC	1	7.1e-07	NA	NA	NA
rs11987363	48.1	0.394	TG/GA	1	1.04e-06	NA	NA	NA
rs11987479	48.5	0.385	TG/GA	1	7.1e-07	NA	NA	NA
rs11994670	48.6	0.394	TT/GC	1	1.1e-06	NA	NA	NA
rs4275208	49.1	0.394	TC/GT	1	9.9e-07	NA	NA	NA
rs1472250	49.6	0.385	TC/GG	1	7.93e-07	NA	NA	NA
rs7840882	50.7	0.213	TC/GT	1	0.809	NA	NA	NA
rs2351182	51.3	0.338	TG/GA	1	2.29e-06	NA	NA	NA
rs16880943	55.6	0.477	TC/GA	1	7.13e-08	1	0.0148980164558767	0.51862402497753
rs34991511	58.1	0.477	TA/GG	1	6.14e-08	1	0.0172195249524849	0.437291254291422
rs62528206	59.8	0.213	TA/GG	1	0.753	NA	NA	NA
rs1845420	60	0.338	TA/GG	1	2.06e-06	NA	NA	NA
rs62528207	60	0.213	TA/GG	1	0.758	NA	NA	NA
rs4735160	64.2	0.477	TT/GC	1	6.16e-08	1	0.0171653537335781	0.471649003968556
rs16880965	65.8	0.213	TC/GA	1	0.73	NA	NA	NA
rs10089409	67.1	0.213	TC/GT	1	0.977	NA	NA	NA
rs34285191	67.8	0.477	TA/GG	1	6.06e-08	1	0.0174397328577969	0.420071729338937
rs7846310	69	0.338	TC/GT	1	1.81e-06	NA	NA	NA
rs1080305	73.1	0.477	TG/GT	1	7.11e-08	1	0.0149386066486068	0.503726008521653
rs720966	75.6	0.338	TT/GC	1	1.36e-06	NA	NA	NA
rs62528208	76.3	0.213	TC/GA	1	0.793	NA	NA	NA
rs16881002	76.5	0.477	TC/GT	1	5.76e-08	1	0.0183191676192203	0.384763544273092
rs28519655	79.1	0.213	TA/GT	1	0.896	NA	NA	NA
rs10101713	79.5	0.338	TG/GA	1	1.32e-06	NA	NA	NA
rs12678413	85.6	0.477	TA/GG	1	1.51e-07	1	0.00720628646120717	0.825783360280938
rs16881021	89.3	0.213	TA/GG	1	0.76	NA	NA	NA
rs62528210	89.7	0.206	TT/GC	1	0.769	NA	NA	NA
rs10216707	94.3	0.284	TA/GG	1	0.000814	NA	NA	NA
rs870637	96.1	0.151	TA/GC	1	0.132	NA	NA	NA
rs2351320	96.6	0.284	TT/GG	1	0.000805	NA	NA	NA
rs2220823	97.4	0.192	TC/GT	1	0.00125	NA	NA	NA
rs10481058	99	0.284	TA/GG	1	0.00114	NA	NA	NA
rs10481059	99.4	0.284	TA/GG	1	0.00109	NA	NA	NA
rs10481111	99.4	0.284	TT/GG	1	0.0011	NA	NA	NA
rs10505151	99.6	0.151	TC/GG	1	0.0951	NA	NA	NA
rs6981969	101	0.284	TG/GA	1	0.00111	NA	NA	NA
rs2131847	103	0.284	TT/GC	1	0.00101	NA	NA	NA
rs35496562	103	0.246	TC/GT	1	0.00042	NA	NA	NA
rs10955543	103	0.191	TG/GT	1	0.00177	NA	NA	NA
rs937278	103	0.193	TG/GA	1	0.00175	NA	NA	NA
rs937279	103	0.195	TT/GC	1	0.00199	NA	NA	NA
rs10107288	104	0.457	TC/GA	1	7.6e-05	0	1.85800003099333e-05	0.999928433479461
rs16881031	104	0.295	TG/GT	1	0.00158	NA	NA	NA
rs10109131	106	0.284	TT/GG	1	0.00135	NA	NA	NA
rs62528212	106	0.151	TA/GG	1	0.129	NA	NA	NA
rs2220822	106	0.457	TA/GG	1	0.000141	0	1.03689265300902e-05	1
rs4735161	108	0.284	TC/GA	1	0.00133	NA	NA	NA
rs62528213	108	0.151	TG/GA	1	0.126	NA	NA	NA
rs7840844	108	0.457	TT/GC	1	0.000134	0	1.08784216387201e-05	0.99998963107347
rs11995209	110	0.457	TT/GC	1	8.5e-05	0	1.67147650257144e-05	0.999962185190206
rs2055108	112	0.195	TG/GA	1	0.00222	NA	NA	NA
rs1494240	112	0.284	TC/GT	1	0.00134	NA	NA	NA
rs10112109	113	0.19	TT/GC	1	0.000647	NA	NA	NA
rs62528215	113	0.142	TA/GG	1	0.0911	NA	NA	NA
rs10112225	115	0.278	TC/GT	1	0.00171	NA	NA	NA
rs10099110	115	0.183	TT/GC	1	0.00115	NA	NA	NA
rs77732702	116	0.142	TA/GG	1	0.103	NA	NA	NA
rs4286920	116	0.278	TT/GC	1	0.00153	NA	NA	NA
rs117924008	116	0.109	TG/GA	1	0.654	NA	NA	NA
rs10096227	118	0.281	TC/GA	1	0.00155	NA	NA	NA
rs4302819	118	0.183	TT/GA	1	0.000974	NA	NA	NA
rs62528235	120	0.142	TG/GA	1	0.102	NA	NA	NA
rs4484665	124	0.453	TG/GT	1	8.33e-05	0	1.70369457197619e-05	0.99994547042518
rs72674991	129	0.107	TG/GA	1	0.666	NA	NA	NA
rs4496938	132	0.281	TA/GG	1	0.00125	NA	NA	NA
rs62528237	134	0.142	TG/GA	1	0.086	NA	NA	NA
rs62528238	136	0.142	TG/GT	1	0.0858	NA	NA	NA
rs62528239	140	0.142	TT/GG	1	0.0866	NA	NA	NA
rs4524765	141	0.278	TT/GA	1	0.00114	NA	NA	NA
rs4351391	141	0.166	TA/GG	1	0.000616	NA	NA	NA
rs62528240	143	0.142	TG/GA	1	0.0907	NA	NA	NA
rs7846547	143	0.278	TC/GT	1	0.00114	NA	NA	NA
rs62528241	146	0.142	TG/GT	1	0.0866	NA	NA	NA
rs11776494	149	0.281	TA/GC	1	0.000702	NA	NA	NA
rs10103670	150	0.185	TC/GT	1	0.000465	NA	NA	NA
rs10104666	151	0.185	TC/GA	1	0.000468	NA	NA	NA
rs62528244	151	0.142	TA/GG	1	0.0854	NA	NA	NA
rs4130794	153	0.182	TC/GG	1	0.000399	NA	NA	NA
rs4130422	153	0.183	TA/GG	1	0.000494	NA	NA	NA
rs72674996	155	0.153	TG/GA	1	0.351	NA	NA	NA
rs62528245	155	0.142	TT/GC	1	0.0861	NA	NA	NA
rs62528247	157	0.142	TC/GA	1	0.0846	NA	NA	NA
rs62528248	164	0.119	TT/GG	1	0.0466	NA	NA	NA
rs118036439	165	0.115	TT/GC	1	0.00252	NA	NA	NA
rs60042555	165	0.248	TT/GC	1	1.07e-05	NA	NA	NA
rs35537988	167	0.252	TA/GG	1	7.91e-06	NA	NA	NA
rs62528250	168	0.119	TT/GG	1	0.0429	NA	NA	NA
rs13273501	169	0.402	TA/GT	1	5.74e-05	0	2.42331906515721e-05	0.999909853479151
rs4469430	170	0.248	TG/GT	1	1.09e-05	NA	NA	NA
rs4541876	171	0.25	TA/GT	1	7.87e-06	NA	NA	NA
rs7017332	173	0.102	TC/GT	1	6.77e-05	NA	NA	NA
rs10111772	175	0.265	TC/GT	1	0.0019	NA	NA	NA
rs7831145	176	0.246	TC/GT	1	1.18e-05	NA	NA	NA
rs10106835	177	0.265	TT/GG	1	0.00178	NA	NA	NA
rs6469321	178	0.246	TC/GT	1	1.13e-05	NA	NA	NA
rs4332107	183	0.416	TA/GC	1	8.58e-05	0	1.65674616251704e-05	0.999978752651831
rs34991801	184	0.246	TC/GT	1	1.54e-05	NA	NA	NA
rs13258611	187	0.25	TC/GG	1	1.2e-05	NA	NA	NA
rs4613972	190	0.259	TC/GG	1	0.00187	NA	NA	NA
rs4529438	192	0.239	TG/GC	1	1.16e-05	NA	NA	NA
rs4510831	192	0.262	TT/GC	1	0.00182	NA	NA	NA
rs4735162	193	0.256	TA/GC	1	0.00206	NA	NA	NA
rs4613971	195	0.259	TT/GC	1	0.00172	NA	NA	NA
rs7461078	196	0.233	TC/GT	1	1.56e-05	NA	NA	NA
rs142711453	199	0.106	TG/GC	1	0.0503	NA	NA	NA
rs4360267	200	0.259	TC/GT	1	0.00176	NA	NA	NA
rs117566531	202	0.115	TT/GC	1	0.00614	NA	NA	NA
rs10100947	203	0.259	TA/GG	1	0.00186	NA	NA	NA
rs62530188	203	0.106	TG/GA	1	0.0457	NA	NA	NA
rs62530189	203	0.106	TT/GC	1	0.0462	NA	NA	NA
rs6991689	205	0.259	TT/GG	1	0.00235	NA	NA	NA
rs62530190	205	0.106	TC/GT	1	0.0464	NA	NA	NA
rs62530191	205	0.106	TT/GC	1	0.0465	NA	NA	NA
rs7839628	205	0.256	TC/GT	1	0.0026	NA	NA	NA
rs7010569	205	0.233	TA/GG	1	1.12e-05	NA	NA	NA
rs62530193	206	0.106	TA/GG	1	0.0475	NA	NA	NA
rs62530194	207	0.106	TG/GT	1	0.046	NA	NA	NA
rs62530195	207	0.106	TG/GA	1	0.0457	NA	NA	NA
rs28452907	208	0.233	TT/GA	1	1.35e-05	NA	NA	NA
rs7837510	208	0.106	TC/GT	1	0.043	NA	NA	NA
rs7819559	208	0.106	TC/GG	1	0.043	NA	NA	NA
rs7837807	208	0.106	TC/GT	1	0.043	NA	NA	NA
rs36055723	208	0.233	TT/GC	1	1.36e-05	NA	NA	NA
rs7819504	208	0.106	TG/GA	1	0.043	NA	NA	NA
rs7819843	208	0.106	TA/GG	1	0.0449	NA	NA	NA
rs7837963	208	0.106	TC/GT	1	0.043	NA	NA	NA
rs13258383	209	0.233	TG/GA	1	1.39e-05	NA	NA	NA
rs62530197	209	0.106	TT/GC	1	0.0403	NA	NA	NA
rs62530198	209	0.106	TG/GA	1	0.0428	NA	NA	NA
rs62530200	209	0.106	TG/GC	1	0.0428	NA	NA	NA
rs73317991	209	0.106	TC/GA	1	0.043	NA	NA	NA
rs62530201	209	0.106	TA/GG	1	0.0466	NA	NA	NA
rs10107334	209	0.239	TC/GT	1	8.8e-06	NA	NA	NA
rs75545028	209	0.106	TC/GG	1	0.0428	NA	NA	NA
rs62530202	209	0.106	TA/GG	1	0.0428	NA	NA	NA
rs6993743	209	0.259	TA/GG	1	0.00202	NA	NA	NA
rs116876936	209	0.102	TC/GT	1	0.00674	NA	NA	NA
rs62530203	210	0.106	TA/GT	1	0.0427	NA	NA	NA
rs62530204	210	0.106	TG/GA	1	0.0425	NA	NA	NA
rs62530205	210	0.106	TG/GT	1	0.0425	NA	NA	NA
rs73317997	210	0.106	TG/GA	1	0.0425	NA	NA	NA
rs73317999	210	0.106	TC/GT	1	0.0423	NA	NA	NA
rs62530206	211	0.106	TC/GT	1	0.0425	NA	NA	NA
rs78761983	211	0.106	TT/GC	1	0.0425	NA	NA	NA
rs73318001	211	0.106	TA/GC	1	0.0442	NA	NA	NA
rs73319803	211	0.106	TC/GT	1	0.0442	NA	NA	NA
rs11781088	211	0.233	TA/GG	1	1.32e-05	NA	NA	NA
rs112097844	211	0.106	TA/GG	1	0.0442	NA	NA	NA
rs10087692	211	0.233	TG/GA	1	1.31e-05	NA	NA	NA
rs62530208	212	0.106	TA/GC	1	0.0442	NA	NA	NA
rs62530209	212	0.106	TA/GT	1	0.0426	NA	NA	NA
rs74609063	212	0.106	TT/GC	1	0.0226	NA	NA	NA
rs7843626	213	0.106	TG/GA	1	0.0421	NA	NA	NA
rs62530211	214	0.106	TG/GA	1	0.0421	NA	NA	NA
rs62530212	214	0.106	TC/GT	1	0.0421	NA	NA	NA
rs10105924	214	0.235	TC/GA	1	8.61e-06	NA	NA	NA
rs34128956	214	0.204	TC/GA	1	0.000123	NA	NA	NA
rs62530213	214	0.106	TG/GA	1	0.0419	NA	NA	NA
rs62530214	214	0.106	TT/GC	1	0.0407	NA	NA	NA
rs62530215	215	0.106	TG/GT	1	0.0432	NA	NA	NA
rs62530216	215	0.106	TG/GC	1	0.0428	NA	NA	NA
rs73319721	215	0.106	TC/GG	1	0.0403	NA	NA	NA
rs62530217	215	0.106	TA/GG	1	0.0397	NA	NA	NA
rs62530218	215	0.106	TA/GG	1	0.0437	NA	NA	NA
rs62530219	216	0.106	TT/GA	1	0.0435	NA	NA	NA
rs76572996	216	0.106	TA/GT	1	0.0435	NA	NA	NA
rs62530221	216	0.106	TC/GT	1	0.0436	NA	NA	NA
rs62530222	216	0.106	TT/GC	1	0.0436	NA	NA	NA
rs62530223	217	0.106	TA/GC	1	0.0427	NA	NA	NA
rs62530224	218	0.106	TT/GC	1	0.0422	NA	NA	NA
rs62530225	218	0.106	TT/GG	1	0.0422	NA	NA	NA
rs62530226	218	0.106	TG/GT	1	0.0422	NA	NA	NA
rs72677111	218	0.145	TT/GC	1	0.251	NA	NA	NA
rs62530227	219	0.106	TA/GG	1	0.0411	NA	NA	NA
rs72677113	219	0.145	TG/GA	1	0.236	NA	NA	NA
rs11994590	219	0.218	TA/GG	1	1.54e-05	NA	NA	NA
rs62530229	219	0.106	TG/GA	1	0.042	NA	NA	NA
rs62530230	219	0.106	TT/GC	1	0.0419	NA	NA	NA
rs78232724	219	0.106	TG/GA	1	0.0407	NA	NA	NA
rs78520603	219	0.106	TG/GA	1	0.0407	NA	NA	NA
rs141990875	219	0.102	TA/GG	1	0.00759	NA	NA	NA
rs6469322	219	0.386	TG/GA	1	0.000115	NA	NA	NA
rs6985976	220	0.106	TT/GG	1	0.0426	NA	NA	NA
rs6986809	220	0.106	TA/GG	1	0.0417	NA	NA	NA
rs60514372	221	0.106	TC/GT	1	0.0413	NA	NA	NA
rs62526894	221	0.106	TT/GC	1	0.0413	NA	NA	NA
rs72677116	221	0.145	TC/GT	1	0.225	NA	NA	NA
rs62526895	221	0.106	TC/GG	1	0.0411	NA	NA	NA
rs62526896	222	0.106	TA/GG	1	0.041	NA	NA	NA
rs57496484	222	0.106	TA/GC	1	0.0412	NA	NA	NA
rs60696976	222	0.106	TT/GA	1	0.0405	NA	NA	NA
rs61507597	222	0.106	TA/GG	1	0.0406	NA	NA	NA
rs61574028	222	0.106	TC/GT	1	0.0404	NA	NA	NA
rs58247271	222	0.224	TA/GG	1	1.72e-05	NA	NA	NA
rs58874649	222	0.106	TT/GA	1	0.0404	NA	NA	NA
rs60413189	222	0.106	TA/GG	1	0.0404	NA	NA	NA
rs60656886	223	0.106	TT/GG	1	0.0401	NA	NA	NA
rs62526904	223	0.106	TA/GG	1	0.0401	NA	NA	NA
rs62526905	223	0.106	TC/GT	1	0.0421	NA	NA	NA
rs73319750	223	0.106	TA/GG	1	0.0421	NA	NA	NA
rs79488890	224	0.106	TG/GA	1	0.0418	NA	NA	NA
rs7016834	224	0.106	TC/GA	1	0.0423	NA	NA	NA
rs7017275	224	0.106	TT/GC	1	0.0432	NA	NA	NA
rs62526906	224	0.106	TG/GA	1	0.0406	NA	NA	NA
rs62526907	225	0.106	TG/GA	1	0.0406	NA	NA	NA
rs57005858	225	0.106	TA/GT	1	0.0406	NA	NA	NA
rs61224245	225	0.106	TA/GC	1	0.0406	NA	NA	NA
rs56992800	225	0.106	TT/GC	1	0.0406	NA	NA	NA
rs58499839	225	0.106	TA/GG	1	0.0405	NA	NA	NA
rs4430061	225	0.224	TT/GC	1	1.53e-05	NA	NA	NA
rs72677121	225	0.145	TA/GT	1	0.25	NA	NA	NA
rs73319762	225	0.106	TC/GA	1	0.0416	NA	NA	NA
rs62526912	226	0.106	TG/GA	1	0.0415	NA	NA	NA
rs62526913	226	0.106	TC/GT	1	0.0413	NA	NA	NA
rs62526914	226	0.106	TT/GA	1	0.0414	NA	NA	NA
rs62526915	226	0.106	TG/GA	1	0.0416	NA	NA	NA
rs62526916	226	0.106	TT/GC	1	0.0416	NA	NA	NA
rs73319766	226	0.106	TC/GT	1	0.0409	NA	NA	NA
rs58685030	226	0.106	TT/GC	1	0.0327	NA	NA	NA
rs62526917	226	0.106	TA/GT	1	0.0381	NA	NA	NA
rs62526918	226	0.106	TC/GG	1	0.0414	NA	NA	NA
rs62526919	226	0.106	TC/GT	1	0.0414	NA	NA	NA
rs6996359	228	0.106	TT/GC	1	0.0417	NA	NA	NA
rs6996649	228	0.106	TC/GG	1	0.0417	NA	NA	NA
rs7000389	228	0.106	TT/GC	1	0.0425	NA	NA	NA
rs7001049	228	0.106	TT/GC	1	0.0425	NA	NA	NA
rs4573245	228	0.241	TG/GA	1	0.00393	NA	NA	NA
rs7001098	228	0.106	TT/GA	1	0.0417	NA	NA	NA
rs11995114	228	0.241	TT/GA	1	0.00413	NA	NA	NA
rs62526920	229	0.106	TC/GA	1	0.0446	NA	NA	NA
rs73319779	229	0.106	TT/GA	1	0.0446	NA	NA	NA
rs73319780	229	0.106	TC/GT	1	0.0446	NA	NA	NA
rs1489356	229	0.224	TG/GA	1	2.26e-05	NA	NA	NA
rs73319784	229	0.106	TT/GC	1	0.0451	NA	NA	NA
rs62526921	229	0.106	TT/GA	1	0.0434	NA	NA	NA
rs13254308	229	0.224	TC/GT	1	2.14e-05	NA	NA	NA
rs73319789	229	0.106	TG/GA	1	0.0419	NA	NA	NA
rs112061881	229	0.106	TT/GG	1	0.0433	NA	NA	NA
rs114084092	229	0.106	TA/GG	1	0.0428	NA	NA	NA
rs62526922	230	0.106	TG/GA	1	0.0405	NA	NA	NA
rs62526923	230	0.106	TA/GG	1	0.0472	NA	NA	NA
rs62526924	230	0.106	TC/GT	1	0.0472	NA	NA	NA
rs1489357	230	0.106	TC/GT	1	0.0469	NA	NA	NA
rs7012252	231	0.106	TG/GA	1	0.0469	NA	NA	NA
rs7017172	231	0.106	TA/GG	1	0.0469	NA	NA	NA
rs7017811	232	0.106	TA/GG	1	0.0467	NA	NA	NA
rs1844315	232	0.106	TC/GT	1	0.0464	NA	NA	NA
rs1844316	232	0.106	TT/GC	1	0.0444	NA	NA	NA
rs1489359	232	0.106	TG/GA	1	0.0464	NA	NA	NA
rs6985097	233	0.238	TA/GG	1	0.00367	NA	NA	NA
rs62526927	233	0.106	TC/GA	1	0.0463	NA	NA	NA
rs73321614	233	0.106	TA/GG	1	0.046	NA	NA	NA
rs113770889	234	0.106	TA/GC	1	0.0429	NA	NA	NA
rs62526928	234	0.106	TA/GG	1	0.0459	NA	NA	NA
rs62526929	234	0.106	TT/GC	1	0.0459	NA	NA	NA
rs7818667	235	0.241	TT/GA	1	0.0034	NA	NA	NA
rs62526930	235	0.106	TC/GA	1	0.0454	NA	NA	NA
rs116222960	235	0.106	TT/GG	1	0.0452	NA	NA	NA
rs139323709	235	0.106	TT/GC	1	0.0452	NA	NA	NA
rs62526931	235	0.106	TT/GC	1	0.0433	NA	NA	NA
rs62526932	235	0.106	TA/GG	1	0.0452	NA	NA	NA
rs62528263	235	0.106	TG/GA	1	0.0452	NA	NA	NA
rs111693199	235	0.106	TA/GG	1	0.0452	NA	NA	NA
rs62528264	236	0.106	TC/GA	1	0.0448	NA	NA	NA
rs62520241	237	0.106	TC/GT	1	0.0424	NA	NA	NA
rs7002442	237	0.106	TC/GT	1	0.0422	NA	NA	NA
rs6982246	237	0.106	TC/GA	1	0.0556	NA	NA	NA
rs7002576	237	0.106	TC/GT	1	0.0559	NA	NA	NA
rs7002584	237	0.106	TC/GT	1	0.0441	NA	NA	NA
rs7002594	237	0.106	TC/GT	1	0.042	NA	NA	NA
rs6983282	237	0.106	TA/GG	1	0.0403	NA	NA	NA
rs73321623	237	0.106	TA/GG	1	0.0403	NA	NA	NA
rs16881088	237	0.106	TC/GT	1	0.0403	NA	NA	NA
rs75396706	238	0.106	TA/GG	1	0.0403	NA	NA	NA
rs4357259	238	0.241	TC/GA	1	0.00299	NA	NA	NA
rs62520242	238	0.106	TG/GT	1	0.0403	NA	NA	NA
rs73321626	238	0.106	TT/GC	1	0.0403	NA	NA	NA
rs62520243	238	0.106	TT/GC	1	0.0403	NA	NA	NA
rs62520244	238	0.106	TT/GA	1	0.0401	NA	NA	NA
rs16881101	238	0.106	TC/GT	1	0.0401	NA	NA	NA
rs62520245	239	0.106	TT/GC	1	0.0401	NA	NA	NA
rs62522360	239	0.106	TT/GC	1	0.04	NA	NA	NA
rs16881112	239	0.106	TG/GA	1	0.04	NA	NA	NA
rs16881121	239	0.106	TA/GG	1	0.04	NA	NA	NA
rs73321691	239	0.106	TT/GC	1	0.0394	NA	NA	NA
rs73321692	239	0.106	TC/GT	1	0.0394	NA	NA	NA
rs73321695	239	0.106	TT/GC	1	0.0392	NA	NA	NA
rs73321698	239	0.106	TA/GT	1	0.0392	NA	NA	NA
rs16881123	240	0.106	TG/GA	1	0.04	NA	NA	NA
rs73321700	240	0.106	TC/GT	1	0.0398	NA	NA	NA
rs16881124	240	0.106	TT/GA	1	0.0398	NA	NA	NA
rs2351324	240	0.106	TC/GT	1	0.04	NA	NA	NA
rs1387410	240	0.228	TA/GT	1	1.2e-05	NA	NA	NA
rs1387411	240	0.106	TC/GT	1	0.0398	NA	NA	NA
rs2220482	240	0.106	TT/GC	1	0.0399	NA	NA	NA
rs10111631	241	0.228	TC/GT	1	1.24e-05	NA	NA	NA
rs62522362	241	0.106	TC/GT	1	0.0401	NA	NA	NA
rs73323309	241	0.106	TA/GC	1	0.0401	NA	NA	NA
rs62522363	241	0.106	TT/GG	1	0.0401	NA	NA	NA
rs62522364	241	0.106	TG/GA	1	0.0399	NA	NA	NA
rs62522365	241	0.106	TT/GC	1	0.0399	NA	NA	NA
rs62522366	242	0.106	TA/GG	1	0.0399	NA	NA	NA
rs62522367	242	0.106	TA/GC	1	0.0399	NA	NA	NA
rs62522368	242	0.106	TC/GT	1	0.0399	NA	NA	NA
rs62522369	242	0.106	TA/GG	1	0.0402	NA	NA	NA
rs62522370	242	0.106	TG/GA	1	0.0402	NA	NA	NA
rs1352549	242	0.383	TG/GA	1	0.000118	NA	NA	NA
rs62522372	243	0.106	TC/GT	1	0.0394	NA	NA	NA
rs16881145	243	0.106	TA/GC	1	0.0417	NA	NA	NA
rs11990571	243	0.241	TT/GC	1	0.00295	NA	NA	NA
rs62522373	243	0.106	TA/GG	1	0.0397	NA	NA	NA
rs16881150	243	0.106	TC/GT	1	0.0382	NA	NA	NA
rs7015288	243	0.228	TA/GG	1	1.04e-05	NA	NA	NA
rs62522374	243	0.106	TG/GT	1	0.0388	NA	NA	NA
rs62522375	243	0.106	TC/GA	1	0.0388	NA	NA	NA
rs923429	244	0.228	TA/GC	1	1.04e-05	NA	NA	NA
rs923430	244	0.106	TC/GG	1	0.0386	NA	NA	NA
rs923431	244	0.106	TA/GG	1	0.0425	NA	NA	NA
rs923432	244	0.106	TT/GA	1	0.0386	NA	NA	NA
rs62522377	245	0.106	TG/GT	1	0.0383	NA	NA	NA
rs62522378	245	0.106	TC/GT	1	0.0381	NA	NA	NA
rs2351325	245	0.383	TG/GA	1	0.00011	NA	NA	NA
rs62522379	245	0.106	TG/GA	1	0.0381	NA	NA	NA
rs62522380	245	0.106	TA/GG	1	0.0383	NA	NA	NA
rs62522381	245	0.106	TT/GC	1	0.0381	NA	NA	NA
rs73323337	245	0.106	TT/GC	1	0.038	NA	NA	NA
rs62522382	245	0.106	TT/GC	1	0.0377	NA	NA	NA
rs56966024	246	0.106	TA/GG	1	0.0377	NA	NA	NA
rs59243778	246	0.106	TA/GT	1	0.0376	NA	NA	NA
rs2882627	246	0.106	TC/GT	1	0.0359	NA	NA	NA
rs62522385	247	0.106	TC/GT	1	0.0357	NA	NA	NA
rs2087421	247	0.228	TG/GA	1	8.5e-06	NA	NA	NA
rs4634614	247	0.106	TC/GA	1	0.0386	NA	NA	NA
rs1826046	247	0.228	TC/GA	1	8.78e-06	NA	NA	NA
rs62522386	247	0.106	TT/GC	1	0.0379	NA	NA	NA
rs1602045	248	0.106	TC/GT	1	0.0357	NA	NA	NA
rs1602044	248	0.106	TC/GA	1	0.0357	NA	NA	NA
rs1489365	248	0.241	TA/GC	1	0.00279	NA	NA	NA
rs1602043	248	0.106	TT/GA	1	0.0357	NA	NA	NA
rs78111053	248	0.106	TA/GT	1	0.0357	NA	NA	NA
rs2171708	249	0.106	TC/GT	1	0.0359	NA	NA	NA
rs2130186	249	0.106	TA/GC	1	0.0362	NA	NA	NA
rs1602042	249	0.228	TC/GT	1	8.08e-06	NA	NA	NA
rs1602041	249	0.106	TA/GT	1	0.0359	NA	NA	NA
rs1602040	249	0.106	TC/GT	1	0.0381	NA	NA	NA
rs2351326	249	0.106	TA/GG	1	0.0373	NA	NA	NA
rs62522387	249	0.106	TT/GC	1	0.0359	NA	NA	NA
rs1489364	249	0.241	TT/GG	1	0.00316	NA	NA	NA
rs62522388	250	0.106	TA/GG	1	0.0359	NA	NA	NA
rs62522389	250	0.106	TA/GT	1	0.0359	NA	NA	NA
rs56122240	250	0.241	TG/GA	1	0.00287	NA	NA	NA
rs62522391	250	0.106	TG/GA	1	0.0361	NA	NA	NA
rs4314627	251	0.202	TA/GG	1	0.00296	NA	NA	NA
rs6991190	251	0.241	TG/GA	1	0.00302	NA	NA	NA
rs1602039	251	0.106	TA/GC	1	0.037	NA	NA	NA
rs1304076	251	0.228	TA/GC	1	7.94e-06	NA	NA	NA
rs1602038	251	0.106	TG/GA	1	0.0361	NA	NA	NA
rs11994263	252	0.241	TT/GC	1	0.00311	NA	NA	NA
rs10096910	252	0.228	TT/GC	1	7.86e-06	NA	NA	NA
rs10110086	252	0.241	TC/GT	1	0.00301	NA	NA	NA
rs62522411	253	0.106	TC/GA	1	0.0361	NA	NA	NA
rs62522412	253	0.106	TT/GG	1	0.0361	NA	NA	NA
rs62522413	253	0.106	TC/GA	1	0.0361	NA	NA	NA
rs1387412	254	0.228	TT/GC	1	8.43e-06	NA	NA	NA
rs2882628	255	0.228	TT/GA	1	9.32e-06	NA	NA	NA
rs62522414	255	0.106	TC/GG	1	0.0393	NA	NA	NA
rs62522415	256	0.106	TT/GA	1	0.0358	NA	NA	NA
rs4512357	256	0.241	TT/GA	1	0.00286	NA	NA	NA
rs2882708	256	0.228	TT/GC	1	8.25e-06	NA	NA	NA
rs16881198	256	0.106	TT/GC	1	0.0358	NA	NA	NA
rs61536543	257	0.106	TA/GG	1	0.0358	NA	NA	NA
rs62522416	258	0.106	TA/GT	1	0.0357	NA	NA	NA
rs4498516	258	0.228	TA/GG	1	7.52e-06	NA	NA	NA
rs16881214	258	0.106	TG/GA	1	0.0352	NA	NA	NA
rs62522417	259	0.106	TT/GG	1	0.0342	NA	NA	NA
rs62522418	259	0.106	TG/GA	1	0.0339	NA	NA	NA
rs4443634	260	0.12	TG/GA	1	0.000376	NA	NA	NA
rs4329250	260	0.122	TT/GC	1	0.000331	NA	NA	NA
rs1906825	260	0.123	TG/GA	1	0.000268	NA	NA	NA
rs1906824	260	0.123	TA/GG	1	0.000296	NA	NA	NA
rs13264280	260	0.123	TC/GA	1	0.000295	NA	NA	NA
rs13273549	261	0.123	TG/GC	1	0.000358	NA	NA	NA
rs11994274	261	0.241	TG/GA	1	0.00309	NA	NA	NA
rs77171107	263	0.106	TG/GA	1	0.0291	NA	NA	NA
rs11774323	263	0.123	TT/GC	1	0.000389	NA	NA	NA
rs28653273	264	0.228	TG/GT	1	8.69e-06	NA	NA	NA
rs16881248	264	0.123	TA/GC	1	0.000415	NA	NA	NA
rs1489368	265	0.123	TA/GG	1	0.000364	NA	NA	NA
rs72677141	265	0.145	TA/GT	1	0.125	NA	NA	NA
rs13261074	265	0.241	TC/GT	1	0.00371	NA	NA	NA
rs958443	267	0.235	TG/GA	1	0.00348	NA	NA	NA
rs12548358	268	0.235	TA/GG	1	0.00359	NA	NA	NA
rs79997283	268	0.112	TA/GG	1	0.0294	NA	NA	NA
rs10955547	269	0.229	TA/GT	1	0.00401	NA	NA	NA
rs12681712	269	0.229	TT/GC	1	0.00387	NA	NA	NA
rs10808439	270	0.224	TT/GC	1	9.66e-06	NA	NA	NA
rs72677144	271	0.118	TG/GA	1	0.682	NA	NA	NA
rs1489372	271	0.376	TA/GG	1	0.000138	NA	NA	NA
rs2130187	271	0.229	TG/GA	1	0.00391	NA	NA	NA
rs62520660	271	0.112	TC/GG	1	0.0308	NA	NA	NA
rs6469327	276	0.224	TT/GC	1	1.08e-05	NA	NA	NA
rs923433	278	0.224	TA/GG	1	9.99e-06	NA	NA	NA
rs62520662	282	0.112	TA/GG	1	0.0296	NA	NA	NA
rs13261668	284	0.229	TT/GC	1	0.00376	NA	NA	NA
rs1489362	285	0.224	TC/GA	1	1.04e-05	NA	NA	NA
rs72677151	289	0.132	TG/GA	1	0.0681	NA	NA	NA
rs1352551	290	0.224	TT/GC	1	1.14e-05	NA	NA	NA
rs13271200	293	0.229	TG/GA	1	0.00397	NA	NA	NA
rs1387414	294	0.229	TT/GC	1	0.00374	NA	NA	NA
rs2171707	296	0.224	TC/GT	1	1.53e-05	NA	NA	NA
rs72677152	301	0.132	TA/GT	1	0.138	NA	NA	NA
rs62520665	303	0.112	TT/GC	1	0.042	NA	NA	NA
rs6985111	304	0.23	TC/GT	1	1.63e-05	NA	NA	NA
rs10088693	308	0.23	TC/GT	1	1.37e-05	NA	NA	NA
rs931410	309	0.23	TG/GA	1	1.35e-05	NA	NA	NA
rs72677153	311	0.226	TT/GC	1	0.00362	NA	NA	NA
rs6469330	313	0.23	TC/GA	1	1.35e-05	NA	NA	NA
rs6469331	313	0.23	TC/GT	1	1.49e-05	NA	NA	NA
rs13264923	318	0.226	TT/GG	1	1.33e-05	NA	NA	NA
rs11785408	321	0.232	TG/GA	1	1.19e-05	NA	NA	NA
rs12545024	322	0.224	TT/GG	1	1.4e-05	NA	NA	NA
rs2220483	323	0.23	TG/GT	1	1.38e-05	NA	NA	NA
rs66902653	325	0.226	TA/GG	1	0.00352	NA	NA	NA
rs12677040	326	0.136	TA/GG	1	0.145	NA	NA	NA
rs62520666	328	0.118	TG/GA	1	0.0287	NA	NA	NA
rs16881360	328	0.282	TC/GT	1	0.00109	NA	NA	NA
rs11998106	328	0.112	TG/GA	1	0.0379	NA	NA	NA
rs62520688	332	0.118	TT/GC	1	0.0291	NA	NA	NA
rs12545941	334	0.286	TT/GC	1	0.00112	NA	NA	NA
rs149691362	337	0.116	TA/GC	1	0.615	NA	NA	NA
rs10113434	338	0.248	TT/GC	1	3.11e-06	NA	NA	NA
rs62520689	344	0.201	TG/GC	1	0.00237	NA	NA	NA
rs10105281	344	0.254	TC/GT	1	2.82e-06	NA	NA	NA
rs62520690	345	0.201	TC/GT	1	0.00263	NA	NA	NA
rs12677790	345	0.209	TG/GA	1	0.00974	NA	NA	NA
rs10955548	345	0.209	TC/GA	1	0.00843	NA	NA	NA
rs4514011	349	0.254	TC/GT	1	2.85e-06	NA	NA	NA
rs12677234	352	0.203	TA/GG	1	0.00925	NA	NA	NA
rs4289849	354	0.44	TA/GC	1	2.55e-05	0	5.23460351155767e-05	0.999837728803555
rs36081119	359	0.203	TT/GG	1	0.00964	NA	NA	NA
rs142255075	363	0.109	TC/GT	1	0.53	NA	NA	NA
rs12546759	366	0.203	TT/GC	1	0.00907	NA	NA	NA
rs12541889	374	0.44	TG/GT	1	2.8e-05	0	4.78914849442439e-05	0.999885620288499
rs4876328	380	0.248	TC/GG	1	3.32e-06	NA	NA	NA
rs28367343	381	0.248	TA/GG	1	2.99e-06	NA	NA	NA
rs72677178	381	0.132	TT/GC	1	0.209	NA	NA	NA
rs13269197	382	0.248	TA/GC	1	2.98e-06	NA	NA	NA
rs62520699	383	0.201	TG/GA	1	0.00353	NA	NA	NA
rs61224411	384	0.209	TG/GA	1	0.00809	NA	NA	NA
rs7819770	384	0.252	TC/GT	1	2.53e-06	NA	NA	NA
rs72677185	385	0.14	TT/GC	1	0.186	NA	NA	NA
rs62520700	386	0.201	TG/GC	1	0.00355	NA	NA	NA
rs62520701	386	0.201	TG/GA	1	0.00326	NA	NA	NA
rs117137008	389	0.201	TT/GA	1	0.00351	NA	NA	NA
rs35609046	394	0.248	TT/GC	1	2.43e-06	NA	NA	NA
rs4876347	395	0.254	TC/GT	1	2.47e-06	NA	NA	NA
rs62520728	400	0.201	TC/GT	1	0.00324	NA	NA	NA
rs114148159	401	0.1	TC/GA	1	0.477	NA	NA	NA
rs79922463	405	0.201	TC/GG	1	0.00292	NA	NA	NA
rs59714343	406	0.201	TA/GG	1	0.0034	NA	NA	NA
rs72677194	407	0.209	TT/GC	1	0.00742	NA	NA	NA
rs62520731	408	0.201	TC/GT	1	0.00335	NA	NA	NA
rs10100737	408	0.248	TA/GT	1	2.85e-06	NA	NA	NA
rs10095358	410	0.248	TT/GC	1	3.28e-06	NA	NA	NA
rs13253221	417	0.254	TT/GC	1	3.73e-06	NA	NA	NA
rs4464997	417	0.209	TT/GC	1	0.00929	NA	NA	NA
rs68033740	426	0.123	TC/GG	1	0.164	NA	NA	NA
rs72682708	858	0.112	TA/GG	1	0.124	NA	NA	NA
