SNP	KB	R2	Alleles	F	P	inCredible	probNorm	cumSum
rs1518393	0	1	A	1	4.9e-09	1	0.0642036539128376	0.0642036539128376
rs12713356	-286	0.101	AC/CG	1	0.481	NA	NA	NA
rs61174769	-285	0.105	AA/CG	1	0.323	NA	NA	NA
rs56113430	-285	0.105	AT/CG	1	0.326	NA	NA	NA
rs9789400	-254	0.202	AC/CT	1	2.4e-05	NA	NA	NA
rs4672221	-252	0.138	AT/CA	1	0.000479	NA	NA	NA
rs13012916	-248	0.197	AT/CG	1	2.68e-05	NA	NA	NA
rs35172567	-245	0.198	AA/CT	1	3.15e-05	NA	NA	NA
rs11125727	-245	0.138	AG/CT	1	0.000434	NA	NA	NA
rs12997934	-241	0.164	AC/CG	1	0.000304	NA	NA	NA
rs10193760	-241	0.151	AC/CT	1	0.000103	NA	NA	NA
rs1350691	-240	0.157	AA/CT	1	0.16	NA	NA	NA
rs35577149	-240	0.217	AT/CC	1	5e-06	NA	NA	NA
rs2871779	-239	0.167	AT/CC	1	0.000294	NA	NA	NA
rs6740359	-238	0.222	AG/CA	1	4.2e-06	NA	NA	NA
rs13026414	-237	0.218	AC/CT	1	6.67e-06	NA	NA	NA
rs2871780	-237	0.166	AT/CC	1	0.000188	NA	NA	NA
rs11125728	-233	0.168	AC/CT	1	0.000214	NA	NA	NA
rs746274	-233	0.164	AC/CT	1	0.000472	NA	NA	NA
rs746275	-233	0.164	AC/CT	1	0.000552	NA	NA	NA
rs11885093	-230	0.207	AC/CT	1	6.28e-06	NA	NA	NA
rs7606466	-229	0.386	AC/CG	1	0.00012	NA	NA	NA
rs10496076	-228	0.76	AT/CC	1	2.44e-05	0	1.74759346983381e-05	0.999923359391976
rs2125924	-228	0.472	AT/CC	1	6.64e-05	0	6.75868883423268e-06	0.999953126538197
rs6720888	-226	0.767	AA/CG	1	2.11e-05	0	2.00677771713378e-05	0.999905883457277
rs13402331	-224	0.786	AT/CC	1	5.82e-06	0	6.86278552027342e-05	0.997200466314976
rs13418015	-223	0.782	AA/CG	1	4.93e-06	0	8.04465140827359e-05	0.996984028935229
rs4671319	-221	0.473	AG/CA	1	3.39e-05	0	1.27845370122092e-05	0.999936143928988
rs10196378	-220	0.767	AT/CG	1	2e-05	0	2.11173187525565e-05	0.999885815680106
rs2290867	-218	0.786	AA/CC	1	5.18e-06	0	7.67246354714189e-05	0.997060753570701
rs13025126	-215	0.305	AG/CA	1	0.0291	NA	NA	NA
rs10186791	-214	0.774	AG/CA	1	2.97e-06	0	0.000130760533765794	0.996903582421147
rs13011472	-210	0.476	AC/CG	1	1.53e-08	1	0.0212234586671934	0.248970948084723
rs6709720	-204	0.807	AA/CG	1	8.48e-06	0	4.78793241993052e-05	0.998298670455134
rs6722461	-200	0.682	AA/CG	1	0.00161	0	3.42866315136863e-07	0.999995037756115
rs2125925	-200	0.819	AA/CG	1	1.19e-05	0	3.46421515799236e-05	0.999184518247129
rs13002041	-198	0.81	AC/CA	1	8.21e-06	0	4.9383251524367e-05	0.998105674641795
rs3886275	-198	0.81	AA/CC	1	7.24e-06	0	5.56912906998028e-05	0.997847377445405
rs717817	-198	0.81	AC/CT	1	7.46e-06	0	5.4119700758403e-05	0.997901497146163
rs7557715	-197	0.735	AC/CT	1	1.29e-05	0	3.20748565045676e-05	0.999480224662322
rs7567497	-197	0.81	AA/CT	1	6.9e-06	0	5.83131466179544e-05	0.997565458041142
rs11125729	-196	0.81	AT/CC	1	7.69e-06	0	5.25709585087621e-05	0.997954068104672
rs11679364	-196	0.815	AT/CG	1	1.19e-05	0	3.46421515799236e-05	0.999219160398709
rs1460255	-192	0.738	AT/CC	1	1.76e-05	0	2.38517809101315e-05	0.999842743907111
rs10204616	-190	0.815	AA/CT	1	1.14e-05	0	3.60910092805956e-05	0.999044249865011
rs12997222	-184	0.823	AC/CG	1	1.59e-05	0	2.62762877710121e-05	0.999744174646572
rs11688767	-183	0.489	AA/CT	1	8.89e-09	1	0.0359701702423028	0.138492804975702
rs13032423	-179	0.507	AG/CA	1	4.29e-05	0	1.02239203751557e-05	0.999946367849363
rs12990792	-178	0.823	AG/CA	1	1.05e-05	0	3.9039020097058e-05	0.998750805394191
rs10496078	-178	0.819	AG/CA	1	7.11e-06	0	5.66647422365037e-05	0.997679482147886
rs13016665	-176	0.417	AC/CA	1	0.0162	0	4.26795335611807e-08	0.999999809736098
rs7561842	-176	0.823	AC/CT	1	6.21e-06	0	6.44974890865984e-05	0.997264963804063
rs7588492	-175	0.823	AA/CG	1	8.92e-06	0	4.56197942442703e-05	0.998344290249378
rs10496079	-174	0.823	AG/CC	1	6.73e-06	0	5.9721381400617e-05	0.997447844884824
rs11695135	-173	0.326	AA/CC	1	0.0741	NA	NA	NA
rs10865304	-168	0.835	AG/CT	1	8.43e-06	0	4.81507063696349e-05	0.998202640424565
rs6730037	-165	0.827	AG/CA	1	7.88e-06	0	5.13584252228651e-05	0.998005426529895
rs11898858	-165	0.827	AG/CA	1	6.78e-06	0	5.9300009699438e-05	0.997507144894524
rs12713358	-164	0.827	AA/CT	1	6.4e-06	0	6.2664177218332e-05	0.997327627981281
rs6737913	-163	0.827	AG/CA	1	7.24e-06	0	5.56912906998028e-05	0.997791686154705
rs112345168	-163	0.753	AA/CT	1	1.03e-05	0	3.97626045083802e-05	0.998593932544508
rs6756221	-163	0.827	AT/CC	1	7.96e-06	0	5.08648603760914e-05	0.998056291390271
rs4296411	-162	0.827	AA/CC	1	7.02e-06	0	5.73593645074188e-05	0.997622817405649
rs6761347	-161	0.827	AT/CA	1	6.64e-06	0	6.04955221427149e-05	0.997388123503424
rs1568450	-160	0.827	AA/CG	1	7.13e-06	0	5.65127161191194e-05	0.997735994864005
rs1568452	-158	0.303	AC/CT	1	0.142	NA	NA	NA
rs13026612	-156	0.835	AC/CT	1	1.12e-05	0	3.67060072170226e-05	0.998899580994082
rs13026830	-156	0.835	AC/CT	1	1.26e-05	0	3.28031352955611e-05	0.999286330108951
rs10166481	-155	0.835	AG/CA	1	8.31e-06	0	4.88150764005055e-05	0.998154489718196
rs12991325	-154	0.83	AC/CT	1	1.04e-05	0	3.93974047446651e-05	0.998672727353997
rs11676055	-154	0.835	AC/CT	1	9.8e-06	0	4.16980321243775e-05	0.998472754580262
rs76277745	-152	0.113	AA/CT	1	0.0122	NA	NA	NA
rs1589407	-151	0.835	AT/CC	1	1.01e-05	0	4.05142482644845e-05	0.99855416994
rs2090793	-150	0.827	AG/CA	1	9.77e-06	0	4.18203264595046e-05	0.998431056548138
rs4672223	-149	0.83	AC/CA	1	9.06e-06	0	4.49459722999048e-05	0.998389236221678
rs6545663	-148	0.83	AA/CT	1	1.05e-05	0	3.9039020097058e-05	0.998711766374094
rs6545664	-148	0.83	AC/CT	1	1.04e-05	0	3.93974047446651e-05	0.998633329949253
rs6545665	-148	0.835	AG/CA	1	1.14e-05	0	3.60910092805956e-05	0.99897206784645
rs2717048	-145	0.835	AC/CT	1	1.28e-05	0	3.23139016888088e-05	0.999351447145935
rs2683614	-145	0.835	AG/CA	1	1.29e-05	0	3.20748565045676e-05	0.999448149805817
rs954593	-144	0.831	AC/CT	1	1.14e-05	0	3.60910092805956e-05	0.999008158855731
rs2683615	-144	0.83	AC/CA	1	8.43e-06	0	4.81507063696349e-05	0.998250791130935
rs77632983	-143	0.135	AC/CG	1	0.0685	NA	NA	NA
rs2717066	-142	0.278	AC/CA	1	0.137	NA	NA	NA
rs2717071	-140	0.834	AG/CA	1	1.28e-05	0	3.23139016888088e-05	0.999416074949313
rs1474215	-139	0.83	AC/CG	1	1e-05	0	4.09011114730557e-05	0.998513655691735
rs2717075	-139	0.835	AG/CC	1	1.31e-05	0	3.1607489615559e-05	0.999511832151938
rs2683620	-139	0.83	AA/CT	1	1.07e-05	0	3.83419416497588e-05	0.998789147335841
rs2683619	-138	0.835	AC/CT	1	1.11e-05	0	3.70216438063235e-05	0.998826168979648
rs2683618	-138	0.52	AA/CG	1	7.42e-05	0	6.08456217342414e-06	0.999959211100371
rs2717018	-136	0.835	AC/CT	1	1.92e-05	0	2.195445424227e-05	0.999864698361353
rs2683616	-136	0.83	AG/CA	1	1.69e-05	0	2.47922819936301e-05	0.999794779188742
rs2683628	-135	0.831	AA/CG	1	1.45e-05	0	2.8689903158579e-05	0.999662119486416
rs2683629	-134	0.835	AA/CG	1	1.2e-05	0	3.43665749467366e-05	0.999253526973655
rs2953439	-132	0.831	AT/CC	1	1.16e-05	0	3.54967883528876e-05	0.999079746653364
rs66490669	-131	0.756	AC/CT	1	1.26e-05	0	3.28031352955611e-05	0.999319133244246
rs7598169	-130	0.835	AC/CT	1	1.4e-05	0	2.9666300700182e-05	0.999633429583258
rs2953441	-130	0.83	AC/CT	1	1.54e-05	0	2.70889692258915e-05	0.999717898358801
rs2717046	-129	0.26	AC/CT	1	0.29	NA	NA	NA
rs1402398	-129	0.83	AG/CA	1	1.62e-05	0	2.58122601764568e-05	0.999769986906748
rs2717055	-127	0.83	AG/CA	1	1.28e-05	0	3.23139016888088e-05	0.999383761047624
rs59098844	-127	0.756	AC/CG	1	1.18e-05	0	3.49223015708423e-05	0.999149876095549
rs1402399	-126	0.831	AT/CC	1	1.45e-05	0	2.8689903158579e-05	0.999690809389575
rs2717054	-125	0.83	AG/CA	1	1.13e-05	0	3.63958430879612e-05	0.99893597683717
rs2683621	-124	0.83	AA/CG	1	1.17e-05	0	3.52071406136889e-05	0.999114953793978
rs2717053	-124	0.83	AG/CC	1	1.12e-05	0	3.67060072170226e-05	0.998862874986865
rs2717052	-124	0.835	AC/CA	1	1.34e-05	0	3.09320631771313e-05	0.999542764215115
rs79164773	-123	0.136	AA/CG	1	0.108	NA	NA	NA
rs1915459	-123	0.553	AT/CC	1	0.00109	0	4.91392763780402e-07	0.999988629214879
rs2717050	-122	0.553	AC/CT	1	0.000904	0	5.84333334146909e-07	0.999985505223871
rs2717049	-121	0.553	AT/CC	1	0.00126	0	4.29797531498044e-07	0.999990896537641
rs1949613	-120	0.551	AG/CT	1	0.00119	0	4.53096601374504e-07	0.999990036942577
rs2717047	-120	0.551	AT/CA	1	0.00103	0	5.17818678326575e-07	0.999987124403871
rs12185644	-119	0.546	AC/CA	1	0.00114	0	4.7143166980276e-07	0.999989583845976
rs2683625	-119	0.548	AG/CA	1	0.001	0	5.32181778582756e-07	0.999986606585193
rs2947348	-118	0.548	AG/CA	1	0.00108	0	4.95599566043674e-07	0.999988137822115
rs2953443	-118	0.548	AC/CT	1	0.00127	0	4.26672150417968e-07	0.999991323209791
rs2683630	-113	0.827	AC/CG	1	1.35e-05	0	3.07134543491307e-05	0.999573477669464
rs62142436	-112	0.132	AA/CG	1	0.0644	NA	NA	NA
rs2717076	-110	0.824	AC/CT	1	1.74e-05	0	2.41129374595021e-05	0.999818892126201
rs2717077	-109	0.138	AT/CG	1	0.269	NA	NA	NA
rs1520965	-107	0.553	AC/CA	1	0.00093	0	5.69179542978446e-07	0.999986074403414
rs2717079	-105	0.332	AT/CA	1	0.304	NA	NA	NA
rs2716991	-103	0.137	AT/CG	1	0.186	NA	NA	NA
rs1106090	-102	0.274	AG/CA	1	0.0145	NA	NA	NA
rs1106302	-102	0.542	AA/CT	1	0.00111	0	4.83199427041698e-07	0.999989112414306
rs1851140	-101	0.132	AT/CC	1	0.165	NA	NA	NA
rs2947350	-100	0.547	AC/CT	1	0.00137	0	3.97850446743519e-07	0.999992121608208
rs17049185	-98.6	0.473	AT/CG	1	0.000417	0	1.20041264151285e-06	0.999975605578831
rs1607889	-97.6	0.556	AA/CC	1	0.00138	0	3.95190749945939e-07	0.999992516798958
rs2176931	-97.3	0.486	AG/CA	1	0.00154	0	3.57190066189681e-07	0.999993642010564
rs2204019	-97.2	0.543	AG/CA	1	0.00147	0	3.72830789425826e-07	0.999993284820497
rs11684106	-95.5	0.486	AC/CA	1	0.00197	0	2.8481568878386e-07	0.999996580787063
rs2716999	-95.5	0.54	AT/CC	1	0.00181	0	3.07860073821061e-07	0.9999959912046
rs2683622	-95	0.54	AT/CC	1	0.00126	0	4.29797531498044e-07	0.999990466740109
rs2947351	-94.4	0.537	AG/CT	1	0.00138	0	3.95190749945939e-07	0.999992911989708
rs2953437	-94.3	0.542	AT/CC	1	0.00136	0	4.00547970432875e-07	0.999991723757761
rs2953438	-93.4	0.553	AA/CG	1	0.00103	0	5.17818678326575e-07	0.999987642222549
rs68119977	-92.3	0.735	AG/CT	1	1.37e-05	0	3.02856130934305e-05	0.999603763282557
rs68084872	-89	0.495	AA/CG	1	0.00154	0	3.57190066189681e-07	0.99999399920063
rs2953442	-87.8	0.543	AC/CT	1	0.00247	0	2.31491730986601e-07	0.999997570886193
rs4672225	-86	0.488	AT/CC	1	0.00159	0	3.46834367573077e-07	0.9999946948898
rs2717074	-83.8	0.547	AG/CC	1	0.0022	0	2.57380358430717e-07	0.999996838167421
rs2717073	-83.6	0.559	AA/CG	1	0.00228	0	2.49092973575423e-07	0.999997339394462
rs2683626	-83.5	0.543	AT/CC	1	0.00225	0	2.52134067510391e-07	0.999997090301489
rs2717072	-82.1	0.543	AC/CT	1	0.00168	0	3.29698117150912e-07	0.999995367454232
rs66985942	-81.6	0.488	AC/CT	1	0.00176	0	3.15890293796792e-07	0.999995683344526
rs2717070	-78.8	0.551	AT/CC	1	0.00158	0	3.48854802607654e-07	0.999994348055432
rs10445894	-77.3	0.556	AA/CT	1	0.00183	0	3.04766774021349e-07	0.999996295971374
rs2717068	-76.3	0.919	AA/CC	1	3.74e-07	1	0.000960515045057206	0.988396134006409
rs2717067	-76	0.345	AG/CC	1	0.218	NA	NA	NA
rs2717063	-60.3	0.932	AC/CA	1	2.39e-08	1	0.0137637580003362	0.45013802312128
rs6720288	-60.2	0.387	AA/CG	1	0.00376	NA	NA	NA
rs1533725	-59.3	0.386	AT/CG	1	0.00389	NA	NA	NA
rs2678910	-59	0.842	AA/CT	1	2.36e-08	1	0.0139335437053659	0.436374265120944
rs2683634	-57.2	0.967	AT/CC	1	1.81e-08	1	0.0180273833929468	0.30532138821985
rs2678911	-56.1	0.404	AG/CC	1	0.0102	0	6.42650990964587e-08	0.999999453233429
rs2683632	-54.6	0.407	AT/CC	1	0.0151	0	4.54032356437106e-08	0.999999767056564
rs2678913	-54.1	0.388	AT/CC	1	0.00998	NA	NA	NA
rs2678914	-53.3	0.384	AC/CG	1	0.0097	NA	NA	NA
rs2717060	-52.1	0.386	AA/CG	1	0.00994	NA	NA	NA
rs2678915	-51.6	0.967	AC/CT	1	3.92e-08	1	0.00851652644308967	0.911707682827688
rs2678916	-51.6	0.404	AG/CT	1	0.0125	0	5.36492963361107e-08	0.999999628078816
rs2717059	-51.6	0.406	AC/CG	1	0.0162	0	4.26795335611807e-08	0.999999852415631
rs2678917	-50.7	0.386	AT/CA	1	0.01	NA	NA	NA
rs2678918	-49.8	0.406	AC/CT	1	0.00859	0	7.49090348600667e-08	0.999999104780749
rs1356544	-47.5	0.947	AT/CC	1	1.8e-08	1	0.0181246278464938	0.287294004826904
rs1356545	-47.4	0.947	AT/CC	1	1.99e-08	1	0.016441967164628	0.37491172437283
rs2678919	-46.9	0.276	AG/CA	1	0.244	NA	NA	NA
rs2717058	-46.7	0.276	AG/CA	1	0.244	NA	NA	NA
rs2678920	-46.7	0.276	AA/CT	1	0.25	NA	NA	NA
rs2678922	-43.6	0.402	AA/CG	1	0.0225	0	3.20261293727331e-08	0.999999884441761
rs2678923	-43.6	0.402	AA/CC	1	0.0231	0	3.13021490098578e-08	0.99999991574391
rs2717057	-43.3	0.411	AC/CT	1	0.0107	0	6.15862573696765e-08	0.999999514819686
rs2717056	-42.4	0.975	AC/CT	1	2.17e-08	1	0.0151162734320047	0.422440721415578
rs2678908	-40.9	0.975	AC/CT	1	2.71e-08	1	0.0121836381832968	0.589920775269818
rs2678907	-37.7	0.406	AA/CG	1	0.00719	0	8.78509622901348e-08	0.999998545976957
rs2678906	-37.2	0.967	AT/CA	1	2.63e-08	1	0.0125431096600568	0.565465607747382
rs867740	-36.2	0.407	AT/CC	1	0.00986	0	6.62350849935747e-08	0.99999938896833
rs2678905	-35.3	0.967	AA/CG	1	2.81e-08	1	0.0117626943475731	0.637593803925309
rs2717000	-35	0.406	AC/CG	1	0.00829	0	7.73288480220365e-08	0.9999989545707
rs2717001	-33.6	0.967	AC/CT	1	2.04e-08	1	0.0160505782179036	0.407324447983573
rs2678904	-33.5	0.971	AG/CT	1	1.52e-08	1	0.0213590691610366	0.227747489417529
rs2678903	-33.3	0.963	AA/CG	1	2.53e-08	1	0.013023957211552	0.489361543894322
rs2678902	-32.6	0.406	AG/CA	1	0.00778	0	8.18523050745603e-08	0.999998797852798
rs2678901	-32.6	0.967	AA/CG	1	2e-08	1	0.0163621453928398	0.391273869765669
rs1040225	-31.6	0.967	AA/CG	1	1.61e-08	1	0.0201984288956872	0.26916937698041
rs1040224	-31.4	0.967	AG/CC	1	1.82e-08	1	0.0179311930657066	0.323252581285557
rs2678895	-31.3	0.406	AA/CT	1	0.00643	0	9.71285483669093e-08	0.999998089276082
rs2678881	-30.2	0.967	AG/CA	1	1.89e-08	1	0.0172859828569382	0.358469757208202
rs2717002	-28.6	0.967	AT/CG	1	1.82e-08	1	0.0179311930657066	0.341183774351264
rs2717003	-27.8	0.971	AA/CG	1	3.31e-08	1	0.0100347668684425	0.791516009131537
rs2717004	-27.4	0.967	AC/CA	1	2.73e-08	1	0.0120970169945464	0.602017792264365
rs951965	-26.7	0.406	AC/CA	1	0.00668	0	9.38531280937464e-08	0.99999818312921
rs2717005	-26.2	0.406	AA/CG	1	0.00615	0	1.01100095321549e-07	0.999997892648378
rs2465804	-23	0.971	AG/CA	1	2.58e-08	1	0.0127789388052438	0.502140482699565
rs2465805	-22.9	0.409	AC/CT	1	0.00572	0	1.07924626747613e-07	0.999997791548283
rs2717007	-22.1	0.971	AG/CA	1	2.95e-08	1	0.0112206771224466	0.717897682321444
rs2717008	-22.1	0.406	AT/CC	1	0.00758	0	8.37853312712139e-08	0.999998716000493
rs2678909	-20.5	0.869	AT/CC	1	7.57e-08	1	0.00450069331115325	0.960616843158772
rs2459982	-20.3	0.967	AA/CC	1	2.5e-08	1	0.0131756063499378	0.463313629471218
rs2717010	-19.4	0.971	AA/CG	1	2.61e-08	1	0.0126363721043817	0.552922498087325
rs2717011	-19.1	0.971	AT/CC	1	2.59e-08	1	0.0127310547125852	0.527602592124736
rs2717012	-18.9	0.407	AC/CA	1	0.00545	0	1.12737463054804e-07	0.999997683623656
rs2717013	-18.7	0.407	AG/CA	1	0.00626	0	9.94991556576002e-08	0.999997992147534
rs2717014	-17	0.967	AT/CC	1	2.89e-08	1	0.0114466296370551	0.684086791953266
rs2678873	-16.6	0.971	AG/CA	1	2.53e-08	1	0.013023957211552	0.47633758668277
rs2678874	-16.3	0.404	AT/CA	1	0.0149	0	4.59396647779805e-08	0.999999721653328
rs2717015	-16	0.971	AT/CC	1	2.82e-08	1	0.0117222193566377	0.649316023281947
rs2312141	-15.9	0.971	AA/CT	1	2.84e-08	1	0.0116421126069421	0.672640162316211
rs2312143	-15.4	0.404	AG/CA	1	0.0111	0	5.96098333731434e-08	0.99999957442952
rs2139053	-14.7	0.873	AT/CC	1	8.38e-08	1	0.00407874361317355	0.969062270069958
rs2139054	-14.6	0.971	AA/CC	1	2.83e-08	1	0.0116820264273224	0.660998049709269
rs2678879	-13.1	0.992	AA/CG	1	3.5e-08	1	0.0095059420061722	0.849443853028978
rs2678880	-12.9	0.98	AC/CT	1	2.59e-08	1	0.0127310547125852	0.514871537412151
rs2678882	-11.9	0.988	AT/CA	1	2.69e-08	1	0.0122715293391395	0.577737137086521
rs2717019	-11.7	0.992	AT/CG	1	3.18e-08	1	0.0104324684118938	0.761113186292812
rs2678883	-11.6	0.992	AA/CG	1	2.77e-08	1	0.01192747546345	0.613945267727815
rs2717020	-11.4	0.414	AT/CC	1	0.00935	0	6.94468841144453e-08	0.999999322733245
rs2678884	-11.1	0.893	AA/CC	1	1.01e-07	1	0.00340434932672752	0.975913926522344
rs2678885	-11.1	0.414	AT/CG	1	0.00734	0	8.62382044275061e-08	0.999998632215161
rs2717021	-10.6	0.414	AG/CA	1	0.00866	0	7.43675565151949e-08	0.999999179148306
rs2717022	-10.6	0.992	AG/CC	1	3.02e-08	1	0.0109682579889017	0.740086617432792
rs2678886	-10	0.992	AA/CG	1	2.95e-08	1	0.0112206771224466	0.729118359443891
rs2717023	-9.86	0.988	AC/CT	1	3.13e-08	1	0.010594100448126	0.750680717880918
rs2717024	-9.82	0.992	AC/CG	1	2.92e-08	1	0.0113325089042862	0.695419300857553
rs2678887	-9.47	0.992	AC/CA	1	4.02e-08	1	0.0083110141590284	0.920018696986717
rs2678888	-9.03	0.992	AA/CG	1	2.94e-08	1	0.0112577043414448	0.706677005198997
rs2717025	-8.07	0.412	AG/CT	1	0.00675	0	9.29777878780219e-08	0.999998369834001
rs2717026	-8.04	0.412	AA/CG	1	0.00669	0	9.3727002876399e-08	0.999998276856213
rs2678889	-7	0.988	AA/CG	1	3.26e-08	1	0.0101840279851412	0.771297214277953
rs2678890	-6.78	0.988	AC/CT	1	2.6e-08	1	0.0126835338582077	0.540286125982943
rs2717027	-6.77	0.888	AG/CA	1	1.13e-07	1	0.00305383912112512	0.978967765643469
rs2717029	-5.62	0.414	AG/CT	1	0.00715	0	8.82919936821128e-08	0.999998458125995
rs2717030	-5.53	0.414	AT/CC	1	0.00854	0	7.53010138581295e-08	0.999999029871714
rs970941	-5.04	0.988	AG/CA	1	3.44e-08	1	0.00966671681353289	0.82079334049202
rs2717031	-4.75	0.988	AT/CC	1	3.64e-08	1	0.00915113062829134	0.868100925663441
rs2678891	-4.58	0.988	AT/CG	1	3.41e-08	1	0.00974919557835599	0.811126623678487
rs2717032	-4.46	0.988	AT/CC	1	3.47e-08	1	0.00958564423358626	0.830378984725606
rs2717034	-3.96	0.888	AT/CG	1	3.8e-08	1	0.00877721000332124	0.885791869662291
rs2678894	-3.96	0.888	AG/CC	1	4.57e-08	1	0.00733937555103129	0.934972199832603
rs2717035	-3.78	0.988	AC/CT	1	3.26e-08	1	0.0101840279851412	0.781481242263095
rs2717036	-3.12	0.988	AT/CC	1	3.37e-08	1	0.00986141896859391	0.801377428100131
rs2717038	-2.39	0.414	AA/CG	1	0.00869	0	7.41380549291771e-08	0.999999253286361
rs1401100	-2.36	0.984	AG/CT	1	3.74e-08	1	0.008913733995528	0.877014659658969
rs2717039	-2.05	0.411	AG/CT	1	0.00805	0	7.93890545425397e-08	0.999998877241852
rs2678896	-1.83	0.988	AA/CG	1	3.82e-08	1	0.00873264164463119	0.894524511306922
rs2678897	-1.8	0.975	AG/CA	1	9.02e-09	1	0.0354660903426936	0.173958895318396
rs2717040	-1.73	0.988	AT/CC	1	3.48e-08	1	0.00955892629719942	0.839937911022806
rs1568252	-1.27	0.168	AT/CC	1	0.000701	NA	NA	NA
rs1568253	-1.22	0.992	AT/CC	1	2.78e-08	1	0.0118858418499214	0.625831109577736
rs1568254	-1.06	0.992	AC/CA	1	3.85e-08	1	0.00866664507767678	0.903191156384598
rs1518394	0.067	1	AA/CG	1	9.89e-09	1	0.0324295249380967	0.206388420256493
rs2717041	0.887	0.968	AC/CT	1	8.33e-09	1	0.038318980820562	0.1025226347334
rs2717042	5.86	0.884	AC/CA	1	7.24e-08	1	0.00469924148028237	0.956116149847619
rs2678900	6.46	0.478	AT/CG	1	0.191	0	5.57418244125173e-09	0.999999984991365
rs2717043	7.8	0.876	AC/CT	1	4.4e-08	1	0.00761412729485474	0.927632824281571
rs2030237	24.9	0.444	AA/CG	1	0.28	0	4.24926902396587e-09	0.999999993542374
rs932188	25.4	0.139	AA/CT	1	0.0027	NA	NA	NA
rs12713370	29.5	0.819	AA/CG	1	5.73e-08	1	0.00589444474052879	0.940866644573131
rs10172295	30	0.444	AG/CA	1	0.11	0	8.50209574177173e-09	0.999999944283647
rs4672226	31.8	0.45	AC/CT	1	0.152	0	6.61430056511336e-09	0.999999973114782
rs1518395	36.9	0.815	AA/CG	1	6.05e-08	1	0.00559209248054181	0.946458737053673
rs6732310	39	0.819	AT/CC	1	6.85e-08	1	0.0049581713136631	0.951416908367336
rs6717480	39.3	0.442	AC/CA	1	0.162	0	6.30240068239368e-09	0.999999979417182
rs6545677	40.3	0.861	AA/CG	1	3.5e-08	1	0.0095059420061722	0.85894979503515
rs2312147	51.7	0.848	AT/CC	1	9.97e-08	1	0.00344730712565819	0.972509577195617
rs7573056	58.2	0.469	AA/CC	1	0.362	0	3.59187202338484e-09	0.999999997134246
rs1518399	60.1	0.776	AC/CT	1	7.81e-08	1	0.00436668329801302	0.964983526456785
rs7561688	62.2	0.438	AC/CT	1	0.0865	0	1.03023103035845e-08	0.99999992604622
rs62140008	62.5	0.438	AA/CT	1	0.0928	0	9.7353311484672e-09	0.999999935781551
rs4672228	66.2	0.386	AT/CC	1	0.0197	NA	NA	NA
rs7568266	69.2	0.449	AG/CC	1	0.15	0	6.68139944007488e-09	0.999999966500481
rs28583109	72.1	0.446	AT/CC	1	0.127	0	7.59583812041034e-09	0.999999959819082
rs17049305	75.4	0.447	AT/CC	1	0.12	0	7.9395968542098e-09	0.999999952223244
rs13033536	82.2	0.373	AG/CA	1	0.0157	NA	NA	NA
rs116380454	88.9	0.125	AC/CG	1	0.0535	NA	NA	NA
rs75646848	90.7	0.131	AA/CC	1	0.0517	NA	NA	NA
rs13014613	97.2	0.425	AC/CT	1	0.275	0	4.30173981071762e-09	0.999999989293105
rs961522	101	0.743	AT/CC	1	4.74e-07	0	0.000764222738193887	0.991043147550547
rs986512	104	0.727	AG/CA	1	9.49e-07	0	0.000391467349955454	0.994815027346086
rs4672229	105	0.411	AC/CA	1	0.538	0	2.86575432080568e-09	1
rs968653	126	0.745	AA/CG	1	8.66e-07	0	0.000427530746505347	0.993627598268054
rs10205421	126	0.744	AG/CA	1	8.07e-07	0	0.000457593644735954	0.993200067521549
rs10188070	128	0.749	AA/CG	1	6.8e-07	0	0.000539661939910957	0.992232412205687
rs12620940	140	0.661	AT/CC	1	0.000394	0	1.26574934379938e-06	0.999973199351513
rs1051061	146	0.294	AA/CG	1	0.271	NA	NA	NA
rs2118899	151	0.661	AA/CC	1	0.000297	0	1.64881481812879e-06	0.999970652656712
rs1016771	164	0.293	AT/CC	1	0.315	NA	NA	NA
rs13011711	167	0.292	AA/CG	1	0.191	NA	NA	NA
rs13018289	174	0.455	AT/CC	1	0.0143	0	4.76348477338081e-08	0.999999675713664
rs7558007	179	0.1	AA/CG	1	0.0545	NA	NA	NA
rs2043890	179	0.634	AG/CA	1	0.000241	0	2.00553931251294e-06	0.999969003841894
rs3771213	184	0.279	AG/CA	1	0.531	NA	NA	NA
rs12999901	190	0.277	AG/CA	1	0.305	NA	NA	NA
rs11678320	191	0.282	AG/CA	1	0.331	NA	NA	NA
rs62140014	200	0.262	AT/CC	1	0.183	NA	NA	NA
rs6727746	202	0.299	AC/CT	1	0.0168	NA	NA	NA
rs12713372	206	0.469	AT/CC	1	5.61e-07	0	0.0006496027152295	0.991692750265776
rs12713373	206	0.469	AA/CT	1	7.21e-07	0	0.000510061671125885	0.992742473876813
rs12472026	207	0.303	AG/CA	1	0.271	NA	NA	NA
rs12996679	208	0.294	AC/CT	1	0.409	NA	NA	NA
rs10172212	208	0.583	AA/CC	1	0.000504	0	1.00586749436644e-06	0.999977711234284
rs35248619	208	0.258	AT/CA	1	0.221	NA	NA	NA
rs35844949	209	0.466	AG/CA	1	3.57e-07	1	0.00100462318185604	0.987435618961352
rs57390191	209	0.267	AG/CC	1	0.298	NA	NA	NA
rs848294	211	0.59	AC/CT	1	0.000458	0	1.0997879590367e-06	0.99997670536679
rs848293	211	0.462	AA/CG	1	9.44e-07	0	0.000393463342158242	0.994423559996131
rs7596038	213	0.478	AT/CC	1	2.66e-07	1	0.00133470516341787	0.986430995779496
rs848292	214	0.287	AC/CT	1	0.0203	NA	NA	NA
rs848291	217	0.264	AG/CA	1	0.18	NA	NA	NA
rs848290	218	0.101	AT/CA	1	0.0375	NA	NA	NA
rs848289	220	0.597	AT/CA	1	0.000698	0	7.42842787433288e-07	0.999982847099762
rs848288	222	0.606	AC/CT	1	0.000522	0	9.73497691703544e-07	0.999978684731976
rs848287	223	0.602	AT/CC	1	0.000636	0	8.09950218084232e-07	0.999981360423766
rs848286	223	0.631	AC/CT	1	5.61e-06	0	7.10848890726835e-05	0.997131838459773
rs848285	224	0.597	AG/CT	1	0.000523	0	9.71762813097775e-07	0.999979656494789
rs1100191	225	0.295	AG/CA	1	0.0173	NA	NA	NA
rs1100190	229	0.598	AC/CG	1	0.000415	0	1.20581467708366e-06	0.99997440516619
rs2691672	234	0.302	AG/CA	1	0.0326	NA	NA	NA
rs11687051	235	0.366	AT/CA	1	0.0134	NA	NA	NA
rs848282	237	0.301	AT/CC	1	0.0364	NA	NA	NA
rs848281	238	0.3	AT/CA	1	0.04	NA	NA	NA
rs848280	241	0.291	AC/CT	1	0.0279	NA	NA	NA
rs1100188	245	0.289	AA/CC	1	0.0124	NA	NA	NA
rs848279	248	0.292	AA/CC	1	0.0118	NA	NA	NA
rs848278	250	0.269	AG/CA	1	0.236	NA	NA	NA
rs848284	268	0.291	AT/CA	1	0.0178	NA	NA	NA
rs6709460	273	0.293	AG/CC	1	0.0252	NA	NA	NA
rs72618694	275	0.595	AC/CT	1	0.000786	0	6.65277469367476e-07	0.999984920890537
rs3771221	280	0.591	AA/CT	1	7e-04	0	7.40870178110118e-07	0.999983587969941
rs12477242	282	0.605	AG/CC	1	0.000572	0	8.93978758903557e-07	0.999980550473548
rs76305302	287	0.125	AG/CA	1	0.0541	NA	NA	NA
rs3771224	289	0.614	AT/CC	1	0.000389	0	1.28094545685422e-06	0.999971933602169
rs72618695	291	0.619	AG/CC	1	0.000697	0	7.43833208711098e-07	0.999982104256975
rs72618696	294	0.601	AC/CT	1	0.000783	0	6.67643127160269e-07	0.999984255613068
rs2215961	305	0.196	AG/CC	1	0.00257	NA	NA	NA
rs11686281	307	0.618	AA/CG	1	0.000231	0	2.08689787985884e-06	0.999966998302581
rs6753170	311	0.246	AC/CT	1	0.195	NA	NA	NA
rs10170257	311	0.267	AG/CT	1	0.805	NA	NA	NA
rs11690710	313	0.628	AG/CA	1	7.95e-05	0	5.70030433056166e-06	0.999964911404701
rs13012480	317	0.238	AA/CT	1	0.198	NA	NA	NA
rs11894186	317	0.242	AA/CG	1	0.16	NA	NA	NA
rs56394605	318	0.466	AG/CT	1	1.46e-06	0	0.000258637938570551	0.996772821887381
rs72618697	318	0.464	AC/CT	1	1.41e-06	0	0.000267451229264992	0.99651418394881
rs9789483	321	0.407	AG/CA	1	2.3e-07	1	0.001536009972396	0.985096290616078
rs9789714	321	0.41	AA/CC	1	3.75e-07	1	0.000958043003911018	0.98935417701032
rs7593531	322	0.461	AA/CG	1	9.82e-07	0	0.000378794990143636	0.995584101981891
rs7593369	322	0.404	AT/CC	1	1.82e-07	1	0.00192592889616927	0.983560280643682
rs62141880	323	0.461	AT/CC	1	1.17e-06	0	0.000320029696081936	0.996246732719545
rs59187049	323	0.461	AC/CT	1	9.22e-07	0	0.000402498385917975	0.994030096653972
rs62141882	324	0.461	AT/CC	1	1.09e-06	0	0.000342601041572048	0.995926703023463
rs10490251	327	0.464	AA/CG	1	9.52e-07	0	0.000390279645661593	0.995205306991748
rs7560589	329	0.404	AC/CT	1	1.3e-07	1	0.00266658610404353	0.981634351747513
rs11125746	330	0.228	AA/CG	1	0.156	NA	NA	NA
rs11125747	330	0.23	AG/CC	1	0.187	NA	NA	NA
rs6706369	332	0.192	AG/CT	1	2.94e-05	NA	NA	NA
rs17398913	334	0.445	AT/CC	1	3.89e-07	1	0.000924747802032603	0.990278924812353
rs4349335	335	0.104	AG/CA	1	0.784	NA	NA	NA
rs17049445	339	0.149	AT/CC	1	6.77e-05	NA	NA	NA
rs62141886	364	0.157	AG/CA	1	9.19e-05	NA	NA	NA
rs75662526	389	0.121	AA/CG	1	0.0676	NA	NA	NA
rs62141894	390	0.123	AG/CA	1	0.000531	NA	NA	NA
rs66648267	392	0.117	AA/CG	1	0.000677	NA	NA	NA
rs17049463	394	0.102	AA/CG	1	0.00112	NA	NA	NA
rs17049464	395	0.102	AC/CT	1	0.000942	NA	NA	NA
rs1990583	395	0.115	AT/CG	1	0.000547	NA	NA	NA
rs66778004	397	0.112	AA/CC	1	0.000583	NA	NA	NA
rs72618700	397	0.122	AA/CG	1	0.000649	NA	NA	NA
rs62141913	399	0.122	AA/CG	1	0.000666	NA	NA	NA
rs78367112	399	0.121	AT/CA	1	0.0817	NA	NA	NA
rs67171338	399	0.115	AA/CG	1	0.000679	NA	NA	NA
rs62141914	400	0.115	AT/CC	1	0.000483	NA	NA	NA
rs67435150	402	0.1	AC/CA	1	0.000539	NA	NA	NA
rs9941621	403	0.114	AT/CG	1	0.000439	NA	NA	NA
rs62141916	403	0.1	AC/CT	1	0.00107	NA	NA	NA
rs11125750	407	0.123	AC/CT	1	0.000358	NA	NA	NA
rs6761469	410	0.123	AG/CA	1	0.000446	NA	NA	NA
rs6740516	411	0.12	AG/CC	1	0.000472	NA	NA	NA
rs10195048	415	0.119	AG/CT	1	2.36e-05	NA	NA	NA
rs7577181	418	0.116	AT/CC	1	2.71e-05	NA	NA	NA
rs62141921	419	0.155	AA/CG	1	0.0069	NA	NA	NA
rs2192660	422	0.119	AA/CG	1	1.31e-05	NA	NA	NA
rs977789	434	0.118	AG/CC	1	2.81e-05	NA	NA	NA
rs10176196	443	0.128	AC/CG	1	0.054	NA	NA	NA
rs2098340	445	0.149	AT/CC	1	0.000211	NA	NA	NA
rs4399710	447	0.149	AA/CG	1	0.000245	NA	NA	NA
rs77195527	447	0.121	AT/CA	1	0.0844	NA	NA	NA
rs76045944	447	0.151	AC/CT	1	0.16	NA	NA	NA
rs2192663	462	0.15	AT/CC	1	0.000125	NA	NA	NA
rs7575084	466	0.152	AT/CA	1	0.00012	NA	NA	NA
rs11125754	467	0.152	AC/CA	1	0.000144	NA	NA	NA
rs7340335	468	0.152	AG/CA	1	0.000162	NA	NA	NA
rs4671325	469	0.152	AT/CG	1	0.000193	NA	NA	NA
rs6741076	470	0.154	AG/CA	1	0.000196	NA	NA	NA
rs111546627	470	0.184	AT/CC	1	0.00741	NA	NA	NA
rs4672240	479	0.148	AT/CG	1	0.000153	NA	NA	NA
rs10176211	481	0.148	AG/CA	1	0.000157	NA	NA	NA
rs10179027	481	0.148	AT/CA	1	0.000168	NA	NA	NA
rs62140779	485	0.172	AC/CT	1	4.81e-05	NA	NA	NA
rs2215941	486	0.149	AG/CA	1	0.000148	NA	NA	NA
rs62140780	488	0.171	AT/CC	1	4.77e-05	NA	NA	NA
rs76869793	488	0.173	AG/CA	1	0.00658	NA	NA	NA
rs62140781	492	0.171	AT/CC	1	4.04e-05	NA	NA	NA
rs66485539	492	0.172	AC/CT	1	5.08e-05	NA	NA	NA
rs6759994	493	0.144	AC/CT	1	0.000196	NA	NA	NA
rs59002111	494	0.172	AC/CT	1	5.26e-05	NA	NA	NA
rs6710618	495	0.172	AA/CT	1	6.22e-05	NA	NA	NA
rs6753024	495	0.172	AT/CC	1	6.44e-05	NA	NA	NA
rs57032345	497	0.172	AG/CA	1	5.89e-05	NA	NA	NA
rs7570272	498	0.172	AC/CT	1	5.9e-05	NA	NA	NA
rs10427214	498	0.172	AT/CG	1	6.1e-05	NA	NA	NA
rs17049502	499	0.171	AG/CA	1	5.54e-05	NA	NA	NA
rs980481	500	0.143	AT/CG	1	0.000204	NA	NA	NA
rs2052246	502	0.143	AC/CT	1	0.000316	NA	NA	NA
rs7558092	503	0.168	AA/CC	1	5.57e-05	NA	NA	NA
rs7558293	503	0.141	AA/CC	1	0.000315	NA	NA	NA
rs6725760	504	0.168	AA/CT	1	5.07e-05	NA	NA	NA
rs6714756	505	0.166	AC/CG	1	4.19e-05	NA	NA	NA
rs59856936	509	0.164	AT/CC	1	5.13e-05	NA	NA	NA
rs13416557	509	0.167	AG/CT	1	0.000186	NA	NA	NA
rs2052245	511	0.154	AC/CT	1	2.85e-05	NA	NA	NA
rs7588141	511	0.154	AA/CG	1	3.18e-05	NA	NA	NA
rs28723503	512	0.156	AA/CG	1	3.2e-05	NA	NA	NA
rs62140786	512	0.12	AT/CG	1	1.92e-05	NA	NA	NA
rs17049509	515	0.216	AT/CC	1	5.01e-07	NA	NA	NA
rs7606002	519	0.123	AG/CA	1	2.52e-05	NA	NA	NA
rs7579788	519	0.21	AG/CC	1	1.03e-06	NA	NA	NA
rs6545683	521	0.176	AT/CC	1	9.19e-06	NA	NA	NA
rs6742732	523	0.179	AA/CG	1	1.02e-05	NA	NA	NA
rs17049514	527	0.115	AC/CT	1	0.0014	NA	NA	NA
rs6743916	533	0.214	AA/CG	1	1.07e-06	NA	NA	NA
rs10174892	534	0.176	AC/CT	1	1.54e-05	NA	NA	NA
rs57901007	534	0.124	AT/CC	1	2.12e-05	NA	NA	NA
rs11894830	542	0.122	AT/CC	1	2.64e-05	NA	NA	NA
rs66930669	543	0.126	AG/CA	1	8.94e-05	NA	NA	NA
rs72813942	547	0.126	AG/CC	1	3.42e-05	NA	NA	NA
rs2215939	548	0.186	AT/CA	1	1.8e-05	NA	NA	NA
rs17327530	554	0.115	AT/CA	1	0.00128	NA	NA	NA
rs57795315	555	0.109	AA/CG	1	0.00142	NA	NA	NA
rs2019198	556	0.102	AA/CT	1	3.53e-05	NA	NA	NA
rs76294819	559	0.109	AC/CA	1	0.0019	NA	NA	NA
rs58749016	562	0.122	AC/CT	1	6e-05	NA	NA	NA
rs62140827	567	0.12	AC/CT	1	1.98e-05	NA	NA	NA
rs60703163	568	0.109	AA/CG	1	0.00149	NA	NA	NA
rs13427532	571	0.159	AG/CA	1	2.02e-05	NA	NA	NA
rs35609938	586	0.142	AT/CC	1	0.00121	NA	NA	NA
rs57725878	602	0.117	AG/CA	1	0.00185	NA	NA	NA
rs17049535	606	0.104	AT/CC	1	0.000971	NA	NA	NA
rs17049548	612	0.114	AT/CC	1	2.52e-05	NA	NA	NA
rs17269105	620	0.116	AG/CA	1	0.00178	NA	NA	NA
rs77048907	621	0.104	AC/CG	1	0.00131	NA	NA	NA
rs11891209	637	0.105	AG/CT	1	0.0014	NA	NA	NA
rs17049575	654	0.111	AG/CC	1	0.00308	NA	NA	NA
rs111397300	655	0.113	AT/CC	1	0.00237	NA	NA	NA
rs17049584	657	0.114	AC/CG	1	0.00262	NA	NA	NA
rs17269126	661	0.124	AG/CA	1	0.00344	NA	NA	NA
