SNP	KB	R2	Alleles	F	P	inCredible	probNorm	cumSum
rs17514846	0	1	A	1	3.23e-12	1	0.416153439213086	0.416153439213086
rs34050628	-18	0.12	AC/CT	1	0.0324	NA	NA	NA
rs11853441	-16.3	0.115	AG/CT	1	0.000262	NA	NA	NA
rs12904679	-15.1	0.12	AG/CT	1	0.0367	NA	NA	NA
rs11855381	-13.7	0.149	AG/CA	1	4.33e-05	NA	NA	NA
rs74869799	-13.5	0.13	AG/CA	1	0.0154	NA	NA	NA
rs7171165	-12.9	0.149	AC/CT	1	3.16e-05	NA	NA	NA
rs7166599	-12.9	0.411	AG/CA	1	1.48e-07	0	1.18769603072569e-05	0.999979439624472
rs4932370	-11.8	0.417	AA/CG	1	1.05e-07	0	1.65551562398647e-05	0.999967562664165
rs4932371	-11.8	0.462	AC/CT	1	3.01e-09	0	0.000520930414742646	0.997524211965071
rs7168951	-10.4	0.426	AC/CA	1	8.36e-06	0	2.45069539495824e-07	0.999998424710295
rs7167085	-10.4	0.428	AA/CG	1	8.62e-06	0	2.38000032724702e-07	0.999998662710327
rs4932177	-9.35	0.46	AG/CT	1	7e-10	0	0.0021586764327497	0.997003281550329
rs4932372	-9.28	0.406	AC/CA	1	2.05e-08	0	8.06592925677171e-05	0.999951007507925
rs7497418	-8.56	0.431	AA/CG	1	1.08e-05	0	1.91885471333636e-07	0.999999048193232
rs8029440	-7.04	0.46	AA/CG	1	5.87e-10	0	0.00256321629094228	0.994844605117579
rs3759929	-6.54	0.442	AT/CG	1	1.68e-05	0	1.2589203812723e-07	1
rs4932178	-4.89	0.46	AT/CC	1	3.67e-10	1	0.00405382085848205	0.992281388826637
rs78569252	-0.917	0.132	AG/CC	1	0.322	NA	NA	NA
rs80291522	0.015	0.132	AT/CC	1	0.314	NA	NA	NA
rs1981458	0.055	0.135	AC/CT	1	0.276	NA	NA	NA
rs113579461	0.322	0.132	AT/CG	1	0.274	NA	NA	NA
rs75000622	0.78	0.132	AT/CC	1	0.258	NA	NA	NA
rs8032315	1.75	0.502	AA/CT	1	3.55e-09	0	0.000443618920680744	0.997967830885752
rs8027450	1.84	0.499	AT/CC	1	4.84e-09	0	0.000328089028121859	0.999084047574199
rs4405529	1.99	0.133	AT/CG	1	0.27	NA	NA	NA
rs4526996	2.04	0.133	AG/CA	1	0.274	NA	NA	NA
rs2071410	4.39	0.485	AG/CC	1	3.96e-09	0	0.000398846236860834	0.998366677122613
rs1573643	4.42	0.478	AC/CT	1	1.74e-07	0	1.01563789009415e-05	0.999989596003373
rs1573644	4.73	0.41	AC/CT	1	2.93e-07	0	6.13850250600904e-06	0.999995734505879
rs28402904	5.26	0.133	AT/CC	1	0.312	NA	NA	NA
rs8039305	5.99	0.91	AC/CT	1	4.11e-11	1	0.0344513537630417	0.988227567968155
rs6224	6.99	0.922	AT/CG	1	1.18e-11	1	0.116894357712202	0.533047796925288
rs6226	8.02	0.353	AC/CG	1	1.82e-10	NA	NA	NA
rs6227	8.68	0.488	AT/CC	1	4.06e-09	0	0.000389281423463885	0.998755958546077
rs78192020	10.1	0.135	AC/CG	1	0.291	NA	NA	NA
rs79596457	10.2	0.135	AC/CG	1	0.317	NA	NA	NA
rs35346340	11.3	0.483	AC/CG	1	1.79e-08	0	9.20119069695428e-05	0.999870348215357
rs76642265	11.6	0.136	AG/CA	1	0.348	NA	NA	NA
rs2071382	11.6	0.883	AT/CC	1	1.84e-11	1	0.0756553529860916	0.880081166383768
rs11539637	11.7	0.887	AC/CT	1	1.89e-11	1	0.0736950478213454	0.953776214205113
rs7183988	12	0.887	AT/CG	1	1.63e-11	1	0.0851876303357563	0.722200979225413
rs7177338	12.1	0.88	AG/CA	1	1.69e-11	1	0.082224834172263	0.804425813397676
rs1894400	12.4	0.469	AT/CC	1	1.2e-08	0	0.000135689258876307	0.999778336308388
rs1894401	12.5	0.875	AG/CA	1	1.33e-11	1	0.103965551964368	0.637013348889657
rs7497304	12.6	0.461	AT/CG	1	9.11e-09	0	0.000177356512976262	0.999470789538741
rs4932373	12.7	0.461	AC/CA	1	7.68e-09	0	0.000209385451566017	0.999293433025765
rs2071384	14.1	0.472	AG/CA	1	8.08e-06	0	2.53181090475176e-07	0.99999792912636
rs4932179	14.4	0.475	AG/CA	1	8.17e-06	0	2.50514395125476e-07	0.999998179640755
rs4932374	14.7	0.468	AG/CA	1	5.02e-06	0	3.99216487298991e-07	0.999996915658797
rs4548831	14.9	0.468	AG/CA	1	5.19e-06	0	3.86685868027161e-07	0.999997302344665
rs4533264	15	0.47	AT/CC	1	5.38e-06	0	3.73600604192826e-07	0.99999767594527
rs4932376	16.7	0.459	AC/CG	1	2.49e-06	0	7.81936430829849e-07	0.99999651644231
rs12909124	18.9	0.398	AG/CA	1	5.47e-05	NA	NA	NA
rs11638635	19	0.398	AC/CG	1	4.41e-05	NA	NA	NA
rs2521501	20.8	0.434	AT/CA	1	9.41e-09	0	0.000171857510770526	0.999642647049512
rs8182016	24.4	0.444	AG/CC	1	1.07e-05	0	1.9359743302507e-07	0.99999885630776
rs1029420	24.5	0.34	AC/CT	1	0.00512	NA	NA	NA
rs2677737	24.7	0.442	AC/CT	1	1.2e-05	0	1.73524876552353e-07	0.999999407055326
rs2521500	24.8	0.442	AA/CG	1	1.47e-05	0	1.42981982377722e-07	0.999999874107962
rs2677738	25.1	0.442	AG/CA	1	1.12e-05	0	1.85337217367029e-07	0.999999233530449
rs2677739	25.1	0.442	AG/CT	1	1.26e-05	0	1.65630704005692e-07	0.99999957268603
rs2521499	25.2	0.442	AG/CA	1	1.32e-05	0	1.58439949944337e-07	0.99999973112598
rs2521498	25.6	0.337	AT/CA	1	0.00451	NA	NA	NA
rs10744971	26.5	0.329	AT/CC	1	0.0118	NA	NA	NA
