SNP	KB	R2	Alleles	F	P	inCredible	probNorm	cumSum
rs17611770	0	1	T	1	2.94e-08	1	0.312602880788028	0.312602880788028
rs2877907	-55.2	0.13	TC/AT	1	0.0297	NA	NA	NA
rs78319998	-53.3	0.15	TT/AA	1	0.0349	NA	NA	NA
rs77206020	-50.1	0.126	TA/AT	1	0.0224	NA	NA	NA
rs141934198	-48.7	0.126	TG/AA	1	0.0225	NA	NA	NA
rs72704503	-45.7	0.125	TT/AC	1	0.0532	NA	NA	NA
rs72704507	-42.6	0.268	TA/AG	1	0.000204	NA	NA	NA
rs17662170	-42.5	0.292	TC/AT	1	0.000159	NA	NA	NA
rs1495712	-30.8	0.107	TT/AC	1	0.215	NA	NA	NA
rs1495713	-30.5	0.13	TG/AA	1	0.252	NA	NA	NA
rs1908574	-29.9	0.13	TT/AG	1	0.307	NA	NA	NA
rs7441173	-29.7	0.127	TA/AG	1	0.345	NA	NA	NA
rs59118777	-29.2	0.129	TG/AA	1	0.342	NA	NA	NA
rs13103874	-29.1	0.128	TC/AA	1	0.317	NA	NA	NA
rs10014438	-28.7	0.134	TA/AG	1	0.336	NA	NA	NA
rs10019280	-28.4	0.13	TT/AA	1	0.262	NA	NA	NA
rs2101851	-27.6	0.13	TT/AG	1	0.245	NA	NA	NA
rs7436322	-27.4	0.128	TC/AT	1	0.251	NA	NA	NA
rs13148483	-26.4	0.129	TA/AG	1	0.238	NA	NA	NA
rs10012096	-26	0.133	TT/AC	1	0.225	NA	NA	NA
rs1495714	-13.3	0.119	TC/AA	1	0.16	NA	NA	NA
rs9686024	-11.7	0.553	TG/AA	1	5.73e-05	0	0.000215779677749809	0.999946593717287
rs79924292	-10.7	0.119	TC/AT	1	0.0529	NA	NA	NA
rs6818081	-10.2	0.651	TT/AC	1	1.42e-06	1	0.00737626123435755	0.993456106538627
rs72704531	-8.65	0.551	TT/AA	1	9.36e-07	1	0.0110155427891063	0.975372499237272
rs13102520	-7.66	0.161	TC/AT	1	0.126	NA	NA	NA
rs2877908	-6.37	0.156	TG/AT	1	0.144	NA	NA	NA
rs12507821	-5.89	0.161	TG/AA	1	0.12	NA	NA	NA
rs2333326	-5.84	0.551	TA/AG	1	9.64e-07	1	0.0107073460669979	0.986079845304269
rs72704544	2.24	0.994	TG/AA	1	6.38e-08	1	0.147492553073094	0.620252100879353
rs62334820	4.18	0.938	TT/AC	1	7.6e-08	1	0.124497022007123	0.744749122886476
rs4690419	6.07	0.369	TA/AG	1	0.0369	NA	NA	NA
rs72704546	8.1	0.162	TG/AT	1	0.00193	NA	NA	NA
rs4690421	8.71	0.606	TT/AC	1	0.000252	0	5.34062827131346e-05	1
rs2333321	8.95	0.868	TA/AG	1	8.14e-08	1	0.116490222310605	0.861239345197081
rs1106568	10.3	0.659	TG/AA	1	4.1e-05	0	0.000296364525124599	0.999730814039537
rs2333323	10.7	0.371	TC/AA	1	0.0427	NA	NA	NA
rs12500012	14	0.371	TT/AC	1	0.0297	NA	NA	NA
rs62334821	14	0.811	TA/AG	1	5.86e-08	1	0.160156667018231	0.472759547806259
rs11133120	14.7	0.367	TA/AT	1	0.0368	NA	NA	NA
rs6846161	15.4	0.662	TA/AG	1	2.1e-05	0	0.000559766101444987	0.999434449514413
rs2333324	16.6	0.371	TA/AG	1	0.0226	NA	NA	NA
rs2333325	17.3	0.372	TG/AA	1	0.0276	NA	NA	NA
rs41533650	18.2	0.851	TA/AG	1	2.66e-07	1	0.0370619680915812	0.898301313288662
rs62340585	20.1	0.851	TA/AG	1	2.85e-07	1	0.0346729059256686	0.932974219214331
rs4690647	21.9	0.363	TG/AA	1	0.0418	NA	NA	NA
rs72704551	22.2	0.154	TT/AC	1	0.00225	NA	NA	NA
rs34080115	22.9	0.364	TC/AT	1	0.0388	NA	NA	NA
rs35639760	22.9	0.364	TT/AC	1	0.0408	NA	NA	NA
rs6844913	23.6	0.364	TC/AT	1	0.0409	NA	NA	NA
rs6845325	23.7	0.366	TC/AG	1	0.039	NA	NA	NA
rs7688623	24.3	0.36	TC/AT	1	0.0703	NA	NA	NA
rs62340589	24.8	0.751	TC/AG	1	3.16e-07	1	0.0313827372338343	0.964356956448165
rs72704560	31.3	0.146	TT/AA	1	0.00413	NA	NA	NA
rs7661904	42.6	0.549	TA/AG	1	1.32e-05	0	0.000871329346024641	0.998078024866528
rs62340590	44.1	0.557	TG/AC	1	1.45e-05	0	0.000796658546439526	0.998874683412967
rs7667331	46.7	0.592	TG/AA	1	7.29e-06	0	0.00153628576763321	0.99499239230626
rs7688681	46.8	0.557	TT/AG	1	1.13e-05	0	0.00101063636536626	0.997206695520503
rs36087033	53	0.597	TC/AG	1	9.41e-06	0	0.00120366684887693	0.996196059155137
rs1905832	56.1	0.163	TC/AT	1	0.0643	NA	NA	NA
rs62340604	60.2	0.386	TG/AA	1	0.0011	NA	NA	NA
rs62340606	62.8	0.386	TC/AT	1	0.00136	NA	NA	NA
rs62340607	64.7	0.386	TT/AG	1	0.0015	NA	NA	NA
rs7681853	66	0.374	TC/AT	1	0.00108	NA	NA	NA
rs62340608	66.5	0.351	TT/AA	1	0.00455	NA	NA	NA
rs11935765	66.6	0.244	TT/AC	1	0.0113	NA	NA	NA
rs62340609	67.6	0.381	TT/AC	1	0.00184	NA	NA	NA
rs7675676	67.7	0.244	TA/AG	1	0.012	NA	NA	NA
rs55944017	68	0.381	TT/AC	1	0.00253	NA	NA	NA
rs7677621	68	0.244	TT/AC	1	0.0195	NA	NA	NA
rs6553899	71.2	0.164	TA/AG	1	0.141	NA	NA	NA
rs1471797	73.7	0.138	TC/AT	1	0.364	NA	NA	NA
rs62340611	74.4	0.215	TG/AA	1	0.119	NA	NA	NA
rs6811277	75.1	0.163	TA/AT	1	0.482	NA	NA	NA
rs13138530	76.1	0.243	TG/AA	1	0.0731	NA	NA	NA
rs62340612	76.5	0.1	TA/AG	1	0.665	NA	NA	NA
rs34540823	77.6	0.215	TT/AC	1	0.108	NA	NA	NA
rs901114	80.2	0.245	TA/AG	1	0.0654	NA	NA	NA
rs1078838	80.2	0.161	TT/AA	1	0.469	NA	NA	NA
rs1078837	80.4	0.215	TC/AT	1	0.0901	NA	NA	NA
rs34399390	81.1	0.215	TA/AG	1	0.11	NA	NA	NA
rs34360780	82.1	0.215	TT/AC	1	0.116	NA	NA	NA
rs4690653	82.4	0.105	TT/AC	1	0.963	NA	NA	NA
rs62340615	83.3	0.215	TC/AT	1	0.113	NA	NA	NA
rs13111443	83.8	0.215	TC/AT	1	0.111	NA	NA	NA
rs13129726	83.8	0.215	TC/AG	1	0.111	NA	NA	NA
rs4536875	84.6	0.105	TG/AA	1	0.81	NA	NA	NA
rs997779	85	0.215	TC/AA	1	0.112	NA	NA	NA
rs998297	85.2	0.215	TT/AG	1	0.112	NA	NA	NA
rs62340616	85.7	0.215	TT/AC	1	0.112	NA	NA	NA
rs62340618	88.4	0.215	TA/AT	1	0.108	NA	NA	NA
rs13127146	88.7	0.215	TT/AG	1	0.106	NA	NA	NA
rs13127568	88.9	0.215	TA/AG	1	0.105	NA	NA	NA
rs34987806	89.6	0.212	TG/AA	1	0.122	NA	NA	NA
rs62340637	90.4	0.212	TT/AA	1	0.185	NA	NA	NA
rs1021226	90.6	0.104	TC/AA	1	0.901	NA	NA	NA
rs56288639	90.6	0.212	TG/AA	1	0.179	NA	NA	NA
rs12650745	91.4	0.14	TC/AA	1	0.0746	NA	NA	NA
rs35592090	92	0.219	TT/AC	1	0.407	NA	NA	NA
rs6553901	94.2	0.19	TA/AG	1	0.52	NA	NA	NA
rs2333388	94.2	0.19	TC/AT	1	0.58	NA	NA	NA
rs11728627	94.6	0.166	TA/AC	1	0.321	NA	NA	NA
rs11133122	95.2	0.192	TG/AA	1	0.632	NA	NA	NA
rs17612423	95.3	0.189	TC/AT	1	0.776	NA	NA	NA
rs34107438	95.4	0.189	TT/AC	1	0.887	NA	NA	NA
rs62340641	97.5	0.183	TG/AA	1	0.637	NA	NA	NA
rs61083878	105	0.115	TG/AA	1	0.0061	NA	NA	NA
rs13111629	106	0.171	TA/AC	1	0.209	NA	NA	NA
rs6823563	106	0.117	TC/AT	1	0.00485	NA	NA	NA
rs35848158	107	0.173	TT/AA	1	0.195	NA	NA	NA
rs6829012	107	0.141	TC/AT	1	0.00695	NA	NA	NA
rs4690423	115	0.112	TA/AT	1	0.162	NA	NA	NA
rs12500840	116	0.123	TA/AG	1	0.243	NA	NA	NA
rs17062431	119	0.124	TC/AT	1	0.125	NA	NA	NA
rs17669562	119	0.18	TG/AA	1	0.93	NA	NA	NA
rs6553903	120	0.116	TA/AG	1	0.113	NA	NA	NA
rs2011563	121	0.13	TG/AA	1	0.709	NA	NA	NA
rs973732	121	0.112	TG/AT	1	0.112	NA	NA	NA
