SNP	KB	R2	Alleles	F	P	inCredible	probNorm	cumSum
rs2148184	0	1	C	1	2.17e-11	1	0.250164897942629	0.250164897942629
rs1419252	-89.6	0.104	CA/TG	1	0.00673	NA	NA	NA
rs2799573	-79	0.204	CC/TT	1	0.00479	NA	NA	NA
rs2489213	-76.6	0.15	CA/TG	1	0.0243	NA	NA	NA
rs10828479	-75	0.115	CA/TG	1	0.00912	NA	NA	NA
rs1969897	-72.5	0.13	CT/TC	1	0.0149	NA	NA	NA
rs7093791	-57.5	0.328	CA/TG	1	5.54e-05	NA	NA	NA
rs7083127	-49.5	0.329	CA/TG	1	8.77e-05	NA	NA	NA
rs2489196	-43.3	0.112	CT/TC	1	0.311	NA	NA	NA
rs1290126	-41.5	0.143	CT/TC	1	0.014	NA	NA	NA
rs1277840	-39.1	0.124	CT/TC	1	0.0116	NA	NA	NA
rs1277841	-38.9	0.129	CA/TC	1	0.00497	NA	NA	NA
rs10764437	-32.5	0.133	CA/TG	1	0.00398	NA	NA	NA
rs7080181	-32.4	0.118	CA/TG	1	0.0046	NA	NA	NA
rs7921548	-31.6	0.144	CG/TT	1	0.0062	NA	NA	NA
rs10764440	-31.3	0.127	CG/TA	1	0.124	NA	NA	NA
rs6482356	-29.1	0.112	CC/TG	1	0.214	NA	NA	NA
rs2148186	-28.6	0.112	CT/TA	1	0.2	NA	NA	NA
rs2148185	-28.4	0.112	CG/TA	1	0.167	NA	NA	NA
rs7919809	-28	0.115	CC/TG	1	0.0763	NA	NA	NA
rs7898858	-27.1	0.112	CA/TC	1	0.183	NA	NA	NA
rs7923885	-26.1	0.13	CG/TA	1	0.289	NA	NA	NA
rs1325994	-23.4	0.115	CG/TA	1	0.813	NA	NA	NA
rs7072277	-22.3	0.109	CA/TG	1	0.839	NA	NA	NA
rs7072399	-22.2	0.108	CA/TG	1	0.718	NA	NA	NA
rs10828598	-21.4	0.123	CT/TC	1	0.0531	NA	NA	NA
rs10741039	-21.1	0.125	CC/TA	1	0.341	NA	NA	NA
rs10741041	-19.2	0.124	CT/TC	1	0.0616	NA	NA	NA
rs1325993	-18.2	0.124	CG/TA	1	0.0567	NA	NA	NA
rs6482368	-17.6	0.125	CA/TG	1	0.0601	NA	NA	NA
rs7913836	-13.9	0.12	CT/TC	1	0.0592	NA	NA	NA
rs2031570	-13.4	0.121	CC/TG	1	0.0581	NA	NA	NA
rs7908876	-12.3	0.143	CC/TT	1	0.0322	NA	NA	NA
rs1409207	-8.67	0.135	CA/TG	1	0.0172	NA	NA	NA
rs4748458	-6.74	0.111	CC/TT	1	0.136	NA	NA	NA
rs7090503	-6.32	0.124	CT/TA	1	0.0465	NA	NA	NA
rs7078741	-5.82	0.116	CG/TT	1	0.029	NA	NA	NA
rs10764459	-0.293	0.232	CG/TA	1	0.0106	NA	NA	NA
rs10828623	-0.028	0.681	CT/TC	1	4.82e-07	0	1.47559252619254e-05	0.999981300015057
rs10828625	1.58	0.23	CC/TA	1	0.0108	NA	NA	NA
rs4748459	4.07	0.236	CA/TG	1	0.0063	NA	NA	NA
rs1570939	4.93	0.204	CA/TG	1	0.0322	NA	NA	NA
rs6482385	7.92	0.138	CC/TT	1	0.27	NA	NA	NA
rs3750592	10.1	0.131	CG/TA	1	0.000196	NA	NA	NA
rs4293031	14.7	0.13	CA/TG	1	0.000189	NA	NA	NA
rs7477742	14.8	0.124	CG/TA	1	0.000197	NA	NA	NA
rs11014092	15.1	0.123	CC/TT	1	0.000202	NA	NA	NA
rs10828653	15.3	0.738	CT/TC	1	4.47e-08	0	0.000147140239131293	0.999290932342763
rs7084123	17.4	0.744	CC/TT	1	7.72e-08	0	8.66530174708969e-05	0.999377585360234
rs183033527	18.8	0.136	CG/TA	1	0.928	NA	NA	NA
rs7070430	19.7	0.344	CA/TC	1	0.000108	NA	NA	NA
rs17690724	20.8	0.804	CT/TC	1	7.05e-10	1	0.00833112555925198	0.880495220312607
rs11014125	20.9	0.333	CC/TG	1	0.000132	NA	NA	NA
rs10734052	21.9	0.796	CG/TA	1	7.33e-10	1	0.00802052978549586	0.888515750098103
rs10828662	22.1	0.134	CC/TT	1	0.0123	NA	NA	NA
rs997264	22.9	0.806	CC/TA	1	6.06e-10	1	0.00965646379820203	0.863279264842835
rs6482397	23.7	0.836	CC/TT	1	2.09e-10	1	0.0273016786826284	0.565940869357313
rs982003	26.3	0.385	CC/TT	1	9.96e-06	NA	NA	NA
rs1325990	26.4	0.133	CA/TG	1	0.294	NA	NA	NA
rs6482406	27	0.844	CT/TG	1	2.45e-10	1	0.0233760457142221	0.714941504535359
rs7908861	28.6	0.133	CA/TT	1	0.27	NA	NA	NA
rs7912753	28.6	0.836	CT/TC	1	1.68e-10	1	0.0337943825153467	0.359081832534542
rs983048	29.7	0.836	CT/TC	1	2.49e-10	1	0.0230092059974533	0.737950710532812
rs10828679	30.3	0.796	CG/TA	1	4.62e-10	1	0.0125835999734765	0.812312821621978
rs4748463	31.3	0.117	CG/TA	1	0.32	NA	NA	NA
rs4748464	31.3	0.804	CC/TA	1	6.01e-10	1	0.00973484150617745	0.843919464794518
rs4747345	31.4	0.116	CT/TC	1	0.284	NA	NA	NA
rs4748465	31.4	0.804	CG/TA	1	5.94e-10	1	0.00984676117197177	0.834184623288341
rs7074010	32.6	0.141	CT/TA	1	0.257	NA	NA	NA
rs11014185	33.4	0.836	CT/TA	1	4.19e-10	1	0.0138426013747284	0.786956703426665
rs11014186	33.5	0.844	CA/TT	1	4.55e-10	1	0.0127725182218368	0.799729221648502
rs1575836	33.7	0.804	CG/TT	1	8.46e-10	1	0.00697377975157241	0.902687454219753
rs6415973	34.2	0.804	CC/TT	1	1.05e-09	1	0.00564907172685377	0.944928527298755
rs6415974	34.3	0.804	CT/TC	1	1.02e-09	1	0.00581102091257347	0.933577426667701
rs6482408	34.6	0.804	CA/TG	1	1.04e-09	1	0.00570202890420024	0.939279455571901
rs6482409	34.6	0.804	CC/TT	1	1.07e-09	1	0.00554609229332578	0.956020711885406
rs6482410	34.6	0.804	CA/TG	1	1.16e-09	1	0.00512613742060906	0.977358548512849
rs192204152	34.8	0.1	CG/TA	1	0.554	NA	NA	NA
rs6482411	35	0.804	CG/TA	1	1.23e-09	1	0.00484152129473382	0.996921903650071
rs10741058	35.2	0.796	CT/TC	1	1.22e-09	1	0.00488020460244304	0.987238861060604
rs10764483	35.4	0.804	CA/TG	1	1.23e-09	0	0.00484152129473382	0.992080382355337
rs2209590	36.7	0.796	CA/TG	1	9.26e-10	1	0.00638554923942495	0.909073003459178
rs2209589	36.9	0.796	CT/TC	1	1.19e-09	1	0.00500010794531148	0.982358656458161
rs2209588	36.9	0.788	CA/TT	1	9.79e-10	1	0.0060482061134444	0.927766405755127
rs2209587	36.9	0.788	CT/TC	1	9.29e-10	1	0.00636543894509065	0.915438442404268
rs58561149	37	0.796	CA/TT	1	1.07e-09	1	0.00554609229332578	0.950474619592081
rs4145903	37.1	0.225	CT/TC	1	0.00313	NA	NA	NA
rs11014196	37.2	0.796	CA/TG	1	1.08e-09	1	0.00549601609837143	0.967062820277104
rs6482412	38.1	0.744	CA/TG	1	4.34e-09	0	0.00141777182771772	0.998339675477789
rs10741059	39.9	0.836	CG/TA	1	1.98e-10	1	0.0287824813690526	0.481496753220185
rs10734054	40.1	0.836	CA/TG	1	2.74e-10	1	0.0209566023848616	0.758907312917674
rs10741060	40.1	0.836	CG/TA	1	2.45e-10	1	0.0233760457142221	0.691565458821137
rs10741061	40.2	0.836	CA/TG	1	2.27e-10	1	0.0251849367567594	0.644142064431272
rs10734056	41	0.836	CG/TA	1	2.11e-10	1	0.027048851521957	0.59298972087927
rs1926026	44.7	0.668	CG/TA	1	1.99e-10	1	0.0286411737383231	0.510137926958508
rs7095057	45	0.668	CT/TC	1	1.8e-10	1	0.0315913593996121	0.422436975898748
rs7071123	45.3	0.698	CG/TT	1	7.42e-11	1	0.0751225520765666	0.325287450019195
rs6482437	45.4	0.66	CA/TC	1	2.2e-10	1	0.0259674067952423	0.618957127674513
rs10764493	47	0.628	CG/TA	1	2.38e-10	1	0.0240473486756426	0.668189413106915
rs7081068	50.1	0.189	CT/TA	1	0.000946	NA	NA	NA
rs7099509	51.1	0.158	CA/TG	1	0.000299	NA	NA	NA
rs7090956	52.3	0.156	CA/TG	1	0.000272	NA	NA	NA
rs4748466	52.3	0.614	CG/TA	1	9.42e-10	1	0.00627975723741485	0.921718199641683
rs7091299	52.6	0.139	CA/TT	1	9.14e-05	NA	NA	NA
rs4748467	52.7	0.608	CG/TA	1	1.15e-09	1	0.00516959081513635	0.97223241109224
rs11014256	54	0.139	CT/TA	1	7.21e-05	NA	NA	NA
rs10828704	54	0.138	CG/TC	1	8.05e-05	NA	NA	NA
rs11014261	55	0.149	CC/TT	1	4.2e-05	NA	NA	NA
rs1325989	59.9	0.706	CG/TC	1	1.88e-10	1	0.0302772959523842	0.452714271851132
rs4748468	61.3	0.668	CA/TG	1	4.08e-10	1	0.0142067891342625	0.773114102051936
rs912983	62.5	0.668	CT/TC	1	8.19e-10	1	0.00719792437007697	0.89571367446818
rs11014302	62.9	0.141	CG/TA	1	0.000179	NA	NA	NA
rs12774837	63	0.668	CT/TC	1	1.07e-09	1	0.00554609229332578	0.961566804178732
rs7923938	63.8	0.698	CC/TT	1	2e-10	1	0.0285012637161769	0.538639190674685
rs10828726	64	0.152	CG/TA	1	9.9e-05	NA	NA	NA
rs7893279	64.1	0.706	CG/TT	1	1.79e-10	1	0.0317637839645943	0.390845616499136
rs11014317	64.6	0.141	CG/TC	1	0.000135	NA	NA	NA
rs10741073	66	0.149	CC/TA	1	8.96e-05	NA	NA	NA
rs1998820	70.1	0.668	CA/TT	1	4.84e-10	1	0.0120250404943907	0.824337862116369
rs1998821	70.3	0.668	CA/TG	1	6.03e-10	1	0.00970333625011489	0.853622801044633
rs12784686	70.9	0.668	CC/TT	1	6.6e-10	1	0.00888482991052056	0.872164094753355
rs1998822	74.7	0.2	CG/TA	1	2.89e-05	NA	NA	NA
rs11596252	75	0.415	CG/TA	1	1.17e-08	0	0.000540457404844703	0.998880132882634
rs12777225	76.3	0.421	CT/TA	1	2.45e-08	0	0.000263659220998098	0.999143792103632
rs11595529	78.1	0.378	CA/TG	1	3.14e-07	NA	NA	NA
rs28437427	78.5	0.249	CG/TC	1	0.000464	NA	NA	NA
rs12767311	78.6	0.408	CT/TA	1	1.27e-07	0	5.35207509712785e-05	0.999693915519327
rs11598027	79.7	0.378	CT/TC	1	1.82e-07	NA	NA	NA
rs143967773	80.4	0.378	CA/TG	1	3.68e-07	NA	NA	NA
rs34372664	80.5	0.374	CG/TA	1	2.9e-07	NA	NA	NA
rs71497246	82.2	0.366	CT/TC	1	2.1e-07	NA	NA	NA
rs71497247	82.4	0.431	CG/TC	1	9.88e-08	0	6.82415868330468e-05	0.999519022701861
rs71497248	82.4	0.366	CT/TC	1	3.27e-07	NA	NA	NA
rs1409202	82.7	0.37	CA/TC	1	3.27e-07	NA	NA	NA
rs1409203	82.7	0.37	CT/TC	1	3.52e-07	NA	NA	NA
rs1409204	82.9	0.37	CT/TC	1	3.39e-07	NA	NA	NA
rs12766343	82.9	0.374	CT/TC	1	4.03e-07	NA	NA	NA
rs35482639	83.6	0.431	CC/TA	1	1.66e-07	0	4.13079956256599e-05	0.99986823822068
rs4424572	83.9	0.297	CA/TG	1	7.53e-06	NA	NA	NA
rs71497249	84.4	0.374	CC/TG	1	6.01e-07	NA	NA	NA
rs71497250	84.5	0.374	CA/TG	1	8.94e-07	NA	NA	NA
rs36043776	84.5	0.366	CA/TG	1	8.03e-07	NA	NA	NA
rs11599318	85.2	0.374	CT/TA	1	7.06e-07	NA	NA	NA
rs2148182	86.6	0.315	CA/TG	1	3.93e-06	NA	NA	NA
rs2182345	86.6	0.404	CG/TA	1	3.24e-07	0	2.16482111074258e-05	0.999926892276889
rs1113372	86.9	0.404	CT/TG	1	3.61e-07	0	1.95024779873664e-05	0.999966544089795
rs3905378	86.9	0.374	CA/TG	1	6.66e-07	NA	NA	NA
rs4748471	87.4	0.47	CC/TT	1	9.19e-08	0	7.31957547943529e-05	0.999450781115028
rs11592092	88.9	0.47	CT/TC	1	1.02e-07	0	6.6168252334312e-05	0.999585190954196
rs11592112	89.1	0.404	CG/TC	1	1.86e-07	0	3.70058451018773e-05	0.999905244065782
rs7096526	90	0.391	CT/TC	1	2.55e-07	NA	NA	NA
rs139142287	91.5	0.215	CT/TC	1	0.000511	NA	NA	NA
rs7077250	93.1	0.47	CT/TC	1	1.45e-07	0	4.70802350324801e-05	0.99974099575436
rs7097430	94.3	0.47	CG/TA	1	1.23e-07	0	5.52038141601668e-05	0.999640394768356
rs7893853	95.3	0.457	CT/TA	1	1.64e-07	0	4.17949885751041e-05	0.999826930225054
rs148748523	96	0.443	CC/TG	1	1.55e-07	0	4.41394821195797e-05	0.999785135236479
rs117482742	101	0.342	CG/TA	1	0.000311	NA	NA	NA
rs35255141	102	0.434	CT/TG	1	3.49e-07	0	2.01493349188479e-05	0.999947041611808
rs12416030	108	0.32	CC/TT	1	8.41e-07	NA	NA	NA
rs10741083	110	0.106	CC/TT	1	0.18	NA	NA	NA
rs10741088	115	0.113	CA/TG	1	0.15	NA	NA	NA
rs10741090	115	0.117	CT/TC	1	0.134	NA	NA	NA
rs4402184	116	0.115	CT/TC	1	0.182	NA	NA	NA
rs4748477	117	0.113	CC/TT	1	0.222	NA	NA	NA
rs4748478	118	0.116	CA/TG	1	0.16	NA	NA	NA
rs12764916	118	0.118	CT/TC	1	0.12	NA	NA	NA
rs12772058	119	0.37	CT/TC	1	4.37e-06	NA	NA	NA
rs7898513	120	0.241	CC/TT	1	1.18e-08	NA	NA	NA
rs12777508	122	0.555	CA/TT	1	8.7e-07	0	8.35212890045974e-06	0.999989652143958
rs12784387	124	0.25	CC/TT	1	2.18e-09	NA	NA	NA
rs10508562	125	0.351	CA/TG	1	9.62e-07	NA	NA	NA
rs10508563	132	0.351	CA/TC	1	3.2e-06	NA	NA	NA
rs4748481	135	0.244	CT/TC	1	5.07e-09	NA	NA	NA
rs4748482	135	0.244	CC/TT	1	4.01e-09	NA	NA	NA
rs4314963	136	0.351	CT/TC	1	2.49e-06	NA	NA	NA
rs56386348	139	0.347	CT/TC	1	9.76e-07	NA	NA	NA
rs12764398	140	0.347	CT/TC	1	2.08e-06	NA	NA	NA
rs12774593	140	0.347	CA/TG	1	2.06e-06	NA	NA	NA
rs12779641	140	0.376	CG/TA	1	7.01e-07	NA	NA	NA
rs6482515	147	0.126	CT/TC	1	0.0409	NA	NA	NA
rs2228645	147	0.359	CT/TC	1	1.94e-06	NA	NA	NA
rs12764334	153	0.356	CA/TC	1	2.82e-06	NA	NA	NA
rs7097001	159	0.1	CT/TA	1	0.000336	NA	NA	NA
rs12775446	159	0.123	CC/TG	1	0.0689	NA	NA	NA
rs12767546	160	0.123	CA/TT	1	0.0667	NA	NA	NA
rs111068265	163	0.356	CC/TT	1	3.6e-06	NA	NA	NA
rs62648411	163	0.356	CT/TA	1	3.63e-06	NA	NA	NA
rs28970736	168	0.359	CA/TG	1	5.26e-06	NA	NA	NA
rs62648429	172	0.359	CG/TA	1	6.03e-06	NA	NA	NA
rs111068279	173	0.359	CG/TC	1	4.54e-06	NA	NA	NA
rs111068281	174	0.359	CT/TC	1	8.97e-06	NA	NA	NA
rs62648439	174	0.356	CC/TT	1	1.39e-05	NA	NA	NA
rs62648441	176	0.362	CT/TC	1	7.32e-06	NA	NA	NA
rs61722434	177	0.366	CA/TC	1	7.28e-06	NA	NA	NA
rs4747355	177	0.366	CC/TT	1	1.41e-05	NA	NA	NA
rs4748487	177	0.366	CA/TG	1	1.3e-05	NA	NA	NA
rs62648447	179	0.259	CT/TA	1	7.92e-09	NA	NA	NA
rs62648448	179	0.396	CG/TC	1	1.24e-06	NA	NA	NA
rs4748490	183	0.362	CT/TC	1	5.05e-06	NA	NA	NA
rs11511084	184	0.261	CA/TG	1	7.43e-09	NA	NA	NA
rs11014981	187	0.259	CT/TG	1	1.37e-08	NA	NA	NA
rs7919487	188	0.362	CG/TT	1	9.26e-06	NA	NA	NA
rs12775419	190	0.429	CA/TG	1	3.19e-05	0	2.65784626785017e-07	1
rs12770851	192	0.359	CA/TG	1	6.71e-06	NA	NA	NA
rs12766314	192	0.359	CA/TC	1	5.45e-06	NA	NA	NA
rs12772522	194	0.359	CA/TG	1	6.7e-06	NA	NA	NA
rs4445544	195	0.25	CA/TC	1	8.08e-09	NA	NA	NA
rs7905365	195	0.351	CA/TG	1	5.42e-06	NA	NA	NA
rs7085318	196	0.351	CA/TG	1	7.13e-06	NA	NA	NA
rs11593617	197	0.359	CT/TC	1	7.46e-06	NA	NA	NA
rs11815228	199	0.353	CA/TC	1	8.72e-06	NA	NA	NA
rs7904016	199	0.359	CT/TC	1	7.56e-06	NA	NA	NA
rs7907891	200	0.359	CA/TC	1	8.51e-06	NA	NA	NA
rs12779694	202	0.359	CA/TG	1	9.07e-06	NA	NA	NA
rs7071300	203	0.356	CC/TT	1	8.85e-06	NA	NA	NA
rs7074644	203	0.356	CC/TT	1	9.02e-06	NA	NA	NA
rs7075135	203	0.359	CC/TT	1	7.4e-06	NA	NA	NA
rs7093454	206	0.366	CT/TA	1	1.28e-05	NA	NA	NA
rs7086757	206	0.366	CG/TC	1	9.01e-06	NA	NA	NA
rs12765238	206	0.366	CT/TC	1	9.14e-06	NA	NA	NA
rs12773254	210	0.4	CC/TG	1	2.16e-06	NA	NA	NA
rs34237250	211	0.366	CA/TG	1	1.04e-05	NA	NA	NA
rs7920997	211	0.108	CC/TG	1	0.774	NA	NA	NA
rs12772009	216	0.359	CA/TG	1	7.55e-06	NA	NA	NA
rs11812341	216	0.359	CC/TT	1	9.52e-06	NA	NA	NA
rs11597110	217	0.393	CC/TG	1	1.76e-06	NA	NA	NA
rs7909814	218	0.359	CT/TC	1	6.79e-06	NA	NA	NA
rs12778992	219	0.359	CT/TA	1	9.33e-06	NA	NA	NA
rs12785031	219	0.359	CC/TT	1	9.8e-06	NA	NA	NA
rs1880681	220	0.389	CA/TG	1	1.5e-06	NA	NA	NA
rs45611834	224	0.1	CC/TT	1	0.109	NA	NA	NA
rs7923480	225	0.359	CC/TT	1	8.47e-06	NA	NA	NA
rs61840848	225	0.253	CA/TG	1	6.04e-05	NA	NA	NA
rs4748496	226	0.359	CC/TT	1	8.14e-06	NA	NA	NA
rs4748497	226	0.359	CC/TT	1	8.15e-06	NA	NA	NA
rs4748498	226	0.359	CA/TG	1	6.78e-06	NA	NA	NA
rs12767923	227	0.359	CA/TG	1	3.7e-06	NA	NA	NA
rs79322364	228	0.1	CT/TA	1	0.107	NA	NA	NA
rs12781208	229	0.35	CG/TA	1	8.23e-06	NA	NA	NA
rs4748499	229	0.359	CG/TA	1	7.88e-06	NA	NA	NA
rs12769425	230	0.359	CC/TA	1	7.81e-06	NA	NA	NA
rs7089083	231	0.356	CT/TC	1	6.83e-06	NA	NA	NA
rs7099423	232	0.359	CG/TA	1	6.38e-06	NA	NA	NA
rs12778035	232	0.359	CC/TG	1	7.6e-06	NA	NA	NA
rs7904949	232	0.35	CA/TG	1	3.54e-05	NA	NA	NA
rs12784986	234	0.347	CC/TA	1	2.86e-05	NA	NA	NA
rs55927700	235	0.347	CT/TC	1	2.92e-05	NA	NA	NA
rs61663155	235	0.353	CT/TC	1	2.62e-05	NA	NA	NA
rs4573590	236	0.347	CA/TG	1	3.42e-05	NA	NA	NA
rs4575162	237	0.347	CA/TG	1	3.43e-05	NA	NA	NA
rs4468242	242	0.35	CA/TC	1	3.56e-05	NA	NA	NA
rs4237349	242	0.347	CG/TA	1	2.76e-05	NA	NA	NA
rs34359432	244	0.35	CT/TC	1	2.78e-05	NA	NA	NA
rs12774519	245	0.35	CG/TC	1	2.77e-05	NA	NA	NA
rs12764299	247	0.48	CT/TC	1	2.7e-06	0	2.81158788577273e-06	0.999992463731844
rs12762481	248	0.347	CG/TA	1	2.69e-05	NA	NA	NA
rs12768464	249	0.48	CC/TA	1	2.83e-06	0	2.6875326778365e-06	0.999995151264522
rs7897159	251	0.347	CT/TC	1	1.22e-05	NA	NA	NA
rs12768372	253	0.424	CA/TG	1	4.23e-06	0	1.82799692510658e-06	0.999999171244188
rs2171922	255	0.347	CA/TC	1	1.75e-05	NA	NA	NA
rs3740104	257	0.33	CG/TT	1	2.1e-05	NA	NA	NA
rs12780652	261	0.347	CA/TG	1	2.29e-05	NA	NA	NA
rs12780826	264	0.48	CA/TT	1	3.5e-06	0	2.19198274161504e-06	0.999997343247263
rs61842187	264	0.347	CC/TG	1	2.85e-05	NA	NA	NA
rs2130531	266	0.347	CA/TG	1	3.18e-05	NA	NA	NA
rs11015435	267	0.347	CG/TA	1	3.25e-05	NA	NA	NA
rs12762752	270	0.347	CC/TG	1	2.72e-05	NA	NA	NA
rs11597737	278	0.339	CC/TA	1	2.64e-05	NA	NA	NA
rs7072624	279	0.321	CG/TA	1	1.43e-05	NA	NA	NA
rs7072963	279	0.326	CC/TA	1	2.41e-05	NA	NA	NA
rs12784555	280	0.353	CT/TC	1	1.42e-05	NA	NA	NA
rs12784711	280	0.353	CT/TC	1	1.76e-05	NA	NA	NA
rs7096923	281	0.326	CA/TG	1	3.22e-05	NA	NA	NA
rs11812501	283	0.323	CG/TA	1	3.54e-05	NA	NA	NA
rs12767046	283	0.403	CT/TG	1	1.45e-05	0	5.62971185018116e-07	0.999999734215373
rs4310518	284	0.326	CG/TT	1	5.18e-05	NA	NA	NA
rs12098599	285	0.323	CT/TG	1	3.08e-05	NA	NA	NA
rs12765026	286	0.323	CT/TC	1	3.25e-05	NA	NA	NA
rs12779018	288	0.357	CT/TC	1	8.43e-06	NA	NA	NA
rs11540309	289	0.326	CG/TA	1	7.04e-05	NA	NA	NA
rs12782882	289	0.326	CC/TT	1	6.69e-05	NA	NA	NA
rs1027193	290	0.323	CG/TA	1	4.05e-05	NA	NA	NA
rs7896918	291	0.105	CA/TC	1	0.0237	NA	NA	NA
rs7922005	292	0.105	CC/TG	1	0.0294	NA	NA	NA
rs12266596	310	0.223	CG/TA	1	2.04e-05	NA	NA	NA
rs35818823	315	0.296	CT/TC	1	0.000148	NA	NA	NA
