SNP	KB	R2	Alleles	F	P	inCredible	probNorm	cumSum
rs2239647	0	1	A	1	1.57e-08	1	0.191122633239091	0.191122633239091
rs2383377	-34.8	0.176	AA/CG	1	1.54e-06	NA	NA	NA
rs56812253	-34.5	0.135	AT/CC	1	0.00252	NA	NA	NA
rs73256948	-29.5	0.116	AA/CG	1	0.0118	NA	NA	NA
rs7161309	-26.9	0.119	AA/CG	1	0.965	NA	NA	NA
rs60535335	-26	0.174	AC/CA	1	1.35e-05	NA	NA	NA
rs58848866	-25.9	0.117	AA/CG	1	0.0118	NA	NA	NA
rs12889394	-25.1	0.41	AC/CT	1	0.0277	0	2.47002501508361e-07	0.999999073885834
rs2223905	-24.6	0.41	AA/CG	1	0.0322	0	2.17019177389193e-07	0.9999995151095
rs77655237	-23.6	0.171	AG/CA	1	1.12e-05	NA	NA	NA
rs8004568	-23	0.23	AT/CC	1	0.808	NA	NA	NA
rs8004880	-23	0.116	AG/CT	1	0.0232	NA	NA	NA
rs8005039	-23	0.232	AA/CG	1	0.631	NA	NA	NA
rs8006227	-22.8	0.2	AT/CC	1	1.99e-05	NA	NA	NA
rs8006237	-22.8	0.117	AG/CT	1	0.811	NA	NA	NA
rs73256983	-22.2	0.116	AT/CG	1	0.0168	NA	NA	NA
rs2300849	-21.8	0.116	AG/CT	1	0.932	NA	NA	NA
rs2300850	-21.3	0.116	AA/CG	1	0.00785	NA	NA	NA
rs2300851	-21.1	0.116	AA/CG	1	0.00927	NA	NA	NA
rs1997897	-20.8	0.2	AT/CC	1	7.21e-06	NA	NA	NA
rs1997898	-20.8	0.199	AA/CC	1	7.17e-06	NA	NA	NA
rs1997900	-20.6	0.116	AG/CA	1	0.00861	NA	NA	NA
rs2300854	-20.1	0.116	AT/CG	1	0.00954	NA	NA	NA
rs2143973	-19.8	0.199	AA/CG	1	8.51e-06	NA	NA	NA
rs10148694	-19.2	0.302	AC/CT	1	0.0178	NA	NA	NA
rs12892780	-18.8	0.412	AG/CC	1	0.053	0	1.42314115976075e-07	0.999999657423616
rs12897455	-18.6	0.41	AA/CG	1	0.0577	0	1.32584841988658e-07	0.999999790008458
rs12897884	-18.3	0.41	AA/CG	1	0.0657	0	1.19072540497314e-07	0.999999909080999
rs7146994	-17.2	0.133	AA/CT	1	0.827	NA	NA	NA
rs7147339	-17.1	0.133	AC/CT	1	0.821	NA	NA	NA
rs12889349	-16.7	0.135	AC/CT	1	0.824	NA	NA	NA
rs1955476	-15.9	0.13	AG/CA	1	0.968	NA	NA	NA
rs1955477	-15.8	0.13	AG/CC	1	0.953	NA	NA	NA
rs2300855	-15.3	0.133	AT/CG	1	0.872	NA	NA	NA
rs2300857	-15.1	0.133	AG/CT	1	0.856	NA	NA	NA
rs7159018	-14.9	0.128	AT/CG	1	0.833	NA	NA	NA
rs12885221	-13.7	0.412	AC/CG	1	0.0139	0	4.51004385937128e-07	0.999998826883333
rs11626702	-13.5	0.412	AG/CC	1	0.031	0	2.24204488902459e-07	0.999999298090323
rs12589644	-12.9	0.127	AA/CG	1	0.886	NA	NA	NA
rs4981163	-12.8	0.126	AA/CG	1	0.33	NA	NA	NA
rs12587939	-12.8	0.121	AA/CG	1	0.00644	NA	NA	NA
rs12433786	-12.4	0.173	AG/CA	1	0.825	NA	NA	NA
rs10138307	-12.3	0.173	AG/CA	1	0.693	NA	NA	NA
rs1950213	-12.1	0.13	AT/CC	1	0.277	NA	NA	NA
rs61981393	-11.4	0.197	AA/CG	1	1.09e-05	NA	NA	NA
rs1955478	-11.1	0.203	AA/CG	1	1.56e-06	NA	NA	NA
rs10133551	-10.5	0.589	AC/CT	1	0.000416	0	1.11093027331306e-05	0.999990537429901
rs2300860	-10.5	0.121	AT/CG	1	0.382	NA	NA	NA
rs2383378	-10.3	0.612	AA/CC	1	0.000764	0	6.30711669976427e-06	0.999996844546601
rs1950214	-8.99	0.187	AC/CA	1	0.482	NA	NA	NA
rs1950215	-8.93	0.276	AC/CG	1	0.261	NA	NA	NA
rs6571557	-8.69	0.191	AA/CG	1	0.433	NA	NA	NA
rs2284901	-7.22	0.502	AA/CG	1	0.00356	0	1.53133234606109e-06	0.999998375878947
rs17099578	-6.89	0.187	AG/CA	1	0.429	NA	NA	NA
rs17099579	-6.85	0.189	AC/CT	1	0.432	NA	NA	NA
rs6571558	-6.41	0.115	AC/CG	1	0.00441	NA	NA	NA
rs2143974	-4.93	0.135	AA/CG	1	0.00592	NA	NA	NA
rs2179900	-4.8	0.279	AC/CG	1	2.18e-06	NA	NA	NA
rs990834	-3.81	0.106	AA/CC	1	0.029	NA	NA	NA
rs2007669	-3.74	0.351	AA/CC	1	0.301	NA	NA	NA
rs11845640	-1.25	0.102	AC/CT	1	0.0238	NA	NA	NA
rs2239648	0.171	0.106	AA/CC	1	0.0202	NA	NA	NA
rs1051694	0.279	0.134	AA/CG	1	0.00471	NA	NA	NA
rs1051695	0.379	0.953	AA/CG	1	8.75e-08	1	0.0361193900127216	0.546851888601995
rs4647899	0.788	0.335	AT/CA	1	0.536	NA	NA	NA
rs2057121	1.3	0.323	AG/CA	1	0.396	NA	NA	NA
rs2300861	2.04	0.923	AC/CT	1	2.48e-08	1	0.122613556002213	0.464091820548291
rs2143975	4.66	0.822	AC/CG	1	6.72e-08	1	0.0466406780409827	0.510732498589273
rs10145461	5.59	0.641	AG/CT	1	1.71e-07	1	0.0188885392040776	0.835411273967509
rs10133265	5.63	0.392	AA/CG	1	0.0458	NA	NA	NA
rs4261436	6.74	0.63	AC/CT	1	4.29e-07	1	0.00776946802857814	0.984527597686863
rs17522122	10.1	0.759	AT/CG	1	3.31e-07	1	0.00997896783063791	0.976758129658285
rs12879159	10.2	0.772	AA/CG	1	1.88e-07	1	0.0172347769727212	0.870717827278395
rs12882859	10.3	0.772	AT/CA	1	2.05e-07	1	0.0158513942401831	0.951221053593415
rs7146265	10.5	0.772	AA/CG	1	1.67e-07	1	0.0193257971474505	0.816522734763432
rs7145828	10.6	0.765	AG/CA	1	1.39e-07	1	0.0230789376925083	0.669211560794584
rs7147653	10.8	0.536	AC/CT	1	3.59e-05	0	0.000111795744785799	0.999893198770921
rs7146202	10.8	0.536	AG/CA	1	2.96e-05	0	0.000134288482684655	0.999781403026135
rs12883788	10.8	0.811	AT/CC	1	2.01e-08	1	0.150355631306986	0.341478264546078
rs12885124	10.8	0.772	AG/CT	1	1.53e-07	1	0.021033283252308	0.777758584869937
rs12885467	11	0.725	AC/CT	1	4.42e-07	1	0.00754890120999658	0.99207649889686
rs11623122	11.3	0.776	AA/CG	1	1.79e-07	1	0.018071776338164	0.853483050305674
rs11623036	11.4	0.425	AG/CA	1	0.0915	0	9.09190011666131e-08	1
rs11623135	11.5	0.772	AT/CC	1	2.09e-07	1	0.0155581082342315	0.966779161827647
rs10147849	11.7	0.572	AC/CT	1	2.56e-05	0	0.000154166144331932	0.99950696876315
rs2143976	11.7	0.355	AT/CG	1	0.825	NA	NA	NA
rs11156769	11.8	0.772	AG/CA	1	2.05e-07	1	0.0158513942401831	0.935369659353232
rs12433255	12	0.772	AA/CG	1	2.03e-07	1	0.0160023028339534	0.919518265113049
rs12894779	12.3	0.776	AA/CG	1	1.66e-07	1	0.0194383527460444	0.797196937615981
rs12894833	12.5	0.776	AG/CC	1	1.29e-07	1	0.0248074675397987	0.598481091365598
rs12895330	12.6	0.729	AC/CG	1	1.24e-06	0	0.00279443410933704	0.994870933006197
rs12896446	12.8	0.776	AG/CT	1	1.35e-07	1	0.0237400863275096	0.646132623102076
rs7142530	13.3	0.729	AA/CG	1	1.55e-06	0	0.0022547444903961	0.997125677496593
rs7142718	13.4	0.729	AC/CG	1	1.57e-06	0	0.00222712512222489	0.999352802618818
rs8016504	15.3	0.6	AA/CC	1	4.72e-05	0	8.62293562466689e-05	0.999979428127168
rs12892113	15.7	0.755	AA/CC	1	1.34e-07	1	0.0239114454089682	0.622392536774566
rs35336096	16	0.569	AT/CG	1	2.83e-05	0	0.000140145780300992	0.999647114543451
rs7156389	16.2	0.755	AA/CG	1	1.94e-07	1	0.0167192748963051	0.8874371021747
rs7140259	16.3	0.751	AG/CT	1	2.02e-07	1	0.0160788601043962	0.903515962279096
rs7140608	16.4	0.742	AC/CT	1	1.19e-07	1	0.0268217352238043	0.573673623825799
rs7160974	16.5	0.747	AT/CC	1	1.43e-07	1	0.0224542268786986	0.714120014551981
rs7161424	16.5	0.744	AA/CG	1	1.51e-07	1	0.0213026435328238	0.735422658084805
rs7161135	16.6	0.744	AA/CC	1	1.51e-07	1	0.0213026435328238	0.756725301617629
rs7140836	16.6	0.747	AA/CT	1	1.43e-07	1	0.0224542268786986	0.691665787673283
rs983052	16.6	0.14	AC/CT	1	0.37	NA	NA	NA
rs983053	16.9	0.117	AG/CC	1	0.243	NA	NA	NA
rs73260809	17.5	0.183	AG/CA	1	0.279	NA	NA	NA
rs10459478	19.4	0.104	AT/CC	1	0.0744	NA	NA	NA
rs11156770	20	0.105	AA/CC	1	0.0881	NA	NA	NA
rs10782380	22.3	0.1	AC/CA	1	0.0992	NA	NA	NA
rs73260836	24.5	0.102	AA/CG	1	0.394	NA	NA	NA
rs12878296	25.4	0.111	AA/CG	1	0.142	NA	NA	NA
rs12434588	46.7	0.103	AC/CT	1	0.228	NA	NA	NA
rs2092693	48.1	0.103	AC/CT	1	0.255	NA	NA	NA
rs35271246	53.7	0.105	AC/CT	1	0.197	NA	NA	NA
rs12878335	55.6	0.105	AG/CC	1	0.226	NA	NA	NA
rs2179903	58.1	0.104	AA/CG	1	0.221	NA	NA	NA
