SNP	KB	R2	Alleles	F	P	inCredible	probNorm	cumSum
rs2358740	0	1	T	1	1.07e-09	1	0.377463713945979	0.377463713945979
rs729396	-227	0.384	TT/GC	1	9.08e-08	NA	NA	NA
rs12495976	-224	0.154	TC/GT	1	0.00132	NA	NA	NA
rs12152293	-218	0.392	TC/GT	1	7.43e-08	NA	NA	NA
rs12152497	-216	0.394	TT/GC	1	8.79e-08	NA	NA	NA
rs4290797	-216	0.39	TA/GG	1	9.14e-08	NA	NA	NA
rs4133174	-214	0.39	TT/GA	1	8.13e-08	NA	NA	NA
rs4133175	-214	0.394	TT/GC	1	7.8e-08	NA	NA	NA
rs35028414	-211	0.394	TG/GA	1	1.09e-07	NA	NA	NA
rs13088187	-206	0.401	TA/GT	1	1.6e-07	1	0.00291327743630192	0.978346245775037
rs10446475	-205	0.398	TG/GA	1	3.05e-07	NA	NA	NA
rs55852030	-198	0.245	TG/GA	1	0.00269	NA	NA	NA
rs3816767	-196	0.246	TG/GA	1	0.00244	NA	NA	NA
rs7650103	-195	0.455	TA/GG	1	1.71e-08	1	0.0254417347823429	0.763809584080559
rs2279322	-195	0.246	TC/GT	1	0.00227	NA	NA	NA
rs11719464	-194	0.461	TT/GC	1	1.17e-08	1	0.0367832067107478	0.503425547401388
rs3736156	-192	0.455	TA/GG	1	1.41e-08	1	0.0306844545047258	0.566586010836383
rs6782597	-191	0.455	TA/GG	1	1.49e-08	1	0.0290828337054405	0.655395267715341
rs11717767	-191	0.454	TA/GG	1	1.33e-08	1	0.0324760089302698	0.535901556331657
rs17234092	-190	0.105	TC/GT	1	0.11	NA	NA	NA
rs2242301	-188	0.242	TG/GA	1	0.0032	NA	NA	NA
rs34107310	-187	0.245	TC/GT	1	0.00359	NA	NA	NA
rs35794580	-187	0.245	TC/GA	1	0.00354	NA	NA	NA
rs13074156	-187	0.245	TG/GA	1	0.00249	NA	NA	NA
rs3773739	-187	0.457	TA/GG	1	1.16e-08	1	0.0370913060605955	0.46664234069064
rs3773740	-187	0.245	TT/GC	1	0.00252	NA	NA	NA
rs2035450	-186	0.451	TT/GC	1	1.5e-08	1	0.028894484896777	0.684289752612118
rs60499054	-186	0.242	TG/GA	1	0.00293	NA	NA	NA
rs4687715	-186	0.454	TA/GG	1	1.44e-08	1	0.0300632745049958	0.596649285341379
rs3773744	-185	0.451	TT/GC	1	1.46e-08	1	0.0296631486685211	0.6263124340099
rs3773745	-185	0.451	TA/GG	1	1.53e-08	1	0.0283440144274222	0.71263376703954
rs2884495	-185	0.242	TT/GC	1	0.00343	NA	NA	NA
rs2358621	-185	0.242	TA/GC	1	0.00347	NA	NA	NA
rs2306569	-181	0.565	TC/GT	1	1.37e-07	1	0.00338506465348631	0.956469111837249
rs9820968	-181	0.241	TC/GG	1	0.0174	NA	NA	NA
rs62255989	-181	0.132	TC/GT	1	0.286	NA	NA	NA
rs9864057	-180	0.123	TG/GA	1	0.359	NA	NA	NA
rs41275543	-180	0.125	TG/GA	1	0.345	NA	NA	NA
rs4687716	-178	0.565	TA/GG	1	8.91e-08	1	0.0051331482925275	0.860873666494256
rs62255993	-176	0.135	TG/GC	1	0.4	NA	NA	NA
rs12494824	-176	0.565	TT/GC	1	1.47e-07	1	0.0031620787746302	0.966149095672657
rs62255994	-176	0.135	TC/GT	1	0.391	NA	NA	NA
rs62255999	-175	0.135	TC/GT	1	0.379	NA	NA	NA
rs62256000	-175	0.135	TC/GT	1	0.383	NA	NA	NA
rs4687717	-173	0.489	TT/GC	1	0.000648	0	1.06304802256082e-06	0.999995209063164
rs62256003	-172	0.141	TA/GT	1	0.288	NA	NA	NA
rs10433617	-171	0.141	TC/GT	1	0.306	NA	NA	NA
rs10433618	-171	0.141	TC/GA	1	0.325	NA	NA	NA
rs59145995	-170	0.141	TT/GA	1	0.284	NA	NA	NA
rs35495179	-170	0.624	TC/GG	1	1.29e-07	1	0.00358794032665687	0.949575022869043
rs9826552	-169	0.144	TG/GA	1	0.29	NA	NA	NA
rs9846315	-169	0.145	TT/GA	1	0.276	NA	NA	NA
rs9850440	-169	0.144	TT/GC	1	0.279	NA	NA	NA
rs9830594	-169	0.12	TC/GT	1	0.347	NA	NA	NA
rs9830895	-169	0.143	TC/GT	1	0.304	NA	NA	NA
rs13101181	-167	0.614	TA/GG	1	2.02e-07	0	0.0023255090622485	0.993655916824177
rs13059189	-167	0.62	TA/GG	1	1.67e-07	1	0.00279511831745364	0.981141364092491
rs7633966	-166	0.296	TT/GG	1	0.0113	NA	NA	NA
rs17030933	-165	0.138	TC/GG	1	0.324	NA	NA	NA
rs17030934	-165	0.138	TG/GA	1	0.317	NA	NA	NA
rs77948234	-165	0.687	TT/GC	1	9.59e-08	1	0.00478037097446252	0.880707291819148
rs58558806	-164	0.138	TT/GC	1	0.313	NA	NA	NA
rs11130365	-164	0.688	TT/GC	1	1.14e-07	1	0.00404378965548184	0.919834995796822
rs7648309	-164	0.687	TA/GG	1	9.85e-08	1	0.00465817344319287	0.894864089746289
rs4687573	-163	0.695	TT/GC	1	8.57e-08	1	0.00533020207874706	0.845257388326672
rs11130367	-162	0.694	TA/GG	1	7.89e-08	1	0.0057744505436955	0.834590955067441
rs12490667	-162	0.694	TA/GG	1	8.77e-08	1	0.00521246515375828	0.855740518201728
rs34774173	-161	0.694	TC/GG	1	8.67e-08	1	0.005270664721298	0.85052805304797
rs7622159	-160	0.139	TC/GT	1	0.31	NA	NA	NA
rs62256009	-159	0.138	TC/GT	1	0.314	NA	NA	NA
rs9854669	-154	0.299	TG/GA	1	0.0137	NA	NA	NA
rs62256043	-153	0.137	TC/GT	1	0.369	NA	NA	NA
rs17234771	-148	0.137	TG/GA	1	0.323	NA	NA	NA
rs62256049	-148	0.137	TT/GG	1	0.312	NA	NA	NA
rs62256050	-147	0.139	TC/GT	1	0.297	NA	NA	NA
rs4687720	-145	0.694	TA/GG	1	1.44e-07	1	0.00322577195331346	0.962987016898027
rs6798771	-143	0.697	TT/GC	1	1.48e-07	1	0.00314141282889493	0.969290508501552
rs56654807	-143	0.132	TC/GG	1	0.306	NA	NA	NA
rs111867709	-142	0.132	TC/GG	1	0.312	NA	NA	NA
rs62256053	-141	0.137	TG/GT	1	0.31	NA	NA	NA
rs11551405	-137	0.137	TC/GA	1	0.318	NA	NA	NA
rs1108506	-136	0.133	TC/GG	1	0.294	NA	NA	NA
rs6792874	-135	0.294	TT/GC	1	0.0162	NA	NA	NA
rs9628	-134	0.295	TA/GC	1	0.0166	NA	NA	NA
rs2279319	-132	0.294	TT/GC	1	0.0193	NA	NA	NA
rs3732834	-131	0.702	TA/GG	1	1.24e-07	1	0.00372781914661487	0.935140646153947
rs73080266	-128	0.138	TG/GA	1	0.314	NA	NA	NA
rs62256057	-127	0.299	TC/GT	1	0.0235	NA	NA	NA
rs17307289	-127	0.295	TA/GC	1	0.0179	NA	NA	NA
rs73080271	-127	0.138	TC/GG	1	0.308	NA	NA	NA
rs7643417	-127	0.3	TA/GG	1	0.0185	NA	NA	NA
rs13097864	-126	0.148	TT/GC	1	0.00539	NA	NA	NA
rs62256059	-126	0.295	TC/GT	1	0.0167	NA	NA	NA
rs13062474	-124	0.697	TT/GC	1	1.68e-07	1	0.0027790300581789	0.98392039415067
rs73080273	-124	0.132	TT/GC	1	0.315	NA	NA	NA
rs10461029	-123	0.292	TA/GG	1	0.0203	NA	NA	NA
rs7649323	-123	0.697	TC/GG	1	1.52e-07	1	0.0030614273346438	0.975432968338735
rs34799308	-121	0.697	TA/GG	1	1.51e-07	1	0.00308103250253955	0.972371541004091
rs62256962	-118	0.132	TG/GA	1	0.288	NA	NA	NA
rs62256964	-111	0.127	TT/GG	1	0.31	NA	NA	NA
rs17307574	-110	0.287	TT/GC	1	0.0194	NA	NA	NA
rs62256965	-107	0.132	TA/GG	1	0.301	NA	NA	NA
rs111403831	-106	0.132	TT/GC	1	0.303	NA	NA	NA
rs73080295	-106	0.133	TC/GT	1	0.301	NA	NA	NA
rs62256966	-104	0.132	TT/GC	1	0.289	NA	NA	NA
rs1001222	-103	0.697	TA/GG	1	1.12e-07	1	0.00411364808878388	0.903590587623464
rs62256968	-99.4	0.138	TG/GA	1	0.298	NA	NA	NA
rs62256969	-96.4	0.138	TG/GA	1	0.291	NA	NA	NA
rs58144216	-95.2	0.298	TA/GG	1	0.0176	NA	NA	NA
rs77403204	-93.6	0.702	TT/GC	1	9.08e-08	1	0.00504007507566352	0.87099718433867
rs62257004	-93.4	0.132	TA/GG	1	0.296	NA	NA	NA
rs73082274	-93	0.138	TA/GT	1	0.303	NA	NA	NA
rs11707463	-93	0.702	TG/GA	1	7.47e-08	1	0.00608860832394424	0.828816504523746
rs11705809	-91.6	0.702	TC/GT	1	7.42e-08	1	0.00612834130398878	0.822727896199802
rs62257007	-86	0.138	TG/GA	1	0.273	NA	NA	NA
rs78177413	-82.8	0.138	TC/GT	1	0.27	NA	NA	NA
rs13082092	-82.4	0.702	TG/GT	1	1.26e-07	1	0.0036705557351252	0.938811201889072
rs62257009	-81.2	0.138	TT/GC	1	0.261	NA	NA	NA
rs12631287	-79.9	0.299	TG/GA	1	0.0148	NA	NA	NA
rs13077680	-79.5	0.383	TC/GG	1	0.00797	NA	NA	NA
rs6795127	-78.9	0.699	TT/GC	1	1.14e-07	1	0.00404378965548184	0.91579120614134
rs74433231	-77.7	0.383	TG/GC	1	0.00739	NA	NA	NA
rs2029213	-77.3	0.702	TT/GC	1	8.56e-08	1	0.00533623118048372	0.839927186247925
rs9812118	-75.5	0.702	TC/GT	1	1.87e-07	1	0.00250557512640596	0.988971023789147
rs62257011	-72.8	0.138	TG/GC	1	0.295	NA	NA	NA
rs62257013	-70.8	0.132	TC/GT	1	0.276	NA	NA	NA
rs4687576	-70.2	0.702	TC/GT	1	1.17e-07	1	0.00394341398267031	0.923778409779492
rs6766141	-67.7	0.702	TT/GC	1	1.21e-07	1	0.00381720861391988	0.931412827007332
rs112688051	-67.3	0.138	TA/GG	1	0.27	NA	NA	NA
rs60287116	-67.1	0.702	TT/GC	1	1.29e-07	1	0.00358794032665687	0.945987082542386
rs35536048	-66.6	0.702	TG/GC	1	1.32e-07	1	0.00350902431472037	0.953084047183763
rs9942027	-62.9	0.702	TT/GC	1	9.95e-08	1	0.00461284978839138	0.89947693953468
rs78770788	-60.5	0.144	TA/GT	1	0.275	NA	NA	NA
rs11714096	-59.4	0.702	TC/GG	1	9.7e-08	1	0.00472788453138636	0.890205916303096
rs62257014	-58.9	0.138	TT/GA	1	0.276	NA	NA	NA
rs62257015	-58.8	0.138	TG/GA	1	0.279	NA	NA	NA
rs79193219	-57	0.702	TA/GG	1	1.13e-07	1	0.0040784144311971	0.907669002054661
rs62257016	-56.3	0.14	TT/GG	1	0.266	NA	NA	NA
rs17235667	-49.9	0.14	TC/GA	1	0.218	NA	NA	NA
rs13090627	-49.1	0.702	TT/GC	1	9.29e-08	1	0.0049297365060157	0.875926920844686
rs62257024	-48.2	0.14	TC/GG	1	0.215	NA	NA	NA
rs4687724	-47.4	0.356	TT/GC	1	0.00029	NA	NA	NA
rs4687725	-47.2	0.702	TT/GC	1	9.61e-08	1	0.0047707399525613	0.885478031771709
rs111562056	-46	0.14	TT/GC	1	0.23	NA	NA	NA
rs76313422	-45.4	0.164	TA/GG	1	0.00195	NA	NA	NA
rs62257025	-42.3	0.14	TT/GC	1	0.229	NA	NA	NA
rs1483986	-41.6	0.357	TT/GC	1	0.000366	NA	NA	NA
rs12053905	-40.1	0.143	TG/GA	1	0.195	NA	NA	NA
rs7631463	-38.7	0.143	TG/GA	1	0.192	NA	NA	NA
rs4687727	-33.4	0.36	TT/GG	1	0.000344	NA	NA	NA
rs6780100	-32.8	0.147	TT/GC	1	0.203	NA	NA	NA
rs71301827	-32.2	0.721	TC/GT	1	1.13e-07	1	0.0040784144311971	0.911747416485858
rs6783810	-31.5	0.36	TC/GT	1	0.000327	NA	NA	NA
rs34636653	-30.7	0.36	TG/GC	1	0.000326	NA	NA	NA
rs59064949	-30.4	0.145	TC/GT	1	0.195	NA	NA	NA
rs76497270	-28.1	0.36	TG/GC	1	0.000338	NA	NA	NA
rs35777100	-27.6	0.36	TT/GC	1	0.000301	NA	NA	NA
rs62252817	-23.2	0.145	TT/GG	1	0.196	NA	NA	NA
rs62252818	-20.6	0.143	TT/GC	1	0.215	NA	NA	NA
rs6805246	-15.6	0.174	TC/GT	1	0.307	NA	NA	NA
rs62252819	-15.4	0.172	TA/GT	1	0.305	NA	NA	NA
rs13088228	-14.5	0.402	TA/GG	1	0.0013	0	5.57673525479183e-07	0.999999016313417
rs10452033	-14.2	0.123	TG/GA	1	0.664	NA	NA	NA
rs545580	-13.1	0.478	TG/GT	1	0.00553	0	1.48594002936439e-07	0.999999871363778
rs6772435	-12.5	0.209	TG/GT	1	0.95	NA	NA	NA
rs13080668	-12.2	0.94	TC/GT	1	8.18e-09	1	0.0520873206840655	0.429551034630044
rs9832685	-11.7	0.211	TT/GC	1	0.922	NA	NA	NA
rs674628	-9.61	0.393	TG/GA	1	0.00774	NA	NA	NA
rs73084328	-9.32	0.209	TT/GG	1	0.961	NA	NA	NA
rs6774544	-9.14	0.21	TA/GG	1	0.866	NA	NA	NA
rs6781107	-7.68	0.254	TT/GG	1	0.691	NA	NA	NA
rs62250760	-6.31	0.248	TC/GT	1	0.704	NA	NA	NA
rs9831958	-6.2	0.254	TT/GC	1	0.698	NA	NA	NA
rs6776147	-4.75	0.254	TC/GT	1	0.693	NA	NA	NA
rs62250762	-4.53	0.209	TA/GT	1	0.903	NA	NA	NA
rs6776350	-4.52	0.254	TC/GT	1	0.687	NA	NA	NA
rs6791868	-4.21	0.254	TA/GT	1	0.735	NA	NA	NA
rs6776943	-3.16	0.254	TA/GG	1	0.738	NA	NA	NA
rs13318484	-2.28	0.21	TG/GT	1	0.976	NA	NA	NA
rs2358739	-0.628	0.393	TG/GC	1	0.00792	NA	NA	NA
rs483958	0.473	0.367	TC/GG	1	0.0243	NA	NA	NA
rs484723	0.516	0.367	TC/GG	1	0.0255	NA	NA	NA
rs13314396	0.98	0.248	TA/GG	1	0.743	NA	NA	NA
rs13321516	1.04	0.248	TG/GT	1	0.767	NA	NA	NA
rs2129010	1.72	0.199	TG/GT	1	0.501	NA	NA	NA
rs552486	2.37	0.114	TA/GG	1	0.00125	NA	NA	NA
rs562351	3.82	0.122	TG/GT	1	0.00156	NA	NA	NA
rs6763806	4.19	0.21	TG/GC	1	0.384	NA	NA	NA
rs9842441	4.83	0.205	TC/GA	1	0.977	NA	NA	NA
rs7637478	5.55	0.205	TC/GG	1	0.937	NA	NA	NA
rs9852695	6.39	0.209	TG/GA	1	0.405	NA	NA	NA
rs7614722	8.34	0.199	TC/GT	1	0.907	NA	NA	NA
rs62250804	8.91	0.199	TG/GA	1	0.934	NA	NA	NA
rs17308399	10.2	0.205	TC/GT	1	0.892	NA	NA	NA
rs62250805	10.3	0.205	TG/GA	1	0.906	NA	NA	NA
rs9880156	11.9	0.211	TG/GA	1	0.421	NA	NA	NA
rs9880167	12	0.205	TG/GA	1	0.902	NA	NA	NA
rs7638575	12.4	0.211	TA/GG	1	0.44	NA	NA	NA
rs7641028	12.8	0.206	TA/GC	1	0.918	NA	NA	NA
rs511963	15.3	0.145	TA/GG	1	0.00444	NA	NA	NA
rs9311499	15.4	0.204	TA/GC	1	0.748	NA	NA	NA
rs516362	15.8	0.529	TG/GA	1	0.00451	0	1.78677521405095e-07	0.999999722769775
rs793196	16.2	0.146	TG/GA	1	0.0045	NA	NA	NA
rs580419	18.2	0.146	TG/GA	1	0.00416	NA	NA	NA
rs7640606	18.3	0.206	TA/GG	1	0.715	NA	NA	NA
rs7650885	18.4	0.206	TG/GT	1	0.714	NA	NA	NA
rs62250807	18.9	0.205	TT/GC	1	0.696	NA	NA	NA
rs9799015	19.5	0.826	TC/GT	1	1.69e-08	1	0.0257340822586762	0.738367849298216
rs4302375	20.5	0.583	TT/GG	1	0.000728	0	9.54028147110469e-07	0.999996163091311
rs582001	20.8	0.146	TG/GA	1	0.00436	NA	NA	NA
rs9875016	22.5	0.205	TT/GA	1	0.674	NA	NA	NA
rs9817570	22.7	0.205	TA/GT	1	0.667	NA	NA	NA
rs57552159	25	0.146	TG/GA	1	0.00506	NA	NA	NA
rs587871	25.7	0.583	TG/GC	1	0.00103	0	6.91548927977725e-07	0.999998458639892
rs551551	26.1	0.583	TC/GT	1	0.00094	0	7.52646693985812e-07	0.999997767090964
rs9876191	26.3	0.205	TG/GA	1	0.675	NA	NA	NA
rs9821840	27.1	0.205	TT/GA	1	0.699	NA	NA	NA
rs9881928	27.7	0.205	TC/GT	1	0.691	NA	NA	NA
rs17236437	27.9	0.204	TA/GG	1	0.685	NA	NA	NA
rs587785	29.8	0.529	TA/GG	1	0.00649	0	1.28636221991141e-07	1
rs681320	30.7	0.124	TA/GC	1	0.00171	NA	NA	NA
rs531193	31.3	0.546	TA/GG	1	0.000823	0	8.51352958733839e-07	0.99999701444427
rs28703682	31.5	0.202	TG/GA	1	0.246	NA	NA	NA
rs2930176	31.7	0.388	TG/GA	1	0.00442	NA	NA	NA
rs578318	33.5	0.498	TA/GG	1	0.000379	0	1.75285662483509e-06	0.999988598404371
rs555480	40.3	0.503	TG/GT	1	0.000419	0	1.59600838399885e-06	0.999990194412755
rs523094	41.6	0.503	TC/GT	1	0.000471	0	1.43091264933644e-06	0.999991625325405
rs2101397	43.4	0.411	TA/GG	1	0.00138	0	5.27778836319743e-07	0.999999544092254
rs145226981	48.3	0.819	TT/GG	1	1.99e-07	1	0.00235938397278112	0.991330407761928
rs147492926	49.9	0.665	TC/GG	1	2.72e-07	0	0.00174451273266479	0.9972857265058
rs1087083	51.2	0.351	TT/GC	1	0.00159	NA	NA	NA
rs2965048	51.6	0.493	TG/GT	1	5e-04	0	1.35335689472055e-06	0.9999929786823
rs11715213	52.6	0.602	TA/GC	1	4.6e-07	0	0.0010505677476883	0.999981601289621
rs562331	53.7	0.397	TT/GC	1	0.000136	NA	NA	NA
rs793202	56.1	0.478	TG/GA	1	0.000586	0	1.16733284190075e-06	0.999994146015141
rs312475	57.8	0.736	TG/GA	1	2.51e-07	0	0.00188529694895837	0.995541213773135
rs312476	58.8	0.523	TT/GG	1	5.72e-08	1	0.00788539039111749	0.810348784523485
rs312477	59.6	0.589	TA/GG	1	4e-08	1	0.0111532030342565	0.791776202319741
rs312478	60.6	0.307	TT/GC	1	0.000253	NA	NA	NA
rs998411	64.2	0.633	TA/GG	1	4.18e-08	1	0.0106871918126266	0.802463394132368
rs1264098	66.7	0.625	TG/GT	1	1.84e-07	1	0.00254505451207172	0.986465448662741
rs312482	68.2	0.376	TA/GT	1	0.000708	NA	NA	NA
rs312483	68.5	0.761	TA/GG	1	2.89e-07	0	0.00164530703613303	0.998931033541933
rs312484	71.7	0.501	TA/GG	1	0.000271	0	2.39936431048505e-06	0.999986845547747
rs3755815	71.7	0.766	TG/GT	1	9e-08	1	0.00508344276875054	0.865957109263006
rs3774414	77.2	0.601	TT/GC	1	7.27e-08	1	0.00625077037232755	0.816599554895813
rs219847	78.3	0.503	TA/GG	1	0.000226	0	2.8448938147762e-06	0.999984446183436
rs36029422	78.6	0.749	TT/GC	1	1.21e-07	1	0.00381720861391988	0.927595618393412
rs17788344	79.5	0.753	TT/GA	1	1.29e-07	1	0.00358794032665687	0.942399142215729
rs6763768	82.3	0.601	TC/GT	1	2.62e-08	1	0.0168134152049257	0.780622999285485
rs3774417	82.5	0.757	TT/GA	1	1.41e-07	1	0.00329213310746395	0.959761244944713
rs312486	89.9	0.108	TG/GC	1	0.19	NA	NA	NA
rs312481	96.3	0.106	TA/GG	1	0.19	NA	NA	NA
rs740757	98.2	0.106	TT/GC	1	0.163	NA	NA	NA
