SNP	KB	R2	Alleles	F	P	inCredible	probNorm	cumSum
rs2732708	0	1	T	1	8.51e-20	1	0.180882913427724	0.180882913427724
rs117642368	-952	0.201	TC/CG	1	0.00231	NA	NA	NA
rs10853050	-906	0.101	TA/CG	1	0.0871	NA	NA	NA
rs62064594	-891	0.464	TA/CG	1	1.61e-06	0	1.76522603134854e-14	1
rs62064595	-891	0.463	TG/CA	1	8.06e-07	0	3.43510505038906e-14	0.999999999999963
rs61572747	-890	0.362	TG/CA	1	3.11e-06	NA	NA	NA
rs1230064	-890	0.133	TG/CA	1	2.52e-05	NA	NA	NA
rs1230065	-890	0.137	TG/CT	1	2.09e-05	NA	NA	NA
rs79724577	-888	0.668	TC/CA	1	1.61e-11	0	1.28039235721137e-09	0.999999999993269
rs1230066	-886	0.136	TC/CG	1	1.62e-05	NA	NA	NA
rs1230067	-886	0.139	TA/CG	1	2.93e-05	NA	NA	NA
rs1230068	-885	0.138	TC/CT	1	1.72e-05	NA	NA	NA
rs1230069	-885	0.138	TG/CC	1	1.71e-05	NA	NA	NA
rs1230070	-885	0.138	TT/CC	1	1.75e-05	NA	NA	NA
rs1230071	-885	0.138	TT/CC	1	1.91e-05	NA	NA	NA
rs1230072	-884	0.138	TT/CC	1	1.64e-05	NA	NA	NA
rs1230073	-884	0.138	TT/CG	1	1.72e-05	NA	NA	NA
rs1234593	-884	0.141	TC/CT	1	1.56e-05	NA	NA	NA
rs10438778	-883	0.136	TG/CA	1	1.48e-05	NA	NA	NA
rs1230074	-883	0.105	TT/CA	1	0.425	NA	NA	NA
rs2905453	-883	0.104	TA/CG	1	0.423	NA	NA	NA
rs1230089	-883	0.103	TC/CT	1	0.399	NA	NA	NA
rs1230090	-883	0.103	TA/CG	1	0.398	NA	NA	NA
rs1230091	-882	0.102	TG/CA	1	0.389	NA	NA	NA
rs1237651	-882	0.102	TT/CC	1	0.392	NA	NA	NA
rs1230092	-882	0.102	TA/CC	1	0.392	NA	NA	NA
rs1230093	-882	0.102	TG/CA	1	0.378	NA	NA	NA
rs1230094	-881	0.102	TG/CA	1	0.366	NA	NA	NA
rs732589	-881	0.1	TC/CT	1	0.488	NA	NA	NA
rs4763	-880	0.653	TA/CG	1	2.43e-12	0	8.16912684132675e-09	0.999999975704236
rs62064597	-878	0.663	TG/CC	1	1.14e-12	0	1.71650055327021e-08	0.999999939064376
rs1230095	-877	0.117	TC/CG	1	0.391	NA	NA	NA
rs62064598	-877	0.678	TG/CC	1	1.19e-12	0	1.64570004048044e-08	0.999999955521376
rs2028078	-875	0.678	TA/CG	1	9.76e-13	0	1.99913124469132e-08	0.999999885159833
rs1230096	-875	0.122	TA/CT	1	0.369	NA	NA	NA
rs1230097	-875	0.123	TA/CT	1	1.17e-05	NA	NA	NA
rs56220387	-875	0.689	TG/CA	1	9.74e-13	0	2.00315984441098e-08	0.999999865168521
rs1230098	-873	0.122	TC/CA	1	0.335	NA	NA	NA
rs1230099	-873	0.123	TG/CA	1	0.34	NA	NA	NA
rs55793500	-872	0.678	TC/CT	1	6.18e-13	0	3.13071410143613e-08	0.999999814463099
rs62064600	-871	0.678	TA/CG	1	5.99e-13	0	3.22817605084979e-08	0.999999720087528
rs1230100	-871	0.122	TC/CG	1	1.26e-05	NA	NA	NA
rs77044114	-869	0.112	TT/CC	1	0.000414	NA	NA	NA
rs56236914	-868	0.678	TT/CC	1	5.93e-13	0	3.26023942678769e-08	0.999999687805768
rs1230101	-868	0.122	TG/CA	1	0.333	NA	NA	NA
rs62064603	-867	0.678	TT/CC	1	6.09e-13	0	3.17612889170584e-08	0.999999751848817
rs73984391	-867	0.678	TT/CG	1	6.18e-13	0	3.13071410143613e-08	0.999999783155958
rs1230102	-866	0.12	TG/CA	1	0.289	NA	NA	NA
rs62064637	-866	0.678	TG/CT	1	6.31e-13	0	3.06738231896041e-08	0.999999845136922
rs1230103	-866	0.12	TG/CA	1	0.299	NA	NA	NA
rs36078910	-864	0.692	TA/CG	1	3.65e-13	0	5.2504457786024e-08	0.999998062779932
rs35389313	-864	0.692	TC/CT	1	3.23e-13	0	5.92019213694945e-08	0.999997401809981
rs35327136	-864	0.704	TA/CC	1	2.16e-13	0	8.78989854412497e-08	0.999996399100983
rs1230106	-863	0.126	TG/CA	1	1.87e-05	NA	NA	NA
rs8071011	-863	0.692	TT/CC	1	3.83e-13	0	5.00801670278697e-08	0.999998266659529
rs62064641	-863	0.692	TC/CT	1	2.79e-13	0	6.83597703822818e-08	0.999996760035423
rs62064643	-861	0.703	TA/CG	1	3.09e-13	0	6.18352668906941e-08	0.999997281163374
rs34063617	-860	0.692	TA/CG	1	2.9e-13	0	6.58120705539554e-08	0.999997026463369
rs12940792	-859	0.692	TT/CC	1	2.97e-13	0	6.4288246041365e-08	0.999997090751615
rs2102989	-859	0.126	TG/CA	1	1.73e-05	NA	NA	NA
rs12947718	-858	0.692	TA/CG	1	4.22e-13	0	4.55313428394932e-08	0.999998788840078
rs71373560	-858	0.692	TT/CC	1	2.97e-13	0	6.4288246041365e-08	0.999997155039861
rs34915103	-858	0.692	TG/CC	1	2.97e-13	0	6.4288246041365e-08	0.999997219328107
rs12942951	-858	0.684	TC/CT	1	3.11e-13	0	6.14446854394142e-08	0.999997342608059
rs1230075	-857	0.116	TG/CA	1	0.3	NA	NA	NA
rs35884427	-856	0.692	TA/CG	1	3.48e-13	0	5.50222544285048e-08	0.999997795704231
rs34286926	-856	0.697	TG/CA	1	3.44e-13	0	5.56505226948025e-08	0.9999976300128
rs1230077	-855	0.137	TG/CA	1	2.97e-06	NA	NA	NA
rs56378631	-855	0.697	TC/CT	1	3.53e-13	0	5.42567711583957e-08	0.999997904983257
rs12946723	-855	0.697	TT/CC	1	3.88e-13	0	4.94463344799401e-08	0.999998316105864
rs12952764	-854	0.697	TA/CG	1	4.31e-13	0	4.4597552165425e-08	0.999998878653354
rs1230078	-854	0.11	TC/CT	1	0.321	NA	NA	NA
rs1230079	-853	0.119	TC/CT	1	0.37	NA	NA	NA
rs35420583	-853	0.697	TT/CC	1	4.14e-13	0	4.63951604469059e-08	0.999998697564497
rs34792542	-853	0.697	TG/CA	1	1.03e-12	0	1.89622181651484e-08	0.999999904122051
rs2106720	-853	0.118	TT/CC	1	0.343	NA	NA	NA
rs35519908	-852	0.697	TC/CT	1	4.6e-13	0	4.18351736194242e-08	0.999999265300768
rs12942666	-852	0.697	TG/CA	1	3.48e-13	0	5.50222544285048e-08	0.999997850726486
rs1230082	-851	0.119	TC/CG	1	0.353	NA	NA	NA
rs62064645	-851	0.709	TA/CG	1	5.02e-13	0	3.83957673221993e-08	0.999999545601368
rs62064646	-851	0.697	TA/CG	1	2.74e-13	0	6.95848445996882e-08	0.999996622586119
rs62064647	-851	0.697	TA/CG	1	3.46e-13	0	5.53345884370772e-08	0.999997685347388
rs1230083	-851	0.126	TG/CA	1	2.02e-05	NA	NA	NA
rs7222389	-850	0.697	TC/CT	1	3.32e-13	0	5.7625355892914e-08	0.999997517576713
rs55648326	-850	0.697	TC/CT	1	2.76e-13	0	6.90895342003333e-08	0.999996691675653
rs1230085	-850	0.126	TG/CA	1	2.1e-05	NA	NA	NA
rs56212100	-849	0.692	TA/CG	1	3.64e-13	0	5.26461088269389e-08	0.999997957629366
rs62064649	-849	0.697	TG/CA	1	3.64e-13	0	5.26461088269389e-08	0.999998010275475
rs35626715	-849	0.697	TC/CT	1	3.73e-13	0	5.13983592805984e-08	0.999998165848742
rs1230086	-848	0.125	TC/CT	1	2.39e-05	NA	NA	NA
rs76344126	-848	0.709	TA/CG	1	5.61e-13	0	3.44272134396576e-08	0.999999655203373
rs7209501	-848	0.703	TC/CA	1	4.05e-13	0	4.74073848313121e-08	0.999998509514967
rs1230087	-847	0.125	TC/CT	1	2.09e-05	NA	NA	NA
rs2959953	-844	0.119	TC/CG	1	0.361	NA	NA	NA
rs12949256	-844	0.709	TT/CC	1	4.39e-13	0	4.37993843363261e-08	0.999998966647569
rs7220206	-844	0.709	TA/CG	1	4.86e-13	0	3.9636529072912e-08	0.999999468043732
rs7222444	-844	0.709	TG/CA	1	4.05e-13	0	4.74073848313121e-08	0.999998556922352
rs12939187	-843	0.709	TT/CG	1	4.81e-13	0	4.00410448742726e-08	0.999999428407203
rs34018943	-843	0.709	TG/CA	1	4.1e-13	0	4.68395992449307e-08	0.999998651169336
rs34104358	-843	0.709	TT/CG	1	4.05e-13	0	4.74073848313121e-08	0.999998604329737
rs62064652	-842	0.704	TG/CA	1	4.2e-13	0	4.57442389052093e-08	0.999998743308736
rs62064653	-842	0.704	TT/CC	1	4.42e-13	0	4.35074562136485e-08	0.999999010155025
rs56020833	-842	0.709	TT/CC	1	5.12e-13	0	3.76593346576328e-08	0.999999583260703
rs55642947	-841	0.709	TC/CG	1	5.14e-13	0	3.75154569075731e-08	0.99999962077616
rs2684631	-841	0.121	TG/CA	1	0.339	NA	NA	NA
rs34465449	-840	0.709	TA/CC	1	4.75e-13	0	4.05376058018656e-08	0.999999388366158
rs2959950	-840	0.117	TC/CT	1	0.287	NA	NA	NA
rs12946900	-839	0.709	TG/CA	1	4.58e-13	0	4.2014547630017e-08	0.999999181451047
rs56168933	-839	0.709	TA/CG	1	4.58e-13	0	4.2014547630017e-08	0.999999223465594
rs55790407	-839	0.709	TC/CG	1	4.64e-13	0	4.14810244219692e-08	0.999999306781792
rs11012	-838	0.703	TT/CC	1	4.69e-13	0	4.10467596182119e-08	0.999999347828552
rs9730	-838	0.709	TG/CC	1	4.43e-13	0	4.3411017857556e-08	0.999999053566043
rs62064654	-837	0.709	TT/CC	1	4.92e-13	0	3.91618692553705e-08	0.999999507205601
rs62064655	-836	0.709	TA/CG	1	4.48e-13	0	4.29352282227644e-08	0.999999139436499
rs36114997	-836	0.709	TG/CA	1	4.25e-13	0	4.52157232729503e-08	0.999998834055802
rs17631303	-835	0.709	TG/CA	1	4.35e-13	0	4.41948304477583e-08	0.999998922848184
rs1317946	-835	0.116	TC/CA	1	0.309	NA	NA	NA
rs62064657	-834	0.709	TA/CG	1	4.48e-13	0	4.29352282227644e-08	0.999999096501271
rs35489312	-834	0.709	TC/CT	1	3.78e-13	0	5.07306204502672e-08	0.999998216579362
rs6503437	-833	0.116	TG/CA	1	0.292	NA	NA	NA
rs117029704	-832	0.143	TT/CG	1	7.28e-05	NA	NA	NA
rs2684641	-831	0.709	TG/CA	1	3.95e-13	0	4.85856968988833e-08	0.999998413642371
rs62065374	-831	0.709	TA/CG	1	3.92e-13	0	4.89508104626422e-08	0.999998365056674
rs62065376	-830	0.703	TG/CC	1	3.96e-13	0	4.84652110984949e-08	0.999998462107582
rs62065377	-830	0.703	TG/CA	1	3.46e-13	0	5.53345884370772e-08	0.999997740681977
rs62065378	-829	0.709	TC/CT	1	3.71e-13	0	5.1670450373066e-08	0.999998114450383
rs113575082	-827	0.709	TT/CC	1	3.37e-13	0	5.67855646739623e-08	0.999997574362277
rs71373572	-826	0.709	TA/CG	1	2.88e-13	0	6.62609362989935e-08	0.999996960651298
rs62065379	-826	0.709	TT/CC	1	3.29e-13	0	5.81413760821355e-08	0.999997459951357
rs112538459	-824	0.709	TT/CC	1	2.84e-13	0	6.71774693210725e-08	0.999996827212893
rs2077606	-822	0.709	TA/CG	1	2.84e-13	0	6.71774693210725e-08	0.999996894390362
rs56278545	-821	0.126	TG/CA	1	2.2e-05	NA	NA	NA
rs8075717	-817	0.125	TT/CC	1	2.47e-05	NA	NA	NA
rs2960000	-817	0.697	TC/CT	1	1.02e-13	0	1.83725487793652e-07	0.9999940213892
rs62065385	-817	0.708	TT/CC	1	2.61e-13	0	7.29877521278666e-08	0.999996553001274
rs4588023	-815	0.117	TT/CC	1	0.283	NA	NA	NA
rs55703888	-815	0.709	TT/CC	1	2.01e-13	0	9.43390480022136e-08	0.999996127747909
rs56005713	-815	0.709	TT/CC	1	2.01e-13	0	9.43390480022136e-08	0.999996222086957
rs111423688	-813	0.709	TA/CG	1	2.35e-13	0	8.09125386719538e-08	0.999996480013522
rs62065389	-813	0.709	TG/CT	1	2.13e-13	0	8.91150409507144e-08	0.999996311201998
rs4792816	-810	0.116	TT/CC	1	0.213	NA	NA	NA
rs2139890	-810	0.709	TA/CC	1	1.77e-13	0	1.0689215166063e-07	0.999996033408861
rs3946526	-810	0.709	TT/CC	1	1.59e-13	0	1.18770457863276e-07	0.999995814655073
rs2078200	-810	0.117	TT/CC	1	0.187	NA	NA	NA
rs2521819	-808	0.115	TC/CT	1	0.933	NA	NA	NA
rs55663797	-807	0.739	TA/CG	1	9.58e-14	0	1.95405538710138e-07	0.999992887126174
rs1879581	-805	0.739	TC/CT	1	1.04e-13	0	1.80252422777984e-07	0.999994569092599
rs55671319	-803	0.739	TG/CA	1	1.26e-13	0	1.49272791103354e-07	0.999995574103199
rs55652155	-803	0.739	TG/CA	1	9.6e-14	0	1.95005413054444e-07	0.999993082131587
rs9893586	-803	0.115	TC/CA	1	0.94	NA	NA	NA
rs7224890	-803	0.142	TG/CC	1	3.01e-08	NA	NA	NA
rs17631676	-802	0.739	TG/CA	1	1.06e-13	0	1.76909350165831e-07	0.999994924567048
rs149366495	-802	0.739	TA/CG	1	1.17e-13	0	1.60549647914892e-07	0.999995424830408
rs2090847	-801	0.739	TG/CA	1	9.96e-14	0	1.88075719600501e-07	0.999993464814244
rs55746869	-800	0.739	TT/CC	1	1.69e-13	0	1.11861636208819e-07	0.999995926516709
rs12950965	-800	0.739	TG/CC	1	9.62e-14	0	1.94606937504212e-07	0.999993276738525
rs56015792	-800	0.739	TC/CG	1	9.39e-14	0	1.99291029287687e-07	0.999992293554903
rs62065404	-800	0.739	TT/CC	1	9.39e-14	0	1.99291029287687e-07	0.999992492845933
rs2037442	-800	0.142	TC/CT	1	6.52e-08	NA	NA	NA
rs71238846	-799	0.739	TA/CG	1	1.12e-13	0	1.67590805649708e-07	0.99999526428076
rs12452273	-798	0.739	TT/CC	1	1.02e-13	0	1.83725487793652e-07	0.999994205114688
rs7218394	-798	0.142	TT/CC	1	5.71e-08	NA	NA	NA
rs4239141	-796	0.115	TA/CT	1	0.911	NA	NA	NA
rs56192752	-796	0.739	TG/CA	1	8.39e-14	0	2.22615548483566e-07	0.999991043474967
rs62065436	-795	0.739	TA/CG	1	1.02e-13	0	1.83725487793652e-07	0.999994388840176
rs4792817	-795	0.142	TA/CT	1	5.85e-08	NA	NA	NA
rs55925547	-795	0.728	TC/CT	1	1e-13	0	1.87336300972216e-07	0.999993652150545
rs55643511	-794	0.739	TA/CG	1	8.96e-14	0	2.08687763614182e-07	0.999991894554756
rs62065437	-794	0.739	TA/CG	1	8.56e-14	0	2.18269154187473e-07	0.999991261744121
rs4792818	-794	0.115	TT/CC	1	0.898	NA	NA	NA
rs10401005	-794	0.117	TA/CG	1	0.904	NA	NA	NA
rs62065438	-793	0.739	TT/CC	1	9.41e-14	0	1.98874702773118e-07	0.999992691720635
rs62065442	-787	0.739	TC/CT	1	7.57e-14	0	2.46297995069489e-07	0.999990103502477
rs4792866	-787	0.142	TT/CA	1	2.52e-08	NA	NA	NA
rs62065445	-786	0.739	TA/CG	1	6.74e-14	0	2.76083871638158e-07	0.999989080044749
rs1879585	-784	0.744	TG/CT	1	7.68e-14	0	2.42829855615549e-07	0.999990346332333
rs113322852	-782	0.754	TA/CT	1	7.27e-14	0	2.56285465134009e-07	0.999989607665736
rs62065448	-782	0.737	TT/CC	1	8.81e-14	0	2.12179664312686e-07	0.999991473923786
rs62065449	-781	0.754	TC/CT	1	5.94e-14	0	3.12598669111174e-07	0.999988217093342
rs4523963	-781	0.118	TG/CT	1	0.536	NA	NA	NA
rs62065450	-781	0.754	TT/CC	1	6.86e-14	0	2.71335522392887e-07	0.999989351380271
rs1879583	-780	0.754	TT/CC	1	5.94e-14	0	3.12598669111174e-07	0.999987904494673
rs9905348	-780	0.144	TG/CA	1	5.28e-09	NA	NA	NA
rs79742625	-694	0.751	TT/CC	1	6.64e-15	0	2.69844834148662e-06	0.999952350638324
rs62053943	-607	0.64	TT/CC	1	1.55e-13	0	1.21781416357024e-07	0.999995695884615
rs55974014	-594	0.92	TA/CC	1	9.21e-18	1	0.00177067478433427	0.987975631686932
rs1724422	-574	0.337	TG/CA	1	3.63e-06	NA	NA	NA
rs17688916	-573	0.841	TA/CT	1	1.58e-18	1	0.0100917662556323	0.960961221272566
rs7406746	-564	0.192	TA/CC	1	4.33e-06	NA	NA	NA
rs113100008	-562	0.285	TG/CC	1	1.25e-07	NA	NA	NA
rs11655470	-556	0.188	TC/CT	1	3.59e-05	NA	NA	NA
rs117615688	-553	0.227	TA/CG	1	6.83e-07	NA	NA	NA
rs7218457	-549	0.129	TA/CG	1	0.0113	NA	NA	NA
rs1358071	-548	0.717	TC/CA	1	6.09e-14	0	3.05027510466587e-07	0.999988522120853
rs35116560	-547	0.188	TT/CC	1	4.87e-05	NA	NA	NA
rs9303521	-546	0.322	TT/CG	1	2.85e-08	NA	NA	NA
rs7225384	-542	0.406	TG/CC	1	3.37e-07	0	7.96366593334744e-14	0.999999999999929
rs1880753	-540	0.315	TG/CA	1	0.000718	NA	NA	NA
rs12938476	-538	0.394	TC/CT	1	7.71e-06	NA	NA	NA
rs8067527	-538	0.396	TA/CG	1	6.59e-06	NA	NA	NA
rs12944235	-538	0.308	TG/CA	1	0.000979	NA	NA	NA
rs7220839	-536	0.315	TC/CT	1	0.000883	NA	NA	NA
rs8075654	-531	0.394	TG/CT	1	4.87e-06	NA	NA	NA
rs7207400	-527	0.714	TC/CT	1	2.03e-14	0	8.98567541242581e-07	0.999984226335442
rs79172804	-523	0.827	TA/CG	1	1.33e-15	0	1.31437037680358e-05	0.999942887208659
rs1880755	-522	0.313	TC/CT	1	0.00161	NA	NA	NA
rs56214516	-514	0.743	TC/CA	1	2.81e-18	1	0.00571561118402018	0.973702496173433
rs58089049	-506	0.725	TT/CC	1	8.82e-14	0	2.1194320639273e-07	0.999991685866992
rs7225082	-503	0.135	TT/CG	1	0.0107	NA	NA	NA
rs35909029	-500	0.305	TT/CC	1	1.95e-10	NA	NA	NA
rs12952301	-499	0.25	TT/CC	1	1.27e-07	NA	NA	NA
rs12938031	-497	0.457	TG/CA	1	1.48e-06	0	1.91404505191024e-14	0.999999999999982
rs34186148	-497	0.48	TC/CG	1	1.63e-16	0	0.000104024908934827	0.999711977380372
rs4074461	-496	0.251	TT/CG	1	3.92e-07	NA	NA	NA
rs6503450	-496	0.253	TT/CC	1	2.2e-07	NA	NA	NA
rs35076622	-495	0.482	TA/CG	1	1.71e-16	0	9.92252995259808e-05	0.999811202679898
rs12950522	-492	0.251	TA/CC	1	1.06e-07	NA	NA	NA
rs7209436	-481	0.212	TC/CT	1	3.27e-07	NA	NA	NA
rs12944712	-480	0.335	TA/CG	1	0.000122	NA	NA	NA
rs4458044	-478	0.101	TG/CC	1	0.223	NA	NA	NA
rs110402	-471	0.233	TG/CA	1	7.11e-07	NA	NA	NA
rs242924	-466	0.233	TG/CT	1	1.06e-06	NA	NA	NA
rs242925	-463	0.263	TC/CT	1	3.86e-06	NA	NA	NA
rs242941	-459	0.126	TC/CA	1	0.00342	NA	NA	NA
rs242940	-459	0.261	TA/CG	1	3.1e-06	NA	NA	NA
rs171440	-458	0.264	TG/CA	1	2.65e-06	NA	NA	NA
rs81189	-457	0.265	TG/CC	1	3.36e-06	NA	NA	NA
rs242937	-453	0.366	TA/CG	1	1.25e-08	NA	NA	NA
rs173365	-450	0.366	TA/CG	1	2.05e-08	NA	NA	NA
rs4327090	-449	0.767	TG/CA	1	3.16e-18	1	0.00509012715634811	0.978792623329781
rs242951	-442	0.361	TC/CT	1	2.26e-08	NA	NA	NA
rs17689966	-441	0.364	TG/CA	1	1.35e-08	NA	NA	NA
rs242949	-440	0.227	TG/CT	1	0.000104	NA	NA	NA
rs242948	-438	0.363	TG/CT	1	4.36e-08	NA	NA	NA
rs75104593	-438	0.93	TG/CT	1	6.2e-19	1	0.0254224432813034	0.86900530366315
rs74998289	-438	0.93	TG/CT	1	6.37e-19	1	0.0247521525177194	0.893757456180869
rs62054807	-436	0.636	TT/CC	1	1.05e-13	0	1.78565099235695e-07	0.999994747657698
rs242947	-434	0.364	TG/CA	1	1.23e-08	NA	NA	NA
rs242944	-428	0.364	TG/CA	1	1.91e-08	NA	NA	NA
rs17690703	-426	0.771	TT/CC	1	9.37e-14	0	1.99709118337693e-07	0.999992094263874
rs8064870	-425	0.322	TC/CT	1	6.64e-05	NA	NA	NA
rs8068916	-424	0.324	TG/CT	1	5.69e-05	NA	NA	NA
rs3935637	-423	0.324	TC/CT	1	4.17e-05	NA	NA	NA
rs4616318	-423	0.324	TG/CA	1	5.62e-05	NA	NA	NA
rs886249	-405	0.873	TG/CA	1	5.3e-17	0	0.000314974397254375	0.996386331828099
rs9898399	-401	0.472	TG/CA	1	1.1e-12	0	1.77773187932288e-08	0.99999992189937
rs7210728	-383	0.511	TA/CG	1	2.5e-12	0	7.94473187193457e-09	0.999999983648968
rs3744457	-378	0.117	TT/CC	1	5.75e-06	NA	NA	NA
rs4792891	-378	0.511	TG/CT	1	4.41e-12	0	4.55384591156339e-09	0.999999988202814
rs11079726	-375	0.114	TG/CA	1	1.75e-05	NA	NA	NA
rs9303523	-375	0.511	TC/CT	1	6.39e-12	0	3.16597924044897e-09	0.999999998712877
rs28646281	-374	0.511	TG/CT	1	5.7e-12	0	3.54116069307583e-09	0.999999995546898
rs1560312	-372	0.511	TG/CA	1	5.3e-12	0	3.80292307066414e-09	0.999999992005737
rs930119	-371	0.112	TG/CA	1	1.11e-05	NA	NA	NA
rs3785879	-366	0.257	TC/CA	1	0.0275	NA	NA	NA
rs1467967	-365	0.121	TA/CG	1	2.22e-06	NA	NA	NA
rs9899833	-358	0.519	TA/CG	1	1.64e-12	0	1.20137332183224e-08	0.999999967535109
rs3785880	-358	0.237	TT/CG	1	0.0763	NA	NA	NA
rs8076152	-355	0.158	TC/CG	1	0.199	NA	NA	NA
rs8080903	-355	0.194	TC/CT	1	2.99e-08	NA	NA	NA
rs1560313	-355	0.194	TG/CA	1	2.73e-08	NA	NA	NA
rs62058963	-353	0.123	TT/CC	1	0.0878	NA	NA	NA
rs9904290	-349	0.196	TG/CA	1	9.03e-09	NA	NA	NA
rs2055797	-349	0.121	TT/CA	1	1.46e-05	NA	NA	NA
rs12947764	-347	0.119	TT/CG	1	0.362	NA	NA	NA
rs7210219	-333	0.873	TC/CT	1	6.68e-18	1	0.00243113206237682	0.986204956902598
rs242557	-332	0.181	TG/CA	1	0.0041	NA	NA	NA
rs242559	-325	0.885	TC/CA	1	2.28e-18	1	0.00702566371684712	0.967986884989413
rs113277432	-318	0.941	TC/CT	1	9.28e-19	1	0.0170690462718	0.910826502452669
rs2664006	-310	0.187	TC/CT	1	6.33e-08	NA	NA	NA
rs9896485	-301	0.183	TG/CC	1	3.85e-07	NA	NA	NA
rs10514889	-300	0.183	TG/CA	1	4.29e-07	NA	NA	NA
rs117124984	-300	0.946	TG/CC	1	1.19e-18	1	0.0133519716873355	0.939576991457343
rs118087478	-300	0.946	TG/CT	1	1.03e-18	1	0.0153985173173381	0.926225019770007
rs754593	-297	0.406	TG/CA	1	2.69e-07	0	9.89970778238079e-14	0.999999999999849
rs2435206	-293	0.126	TC/CT	1	0.129	NA	NA	NA
rs2435207	-292	0.132	TG/CA	1	0.123	NA	NA	NA
rs2435209	-289	0.122	TG/CT	1	0.18	NA	NA	NA
rs2435210	-289	0.122	TC/CT	1	0.173	NA	NA	NA
rs2435211	-288	0.122	TC/CT	1	0.093	NA	NA	NA
rs713522	-286	0.35	TC/CT	1	1.01e-05	NA	NA	NA
rs2471737	-281	0.354	TG/CA	1	2.04e-06	NA	NA	NA
rs2435200	-280	0.372	TA/CG	1	2.59e-06	NA	NA	NA
rs117499775	-273	0.136	TC/CT	1	2.54e-06	NA	NA	NA
rs2435201	-272	0.35	TT/CA	1	3.72e-05	NA	NA	NA
rs1991556	-268	0.925	TA/CG	1	5.96e-19	1	0.0264334321587004	0.843582860381846
rs8067056	-267	0.446	TC/CT	1	3.61e-09	0	6.48097283011098e-12	0.99999999999975
rs56087321	-267	0.175	TG/CC	1	2.11e-07	NA	NA	NA
rs41543317	-264	0.168	TG/CA	1	7e-08	NA	NA	NA
rs916896	-253	0.171	TC/CT	1	2.9e-08	NA	NA	NA
rs2158256	-247	0.133	TA/CG	1	3.63e-06	NA	NA	NA
rs7521	-246	0.217	TG/CA	1	5.48e-09	NA	NA	NA
rs7220988	-242	0.172	TG/CA	1	5.89e-08	NA	NA	NA
rs16940845	-235	0.172	TC/CA	1	6.08e-08	NA	NA	NA
rs7213077	-232	0.173	TT/CC	1	7.13e-08	NA	NA	NA
rs8064986	-232	0.218	TG/CA	1	3.05e-09	NA	NA	NA
rs62063662	-232	0.171	TT/CC	1	4.95e-08	NA	NA	NA
rs10514899	-231	0.173	TC/CG	1	7.51e-08	NA	NA	NA
rs8078067	-226	0.173	TG/CA	1	7.37e-08	NA	NA	NA
rs113434679	-225	0.762	TA/CC	1	3.23e-18	1	0.00498120151044001	0.983773824840221
rs11654745	-220	0.171	TG/CA	1	7.43e-08	NA	NA	NA
rs4792827	-220	0.218	TC/CT	1	6.64e-09	NA	NA	NA
rs6503455	-211	0.172	TC/CT	1	1.32e-07	NA	NA	NA
rs11079732	-190	0.218	TC/CT	1	2.85e-09	NA	NA	NA
rs72836329	-190	0.173	TC/CT	1	1e-07	NA	NA	NA
rs11654640	-189	0.218	TA/CG	1	3.67e-09	NA	NA	NA
rs2158258	-188	0.218	TC/CA	1	4.05e-09	NA	NA	NA
rs60521849	-179	0.166	TG/CA	1	4.52e-08	NA	NA	NA
rs8065825	-176	0.168	TA/CG	1	4.76e-08	NA	NA	NA
rs113564729	-172	0.177	TG/CA	1	5.55e-08	NA	NA	NA
rs11652924	-169	0.224	TC/CT	1	1.27e-09	NA	NA	NA
rs4510068	-167	0.391	TT/CG	1	6.62e-13	NA	NA	NA
rs8070420	-166	0.172	TG/CT	1	5.14e-08	NA	NA	NA
rs9904766	-164	0.224	TC/CT	1	1.3e-09	NA	NA	NA
rs7225002	-162	0.387	TG/CA	1	4.8e-13	NA	NA	NA
rs56807059	-162	0.177	TA/CC	1	5.53e-08	NA	NA	NA
rs2016034	-162	0.225	TG/CA	1	1.19e-09	NA	NA	NA
rs11653367	-160	0.132	TA/CG	1	1.46e-05	NA	NA	NA
rs4630591	-159	0.798	TT/CC	1	1.41e-18	1	0.0112924635595908	0.950869455016933
rs8068300	-149	0.224	TC/CT	1	1.65e-09	NA	NA	NA
rs2532329	-1.3	0.922	TA/CG	1	9.15e-20	1	0.168373248251834	0.349256161679558
rs2732706	0.299	0.957	TT/CC	1	1.14e-19	1	0.135489644258284	0.646147357302638
rs2732705	0.542	0.962	TG/CT	1	9.55e-20	1	0.161401551364795	0.510657713044353
rs2668622	0.744	0.922	TT/CG	1	1.65e-19	1	0.0940195206938126	0.740166877996451
rs2696532	4.22	0.968	TG/CA	1	2.02e-19	1	0.0769825502266953	0.817149428223146
rs199470	402	0.393	TC/CT	1	1.79e-14	NA	NA	NA
rs199461	411	0.742	TA/CG	1	1.62e-14	0	1.12186860587857e-06	0.999982264014797
rs199441	422	0.851	TA/CG	1	2.08e-17	1	0.000792507053023841	0.988768138739956
rs200403	430	0.721	TC/CA	1	1.71e-14	0	1.06375310378822e-06	0.999983327767901
rs199437	435	0.734	TA/CT	1	1.15e-14	0	1.57168791273325e-06	0.999972814126189
rs1378358	436	0.883	TT/CC	1	3.3e-17	0	0.000502622477360801	0.993609813752244
rs538628	436	0.883	TC/CG	1	3.44e-17	0	0.00048243757081509	0.994092251323059
rs183211	437	0.73	TA/CG	1	1.05e-14	0	1.71887352931005e-06	0.99996801597724
rs199436	438	0.734	TG/CA	1	1.13e-14	0	1.59905681773635e-06	0.999971242438276
rs169201	439	0.883	TG/CA	1	4.25e-17	0	0.000391611238386754	0.995357408867607
rs199438	440	0.734	TA/CG	1	1.18e-14	0	1.53236096773729e-06	0.999974346487157
rs17692129	442	0.151	TC/CT	1	0.231	NA	NA	NA
rs199439	442	0.883	TG/CA	1	2.56e-17	1	0.000645702258027508	0.990198900550884
rs142167	444	0.734	TG/CA	1	9.06e-15	0	1.98740257606465e-06	0.999966297103711
rs199457	444	0.883	TT/CC	1	2.69e-17	0	0.000614905846819323	0.990813806397703
rs199456	447	0.883	TT/CC	1	2.1e-17	1	0.000785059552900543	0.989553198292857
rs199455	448	0.717	TC/CT	1	9.01e-15	0	1.99825592538558e-06	0.999964309701135
rs7224296	449	0.658	TG/CA	1	3.57e-14	0	5.15712278019362e-07	0.99998474204772
rs199454	449	0.725	TG/CA	1	7.08e-15	0	2.53330457687797e-06	0.999957570444677
rs199453	450	0.73	TT/CC	1	1.25e-14	0	1.44788480035827e-06	0.999978725167791
rs199452	450	0.729	TT/CC	1	1.11e-14	0	1.62740421836752e-06	0.999969643381459
rs199451	450	0.873	TA/CG	1	3.09e-17	0	0.000536305478340432	0.993107191274883
rs35937770	457	0.144	TG/CA	1	0.255	NA	NA	NA
rs199449	458	0.723	TA/CG	1	1.25e-14	0	1.44788480035827e-06	0.999977277282991
rs199448	458	0.873	TG/CA	1	2.83e-17	0	0.00058488501403239	0.992011350351536
rs199447	461	0.862	TT/CC	1	2.7e-17	0	0.000612658939799992	0.991426465337503
rs199446	462	0.715	TG/CA	1	7.12e-15	0	2.51929610128548e-06	0.999960089740778
rs199445	466	0.873	TT/CC	1	2.96e-17	0	0.00055953544500687	0.992570885796543
rs199444	467	0.723	TC/CT	1	1.22e-14	0	1.48291103354534e-06	0.99997582939819
rs199443	468	0.873	TT/CC	1	3.83e-17	0	0.000433942306551392	0.994965797629221
rs199442	469	0.723	TA/CG	1	1.4e-14	0	1.29510979428245e-06	0.999980020277585
rs199536	469	0.715	TT/CC	1	6.3e-15	0	2.84173175723743e-06	0.999949652189983
rs199535	471	0.873	TG/CA	1	3.78e-17	0	0.00043960399961038	0.994531855322669
rs199534	473	0.873	TG/CT	1	4.34e-17	0	0.000383599531543607	0.995741008399151
rs9896243	475	0.857	TG/CC	1	1e-16	0	0.000168404394201201	0.999200983378663
rs199533	478	0.873	TA/CG	1	5.05e-17	0	0.000330349031693599	0.996071357430845
rs199531	479	0.719	TC/CT	1	4.17e-14	0	4.42650922972865e-07	0.999986615692701
rs9912530	485	0.638	TT/CC	1	7.98e-14	0	2.33853385535428e-07	0.999990820859419
rs199530	485	0.702	TG/CA	1	3.62e-14	0	5.08706531247906e-07	0.999985250754251
rs199529	486	0.781	TC/CA	1	7.85e-16	0	2.20951755339167e-05	0.999929743504891
rs199528	492	0.831	TT/CC	1	6.74e-17	0	0.000248498049642503	0.997406337782114
rs199527	492	0.668	TG/CA	1	5.49e-14	0	3.37773032506061e-07	0.999986953465734
rs199526	496	0.75	TC/CG	1	8.09e-15	0	2.22170443133416e-06	0.99996231144521
rs199525	496	0.831	TG/CT	1	9.89e-17	0	0.000170251253407191	0.999032578984462
rs3809857	497	0.132	TG/CT	1	0.247	NA	NA	NA
rs199524	497	0.668	TG/CT	1	4e-14	0	4.61143763392744e-07	0.999985711898015
rs199523	497	0.668	TC/CA	1	4e-14	0	4.61143763392744e-07	0.999986173041778
rs199521	502	0.667	TG/CC	1	6.6e-14	0	2.81840024018313e-07	0.999988803960877
rs199520	502	0.668	TG/CA	1	7.75e-14	0	2.40673700601984e-07	0.999990587006033
rs199519	503	0.668	TG/CA	1	7.47e-14	0	2.49538745788583e-07	0.999989857204482
rs199518	503	0.668	TA/CC	1	1.09e-13	0	1.72122906173783e-07	0.999995096689954
rs199517	503	0.668	TA/CG	1	1.01e-13	0	1.85513167229717e-07	0.999993837663712
rs199516	505	0.831	TC/CT	1	9.73e-17	0	0.000173011626784504	0.998862327731055
rs199515	505	0.816	TG/CC	1	9.01e-17	0	0.000186637859775538	0.998509751358781
rs199514	505	0.821	TG/CA	1	8.85e-17	0	0.000189964898402112	0.998323113499006
rs199513	506	0.811	TA/CG	1	9.37e-17	0	0.000179564745488694	0.99868931610427
rs199512	506	0.826	TT/CC	1	6.82e-17	0	0.000245623002334149	0.997651960784449
rs199509	507	0.826	TG/CA	1	6.48e-17	0	0.000258328841078251	0.996903383289458
rs199508	507	0.663	TC/CG	1	5.78e-14	0	3.21104085764073e-07	0.99998727456982
rs199507	507	0.826	TA/CG	1	6.58e-17	0	0.000254456443013473	0.997157839732472
rs199506	508	0.837	TA/CG	1	6.47e-17	0	0.000258722620281018	0.99664505444838
rs415430	508	0.811	TC/CT	1	6.91e-17	0	0.000242467621682603	0.997894428406131
rs430685	508	0.811	TT/CC	1	7.02e-17	0	0.000238720194472567	0.998133148600604
rs199505	508	0.816	TA/CG	1	1.26e-16	0	0.000134086016197834	0.999498636073212
rs70602	508	0.816	TT/CC	1	1.03e-16	0	0.000163566678351539	0.999364550057014
rs70600	509	0.816	TT/CC	1	1.76e-16	0	9.6445649458648e-05	0.999907648329357
rs199504	510	0.821	TC/CT	1	1.55e-16	0	0.000109316398225348	0.999607952471438
rs199502	511	0.729	TA/CG	1	5.85e-14	0	3.17326184729154e-07	0.999987591896004
rs199501	511	0.67	TA/CG	1	1.62e-14	0	1.12186860587857e-06	0.999981142146191
rs916888	512	0.682	TC/CT	1	6.67e-15	0	2.68650177603018e-06	0.9999550371401
rs199500	512	0.589	TT/CC	1	4.54e-15	0	3.92324956626314e-06	0.999946810458225
rs1563304	523	0.189	TT/CC	1	2.45e-10	NA	NA	NA
rs72836354	548	0.101	TG/CA	1	0.0164	NA	NA	NA
rs3851782	550	0.103	TG/CA	1	0.157	NA	NA	NA
rs34724124	551	0.107	TG/CA	1	0.0241	NA	NA	NA
rs11079738	553	0.107	TA/CG	1	0.204	NA	NA	NA
