SNP	KB	R2	Alleles	F	P	inCredible	probNorm	cumSum
rs34556922	0	1	T	1	1.65e-09	1	0.122329424977693	0.122329424977693
rs67492486	-77.4	0.195	TT/AC	1	0.0547	NA	NA	NA
rs35068617	-77.4	0.175	TT/AC	1	0.0307	NA	NA	NA
rs12636785	-77.3	0.196	TC/AT	1	0.0645	NA	NA	NA
rs12636800	-77.3	0.202	TC/AT	1	0.0482	NA	NA	NA
rs12636837	-77.1	0.278	TC/AT	1	0.000221	NA	NA	NA
rs12636283	-77	0.274	TC/AA	1	0.000254	NA	NA	NA
rs66906407	-76.9	0.283	TG/AA	1	0.000402	NA	NA	NA
rs13100201	-76.4	0.236	TA/AC	1	0.00154	NA	NA	NA
rs35871182	-76.1	0.283	TG/AA	1	0.000719	NA	NA	NA
rs34359376	-76.1	0.292	TC/AT	1	0.000218	NA	NA	NA
rs35498050	-75.9	0.292	TC/AT	1	0.00025	NA	NA	NA
rs35689887	-75.7	0.292	TC/AT	1	0.000301	NA	NA	NA
rs72996008	-75.7	0.292	TC/AT	1	0.000293	NA	NA	NA
rs72996009	-75.6	0.292	TG/AA	1	0.000293	NA	NA	NA
rs35415085	-75.6	0.292	TG/AA	1	0.000258	NA	NA	NA
rs72996013	-75.4	0.292	TA/AT	1	0.000269	NA	NA	NA
rs13090158	-75.4	0.292	TC/AT	1	0.000277	NA	NA	NA
rs72996019	-75.1	0.292	TA/AG	1	0.00027	NA	NA	NA
rs9851526	-75	0.247	TG/AC	1	0.000368	NA	NA	NA
rs35806602	-74.5	0.299	TC/AT	1	0.000222	NA	NA	NA
rs35675781	-74.5	0.299	TA/AT	1	0.000208	NA	NA	NA
rs35154741	-74.2	0.299	TA/AG	1	0.000229	NA	NA	NA
rs71309893	-74.2	0.299	TG/AC	1	0.000259	NA	NA	NA
rs67971733	-73.4	0.299	TA/AG	1	0.000229	NA	NA	NA
rs67583614	-73.4	0.299	TC/AG	1	0.000229	NA	NA	NA
rs67235276	-73.3	0.29	TG/AC	1	0.000226	NA	NA	NA
rs66695130	-73.2	0.299	TT/AG	1	0.000215	NA	NA	NA
rs67607715	-73.2	0.299	TA/AG	1	0.000242	NA	NA	NA
rs13070802	-72.8	0.299	TG/AA	1	0.000242	NA	NA	NA
rs13076097	-72.5	0.299	TC/AT	1	0.00024	NA	NA	NA
rs1995209	-72.3	0.312	TG/AT	1	2.46e-05	NA	NA	NA
rs1995210	-72.1	0.312	TT/AC	1	2.95e-05	NA	NA	NA
rs13077123	-71.7	0.312	TG/AA	1	3.26e-05	NA	NA	NA
rs13098123	-71.6	0.312	TT/AC	1	2.7e-05	NA	NA	NA
rs13087978	-70.6	0.312	TA/AT	1	1.67e-05	NA	NA	NA
rs67511219	-70.3	0.312	TG/AC	1	2.77e-05	NA	NA	NA
rs71309894	-70.2	0.312	TG/AA	1	2.58e-05	NA	NA	NA
rs72996047	-69.7	0.265	TC/AT	1	0.000608	NA	NA	NA
rs72996049	-69.7	0.265	TT/AC	1	0.000546	NA	NA	NA
rs72996051	-69.5	0.346	TC/AT	1	0.0017	NA	NA	NA
rs34581681	-69.2	0.37	TA/AG	1	0.000834	NA	NA	NA
rs13068208	-69.2	0.309	TT/AC	1	0.00285	NA	NA	NA
rs13068536	-69	0.538	TA/AC	1	9.09e-06	0	2.95783386046005e-05	0.999855970425663
rs13068537	-69	0.538	TA/AC	1	9.63e-06	0	2.79917377863297e-05	0.999913232908586
rs13067293	-69	0.538	TT/AG	1	6.72e-06	0	3.9482295085744e-05	0.999792279913763
rs13095094	-68.9	0.591	TG/AA	1	8.41e-08	1	0.0026833567193974	0.973341945307653
rs13099675	-68.9	0.591	TC/AT	1	1.69e-07	0	0.00136587444713984	0.991800905530124
rs6787193	-68.8	0.783	TG/AT	1	8.19e-08	1	0.0027531241055299	0.965213063903074
rs6787085	-68.7	0.783	TT/AA	1	7.48e-08	1	0.00300583340817464	0.951216587815075
rs6774579	-68.6	0.783	TA/AC	1	7.37e-08	1	0.00304927481934687	0.9482107544069
rs62245699	-68.2	0.787	TG/AC	1	6.84e-08	1	0.00327786385528624	0.935623751037369
rs35717117	-67.9	0.735	TG/AA	1	8.82e-08	1	0.00256249042579558	0.975904435733449
rs35669246	-67.7	0.787	TA/AG	1	8.12e-08	1	0.0027761037073727	0.962459939797544
rs35775662	-67.7	0.787	TC/AT	1	8.21e-08	1	0.00274662941683891	0.967959693319913
rs35000138	-67.7	0.658	TT/AC	1	2.27e-06	0	0.000111730233652657	0.998864896247846
rs35472449	-67.6	0.792	TT/AC	1	6.95e-08	1	0.00322759650200746	0.942087966601366
rs34953825	-67.4	0.787	TC/AG	1	7.95e-08	1	0.00283357069925999	0.956901094916734
rs34831690	-67.2	0.792	TA/AG	1	6.93e-08	1	0.00323661906198978	0.938860370099358
rs34078497	-67.2	0.792	TA/AG	1	7.9e-08	1	0.00285093640239934	0.954067524217474
rs62245707	-66.7	0.647	TC/AT	1	3.11e-07	0	0.000757687539062902	0.994583924743296
rs72996076	-65	0.244	TG/AT	1	0.0346	NA	NA	NA
rs13064000	-64.8	0.681	TA/AG	1	2.84e-06	0	9.01117720874265e-05	0.999160729444917
rs2320547	-64.8	0.204	TG/AA	1	0.00578	NA	NA	NA
rs72996079	-64.5	0.244	TC/AG	1	0.0295	NA	NA	NA
rs114805144	-62.5	0.218	TC/AT	1	0.0271	NA	NA	NA
rs79062319	-61.8	0.103	TT/AC	1	0.652	NA	NA	NA
rs9827778	-59.3	0.207	TG/AT	1	0.00223	NA	NA	NA
rs77978072	-59.3	0.251	TA/AT	1	0.0397	NA	NA	NA
rs1502591	-58.4	0.112	TG/AA	1	0.313	NA	NA	NA
rs62245708	-58.3	0.372	TA/AG	1	4.25e-06	NA	NA	NA
rs2055481	-58	0.797	TA/AT	1	7.03e-09	1	0.0298348176901443	0.827507754251447
rs13064421	-57.4	0.797	TA/AG	1	6.13e-09	1	0.0340869939552696	0.797672936561303
rs2874300	-57.1	0.824	TG/AA	1	8.36e-08	1	0.00269889526834263	0.970658588588256
rs2320548	-57.1	0.225	TG/AA	1	0.00257	NA	NA	NA
rs35493556	-53.8	0.806	TT/AG	1	1.01e-06	0	0.000243391699172518	0.998021646250676
rs62245710	-52.6	0.679	TA/AG	1	1.44e-05	0	1.90655804427874e-05	0.999980059590079
rs138916157	-50.8	0.251	TA/AC	1	0.0328	NA	NA	NA
rs62245711	-47.1	0.322	TG/AA	1	0.000333	NA	NA	NA
rs34177828	-46.3	0.78	TG/AA	1	6.43e-08	1	0.00348014355471974	0.932345887182082
rs11706424	-45.3	0.687	TA/AG	1	1.22e-07	1	0.00187196178883716	0.981596653814451
rs11719351	-45	0.702	TC/AT	1	3.73e-08	1	0.00589986547833064	0.920183587687919
rs28580516	-44.6	0.148	TT/AC	1	0.102	NA	NA	NA
rs35014764	-44.3	0.707	TG/AA	1	2.96e-08	1	0.00738325589815854	0.901461767989011
rs13072674	-44.2	0.707	TC/AA	1	4.56e-08	1	0.00485552481415696	0.925039112502076
rs1502587	-44.1	0.251	TC/AA	1	0.00418	NA	NA	NA
rs13082285	-43.8	0.28	TC/AT	1	5.64e-05	NA	NA	NA
rs9843256	-43.4	0.121	TA/AG	1	0.0213	NA	NA	NA
rs13097838	-43.4	0.116	TA/AG	1	0.0193	NA	NA	NA
rs62245752	-42.4	0.502	TC/AA	1	6.21e-06	0	4.257920865073e-05	0.999710543890649
rs1354241	-42.3	0.297	TG/AC	1	0.000638	NA	NA	NA
rs13084976	-42	0.494	TG/AA	1	2.85e-06	0	8.98083664997916e-05	0.999250537811417
rs34023277	-41.8	0.115	TG/AA	1	0.12	NA	NA	NA
rs13091098	-41	0.61	TG/AA	1	4.49e-07	0	0.000531585557230535	0.995115510300527
rs17194371	-40.2	0.198	TA/AG	1	0.000165	NA	NA	NA
rs11716221	-40.2	0.611	TA/AG	1	7.31e-08	1	0.00307351298618721	0.945161479587553
rs17194378	-39.8	0.123	TA/AG	1	0.311	NA	NA	NA
rs62233799	-39.1	0.634	TT/AG	1	2.37e-07	0	0.00098507405671092	0.993826237204233
rs62233800	-38.6	0.636	TC/AT	1	1.34e-07	1	0.00170953574664683	0.988807658617194
rs35758374	-36.8	0.19	TG/AA	1	0.000866	NA	NA	NA
rs35406111	-34.7	0.635	TA/AG	1	9.19e-06	0	2.92707451366758e-05	0.9998852411708
rs2616577	-34.2	0.183	TG/AA	1	0.00198	NA	NA	NA
rs150742532	-33.9	0.347	TG/AT	1	0.00643	NA	NA	NA
rs144521279	-33.4	0.126	TT/AG	1	0.742	NA	NA	NA
rs13083551	-33.3	0.212	TA/AG	1	0.00961	NA	NA	NA
rs2648687	-33.3	0.121	TA/AG	1	0.991	NA	NA	NA
rs2648686	-32.8	0.124	TA/AC	1	0.552	NA	NA	NA
rs11711499	-32.5	0.643	TT/AC	1	3.56e-06	0	7.25532362779391e-05	0.999564512412924
rs2174019	-32.2	0.63	TG/AA	1	2.1e-05	0	1.33081667977205e-05	0.999993367756876
rs2134358	-32.1	0.184	TA/AG	1	0.00495	NA	NA	NA
rs2134357	-32	0.184	TA/AG	1	0.00509	NA	NA	NA
rs2616575	-31.6	0.12	TA/AG	1	0.317	NA	NA	NA
rs1542901	-30.9	0.611	TG/AA	1	7.2e-07	0	0.000337177207402139	0.997180147044634
rs62233805	-30.5	0.611	TG/AT	1	8.99e-07	0	0.000272259149249791	0.997778254551504
rs62233806	-29.4	0.653	TT/AG	1	1.24e-05	0	2.19887709051046e-05	0.999960994009636
rs2616574	-29	0.127	TC/AT	1	0.349	NA	NA	NA
rs9878431	-28	0.13	TA/AG	1	0.0114	NA	NA	NA
rs62233810	-27.9	0.192	TG/AA	1	0.000859	NA	NA	NA
rs1502570	-27.8	0.373	TG/AA	1	0.000252	NA	NA	NA
rs35941126	-27.5	0.617	TG/AA	1	6.92e-07	0	0.000350312826752242	0.996842969837232
rs2616571	-26.6	0.124	TA/AC	1	0.556	NA	NA	NA
rs4404434	-26.3	0.14	TT/AC	1	0.00594	NA	NA	NA
rs11718236	-26.3	0.633	TT/AC	1	4.8e-07	0	0.000498431856158338	0.996114385288174
rs11706769	-26	0.201	TC/AA	1	0.000725	NA	NA	NA
rs11707598	-25.9	0.633	TC/AT	1	4.78e-07	0	0.000500443131488337	0.995615953432015
rs9821959	-25.8	0.14	TT/AC	1	0.00615	NA	NA	NA
rs1847170	-24.9	0.111	TC/AT	1	0.0257	NA	NA	NA
rs34916599	-24.6	0.224	TC/AG	1	0.00283	NA	NA	NA
rs35104429	-23.3	0.663	TT/AC	1	1.62e-06	0	0.000154500113720459	0.998512754971579
rs62233814	-23.1	0.639	TG/AA	1	1.05e-05	0	2.57723301445244e-05	0.999939005238731
rs11720918	-22.2	0.195	TG/AA	1	0.0179	NA	NA	NA
rs2648694	-21.6	0.12	TG/AA	1	0.585	NA	NA	NA
rs9834459	-20.2	0.65	TA/AG	1	2.69e-06	0	9.49283409526313e-05	0.99907061767283
rs2174017	-19.9	0.12	TG/AA	1	0.0113	NA	NA	NA
rs1948796	-19.8	0.128	TT/AC	1	0.0163	NA	NA	NA
rs2653494	-19.4	0.19	TC/AA	1	0.00172	NA	NA	NA
rs2616569	-19.3	0.132	TT/AC	1	0.136	NA	NA	NA
rs17786873	-19.2	0.631	TT/AA	1	8.1e-08	1	0.00278274117343755	0.959683836090171
rs13074392	-19.1	0.619	TG/AA	1	6.39e-07	0	0.000378271722306012	0.99649265701048
rs9878978	-18.9	0.631	TT/AC	1	2.24e-07	0	0.00104025761739876	0.992841163147522
rs2653495	-18.9	0.191	TG/AA	1	0.00105	NA	NA	NA
rs11129148	-18.1	0.109	TC/AT	1	0.0187	NA	NA	NA
rs2653496	-17.9	0.139	TA/AG	1	0.239	NA	NA	NA
rs9310735	-17.7	0.181	TA/AG	1	0.125	NA	NA	NA
rs2221294	-17.7	0.183	TG/AA	1	0.0938	NA	NA	NA
rs17194392	-17.6	0.625	TG/AA	1	7.46e-07	0	0.000325848357620074	0.997505995402254
rs2174018	-17.2	0.181	TG/AA	1	0.127	NA	NA	NA
rs2134356	-17.1	0.141	TT/AC	1	0.00197	NA	NA	NA
rs17194406	-16.3	0.636	TC/AT	1	2.29e-06	0	0.000110793084031154	0.998975689331877
rs17786885	-16.2	0.633	TT/AA	1	2.05e-06	0	0.000123222144539037	0.998635977116118
rs34966409	-16	0.633	TG/AC	1	2.16e-06	0	0.000117188898075158	0.998753166014194
rs36061243	-13.8	0.186	TA/AG	1	0.128	NA	NA	NA
rs6789099	-13.5	0.181	TT/AC	1	0.175	NA	NA	NA
rs4440108	-13.3	0.186	TC/AT	1	0.136	NA	NA	NA
rs4452314	-13.2	0.186	TA/AG	1	0.143	NA	NA	NA
rs9834992	-12.6	0.131	TT/AC	1	0.0116	NA	NA	NA
rs9816556	-11.9	0.188	TT/AC	1	0.131	NA	NA	NA
rs9853310	-11.7	0.143	TG/AA	1	0.00163	NA	NA	NA
rs6762278	-11.5	0.648	TC/AT	1	5.83e-08	1	0.00382663112528647	0.928865743627363
rs6770967	-11.3	0.186	TA/AG	1	0.166	NA	NA	NA
rs17014540	-10.8	0.762	TA/AG	1	2.12e-08	1	0.0102076876765974	0.894078512090852
rs11129149	-10.8	0.186	TA/AG	1	0.129	NA	NA	NA
rs17014543	-10.8	0.125	TG/AA	1	0.0459	NA	NA	NA
rs9841813	-10.5	0.191	TG/AA	1	0.117	NA	NA	NA
rs990203	-10.3	0.214	TC/AG	1	0.000841	NA	NA	NA
rs990204	-10.1	0.195	TA/AG	1	0.00626	NA	NA	NA
rs17194427	-9.69	0.929	TA/AC	1	2e-09	1	0.101420551843853	0.339909462281759
rs6442731	-9.56	0.198	TG/AA	1	0.0064	NA	NA	NA
rs9852630	-8.4	0.14	TG/AA	1	0.231	NA	NA	NA
rs4539922	-7.49	0.133	TT/AC	1	0.184	NA	NA	NA
rs4426664	-7.36	0.133	TA/AG	1	0.183	NA	NA	NA
rs17786921	-7.02	0.481	TG/AC	1	7.83e-06	0	3.41121732958456e-05	0.999826392087059
rs34160306	-6.76	0.934	TA/AC	1	2.47e-09	1	0.082571886454359	0.422481348736118
rs67890258	-6.52	0.278	TG/AA	1	0.000476	NA	NA	NA
rs12715055	-6.37	0.14	TG/AA	1	0.185	NA	NA	NA
rs12715056	-6.13	0.14	TC/AT	1	0.194	NA	NA	NA
rs11714012	-5.51	0.83	TA/AC	1	3.36e-08	1	0.00652899116149828	0.907990759150509
rs9872608	-5.43	0.133	TC/AT	1	0.182	NA	NA	NA
rs9310741	-5.18	0.14	TC/AT	1	0.177	NA	NA	NA
rs35220730	-5.08	0.481	TA/AT	1	6.26e-06	0	4.22537280278275e-05	0.999752797618677
rs9873257	-5.04	0.278	TT/AC	1	0.000373	NA	NA	NA
rs17194455	-3.63	0.274	TC/AT	1	0.000425	NA	NA	NA
rs75928987	-2.95	0.237	TC/AT	1	0.0223	NA	NA	NA
rs7626537	-2.94	0.14	TA/AG	1	0.217	NA	NA	NA
rs11711409	-2.7	0.93	TT/AC	1	3.29e-09	1	0.0624593686868827	0.687797709475632
rs11716315	-2.64	0.93	TC/AT	1	3.2e-09	1	0.064169043484533	0.62533834078875
rs10049421	-2.52	0.133	TA/AG	1	0.195	NA	NA	NA
rs13074595	-2.35	0.93	TG/AT	1	2.96e-09	1	0.0692297230570244	0.561169297304217
rs9860735	-2.25	0.274	TT/AC	1	0.000348	NA	NA	NA
rs9837145	-2.24	0.274	TC/AT	1	0.000329	NA	NA	NA
rs7610808	-1.62	0.114	TT/AC	1	0.206	NA	NA	NA
rs62233819	-0.663	0.939	TT/AC	1	2.95e-09	1	0.0694582255110742	0.491939574247192
rs66667302	1.93	0.137	TC/AT	1	0.466	NA	NA	NA
rs62233829	5.07	0.475	TA/AG	1	6.18e-06	0	4.27769749876118e-05	0.999667964681998
rs6799939	5.35	0.821	TG/AA	1	1.23e-07	1	0.00185723465536378	0.985311123125179
rs6787418	5.41	0.821	TT/AC	1	1.23e-07	1	0.00185723465536378	0.983453888469815
rs6802636	5.52	0.821	TC/AT	1	1.21e-07	1	0.00188692862399333	0.979724692025614
rs59986003	5.99	0.811	TC/AG	1	1.41e-07	1	0.00162737246579006	0.990435031082984
rs35864306	6.88	0.815	TA/AG	1	1.18e-07	1	0.00193332766817222	0.977837763401621
rs62233832	7.21	0.924	TC/AT	1	5.39e-09	1	0.0386314410318482	0.726429150507481
rs56358037	7.32	0.815	TA/AG	1	1.28e-07	1	0.00178699974536815	0.987098122870547
rs72997983	7.7	0.254	TA/AG	1	0.0516	NA	NA	NA
rs35763288	8.77	0.924	TT/AC	1	7.39e-09	1	0.0284204736268487	0.855928227878296
rs11717960	8.98	0.924	TA/AC	1	7.52e-09	1	0.0279425965359592	0.883870824414255
rs7639851	9.12	0.178	TC/AT	1	0.1	NA	NA	NA
rs34154967	9.48	0.562	TA/AC	1	1.38e-06	0	0.000180252521487646	0.998201898772164
rs6796313	10	0.911	TG/AA	1	1.74e-09	1	0.116159485460213	0.238488910437906
rs11720138	10.8	0.93	TT/AC	1	5.61e-09	1	0.0371567920985526	0.763585942606033
rs11708578	11	0.93	TG/AA	1	3.49e-08	1	0.00629296305907929	0.914283722209589
rs9826734	11.1	0.199	TA/AG	1	0.00476	NA	NA	NA
rs9854471	13.1	0.196	TG/AC	1	0.00653	NA	NA	NA
rs13068096	13.4	0.517	TA/AG	1	1.6e-06	0	0.000156356085694968	0.998358254857859
rs34163547	14.5	0.517	TG/AC	1	3.31e-06	0	7.78000330222242e-05	0.999414383895146
rs17014863	14.8	0.517	TT/AG	1	2.98e-06	0	8.60460507069532e-05	0.999336583862124
rs11129155	15.1	0.134	TC/AT	1	0.0708	NA	NA	NA
rs35346733	16.4	0.517	TA/AG	1	4.29e-06	0	6.06752940864972e-05	0.999625187707011
rs60239556	17.7	0.2	TA/AG	1	0.00815	NA	NA	NA
rs13066125	18.2	0.404	TT/AG	1	4.37e-05	0	6.63224312357122e-06	1
rs62233837	22	0.351	TT/AC	1	2.74e-05	NA	NA	NA
rs4561819	22.4	0.42	TT/AC	1	3.32e-06	0	7.75752815000887e-05	0.999491959176646
rs13061721	25.3	0.243	TG/AT	1	0.0111	NA	NA	NA
rs73000010	27.9	0.275	TT/AC	1	0.00387	NA	NA	NA
rs66610175	28.9	0.3	TG/AA	1	0.000648	NA	NA	NA
rs17194476	33	0.296	TT/AC	1	0.000856	NA	NA	NA
rs66492629	33.4	0.295	TA/AG	1	0.000437	NA	NA	NA
rs34771152	33.6	0.295	TG/AA	1	0.000448	NA	NA	NA
rs71309901	33.6	0.295	TT/AA	1	0.000584	NA	NA	NA
rs36087708	34.2	0.249	TC/AG	1	0.000611	NA	NA	NA
rs34340984	34.3	0.295	TG/AC	1	0.000662	NA	NA	NA
rs151022560	35.7	0.295	TT/AC	1	0.000635	NA	NA	NA
rs13070901	37.1	0.275	TA/AC	1	0.00311	NA	NA	NA
rs67775967	37.7	0.276	TC/AT	1	0.000591	NA	NA	NA
rs35839317	38.5	0.272	TC/AT	1	0.00383	NA	NA	NA
rs34801323	42.4	0.13	TG/AC	1	0.0727	NA	NA	NA
rs17194490	42.9	0.22	TT/AG	1	0.0134	NA	NA	NA
rs73000051	43.9	0.11	TA/AG	1	0.675	NA	NA	NA
rs67888396	44.6	0.22	TG/AT	1	0.0145	NA	NA	NA
rs67733815	44.7	0.22	TC/AT	1	0.0133	NA	NA	NA
rs17786957	45.2	0.22	TC/AG	1	0.0183	NA	NA	NA
rs1382871	45.3	0.11	TA/AG	1	0.0271	NA	NA	NA
rs60587976	48.4	0.125	TG/AC	1	0.767	NA	NA	NA
rs9836101	48.5	0.396	TT/AA	1	0.00636	NA	NA	NA
rs9841028	49.2	0.122	TC/AA	1	0.782	NA	NA	NA
rs9845120	49.2	0.393	TC/AT	1	0.00565	NA	NA	NA
rs9858503	49.4	0.393	TT/AG	1	0.00515	NA	NA	NA
rs34877519	49.7	0.216	TT/AG	1	0.00273	NA	NA	NA
rs73000066	49.8	0.122	TG/AA	1	0.751	NA	NA	NA
rs73000068	49.9	0.109	TC/AT	1	0.768	NA	NA	NA
rs28409005	49.9	0.109	TC/AA	1	0.821	NA	NA	NA
rs9846741	50.4	0.109	TG/AA	1	0.784	NA	NA	NA
rs1382872	50.4	0.109	TC/AT	1	0.744	NA	NA	NA
rs1382873	50.4	0.109	TC/AT	1	0.763	NA	NA	NA
rs1382874	50.5	0.109	TC/AT	1	0.802	NA	NA	NA
rs1382875	50.6	0.109	TG/AT	1	0.792	NA	NA	NA
rs4569644	50.8	0.109	TG/AA	1	0.818	NA	NA	NA
rs9864558	50.9	0.109	TT/AG	1	0.817	NA	NA	NA
rs9828174	51	0.125	TT/AC	1	0.804	NA	NA	NA
rs9864826	51	0.111	TA/AG	1	0.889	NA	NA	NA
rs55897024	51.4	0.111	TG/AA	1	0.754	NA	NA	NA
rs73000081	53.3	0.126	TT/AG	1	0.0307	NA	NA	NA
rs7626087	54.6	0.104	TG/AA	1	0.164	NA	NA	NA
rs9835887	55.4	0.281	TA/AG	1	0.0205	NA	NA	NA
rs66479442	55.7	0.124	TC/AG	1	0.099	NA	NA	NA
rs9819514	55.8	0.281	TT/AA	1	0.0176	NA	NA	NA
rs66679009	56.3	0.104	TG/AT	1	0.0958	NA	NA	NA
rs17620999	56.7	0.104	TG/AA	1	0.103	NA	NA	NA
rs36067464	56.8	0.122	TT/AC	1	0.0523	NA	NA	NA
rs17015592	58.6	0.107	TG/AA	1	0.9	NA	NA	NA
rs73805319	58.9	0.105	TC/AT	1	0.873	NA	NA	NA
rs13078307	60.5	0.109	TA/AC	1	0.84	NA	NA	NA
rs73000096	61.3	0.105	TA/AG	1	0.709	NA	NA	NA
rs10510233	63.4	0.129	TC/AT	1	0.546	NA	NA	NA
rs35792972	63.5	0.129	TG/AA	1	0.661	NA	NA	NA
rs5004846	63.6	0.129	TG/AA	1	0.572	NA	NA	NA
rs71311703	64.6	0.126	TG/AC	1	0.311	NA	NA	NA
rs6800347	65.9	0.129	TC/AA	1	0.27	NA	NA	NA
rs6788062	66.2	0.129	TG/AC	1	0.296	NA	NA	NA
rs13081495	66.6	0.126	TT/AG	1	0.402	NA	NA	NA
rs17621371	67.6	0.129	TT/AC	1	0.528	NA	NA	NA
rs13072786	67.7	0.126	TC/AT	1	0.47	NA	NA	NA
rs17621399	67.9	0.126	TG/AA	1	0.591	NA	NA	NA
rs13073522	68	0.126	TC/AT	1	0.571	NA	NA	NA
rs13089709	68.1	0.131	TT/AC	1	0.662	NA	NA	NA
rs13093102	68.3	0.126	TA/AG	1	0.56	NA	NA	NA
rs10510234	69.4	0.126	TA/AG	1	0.912	NA	NA	NA
rs73001927	88.9	0.139	TC/AA	1	0.0539	NA	NA	NA
