SNP	KB	R2	Alleles	F	P	inCredible	probNorm	cumSum
rs3742119	0	1	G	1	1.38e-08	1	0.0466099385533185	0.0466099385533185
rs7988232	-108	0.129	GA/AG	1	0.093	NA	NA	NA
rs4884126	-108	0.2	GG/AA	1	0.00606	NA	NA	NA
rs12430365	-107	0.117	GT/AC	1	0.134	NA	NA	NA
rs2876738	-104	0.121	GG/AT	1	0.169	NA	NA	NA
rs7982730	-102	0.156	GC/AT	1	0.103	NA	NA	NA
rs28634780	-102	0.161	GT/AC	1	0.0926	NA	NA	NA
rs10162073	-101	0.168	GT/AA	1	0.0144	NA	NA	NA
rs11149130	-101	0.166	GG/AC	1	0.0164	NA	NA	NA
rs9565478	-101	0.164	GG/AT	1	0.0168	NA	NA	NA
rs9565479	-98.4	0.254	GA/AG	1	0.00328	NA	NA	NA
rs9530878	-94	0.155	GT/AC	1	0.15	NA	NA	NA
rs4885619	-92.7	0.16	GG/AA	1	0.0912	NA	NA	NA
rs9545028	-92.5	0.143	GG/AC	1	0.115	NA	NA	NA
rs9545033	-90.1	0.154	GA/AG	1	0.185	NA	NA	NA
rs9545037	-86.7	0.257	GT/AA	1	0.00729	NA	NA	NA
rs9574384	-86.2	0.156	GA/AG	1	0.203	NA	NA	NA
rs7998634	-84.1	0.186	GT/AC	1	0.00828	NA	NA	NA
rs881143	-82.9	0.153	GT/AC	1	0.116	NA	NA	NA
rs9635022	-82.8	0.153	GC/AT	1	0.124	NA	NA	NA
rs9565480	-81.5	0.175	GA/AG	1	0.0097	NA	NA	NA
rs9574387	-79.6	0.151	GG/AC	1	0.0981	NA	NA	NA
rs4885621	-78.2	0.168	GT/AG	1	0.0848	NA	NA	NA
rs1609593	-77.5	0.153	GC/AT	1	0.11	NA	NA	NA
rs4255666	-77.1	0.175	GT/AA	1	0.00891	NA	NA	NA
rs9574389	-75.8	0.175	GT/AC	1	0.00908	NA	NA	NA
rs9530880	-71.4	0.156	GT/AC	1	0.0987	NA	NA	NA
rs11617565	-70.5	0.173	GA/AG	1	0.00955	NA	NA	NA
rs9574390	-68.1	0.173	GA/AC	1	0.00617	NA	NA	NA
rs9545040	-67.8	0.151	GA/AC	1	0.0786	NA	NA	NA
rs4575421	-64.2	0.18	GA/AG	1	0.0089	NA	NA	NA
rs9318619	-63	0.153	GC/AG	1	0.0544	NA	NA	NA
rs9601208	-62.8	0.33	GA/AC	1	0.000349	NA	NA	NA
rs7140027	-61.7	0.701	GG/AC	1	2.87e-07	1	0.00246403048529152	0.918620537259709
rs7333904	-61.4	0.748	GC/AG	1	1.45e-07	1	0.00476665141465895	0.75860727112271
rs943712	-60.2	0.629	GA/AG	1	1.63e-06	1	0.000462207427371536	0.939769035367934
rs943711	-60	0.629	GA/AG	1	1.62e-06	1	0.000464949602360995	0.939306827940563
rs943710	-59.9	0.748	GC/AT	1	2.06e-07	1	0.00339448940541488	0.881570222458844
rs943709	-59.9	0.629	GT/AC	1	1.66e-06	1	0.000454175636401983	0.940223211004336
rs6563096	-58.8	0.751	GC/AT	1	1.78e-07	1	0.00390933067523663	0.828681729667614
rs9530889	-58.3	0.629	GA/AG	1	1.56e-06	1	0.000482127391291852	0.938841878338202
rs9530891	-58.1	0.629	GT/AG	1	1.84e-06	1	0.000411393328429106	0.941057033817608
rs9545047	-57.5	0.996	GC/AA	1	1.7e-08	1	0.0380633534967725	0.291086851713405
rs9545048	-57.3	0.629	GA/AG	1	1.91e-06	1	0.000396896504931758	0.94145393032254
rs7338170	-56.8	0.634	GG/AA	1	2.18e-06	1	0.000349558167968901	0.94766512796759
rs1626333	-55.9	0.634	GC/AT	1	2.12e-06	1	0.000359054214204268	0.946260665449056
rs1856996	-55.4	0.634	GG/AC	1	2.08e-06	1	0.000365683609531774	0.944091524866571
rs1856997	-55.4	0.634	GA/AG	1	1.91e-06	1	0.000396896504931758	0.941850826827472
rs4885625	-52.5	0.634	GG/AT	1	1.79e-06	1	0.000422429484842701	0.940645640489179
rs1324873	-50.6	0.634	GA/AT	1	2.05e-06	1	0.000370822297316586	0.942989367927037
rs4573813	-49.5	0.634	GC/AT	1	2.05e-06	1	0.000370822297316586	0.94261854562972
rs9565482	-49	0.634	GA/AG	1	2.2e-06	1	0.000346505855741377	0.948707684163854
rs9565483	-48.9	0.634	GA/AG	1	2.34e-06	1	0.000326575046983277	0.958469634807792
rs9545052	-48	0.634	GC/AT	1	2.22e-06	1	0.000343507545222268	0.949744203420559
rs9635027	-47.3	0.755	GA/AG	1	2e-07	1	0.00349286071299884	0.857467920407805
rs9545053	-46.8	0.755	GG/AT	1	1.94e-07	1	0.00359721895105869	0.839761511900306
rs2147566	-46.3	0.634	GT/AA	1	2.07e-06	1	0.000367380256015541	0.943725841257039
rs1028770	-45.5	0.634	GA/AG	1	2.1e-06	1	0.000362337917629042	0.945181868594406
rs1324871	-45.1	0.441	GG/AA	1	8.26e-06	0	9.75418632391974e-05	0.998661442576667
rs1324870	-44.9	0.634	GC/AT	1	2.53e-06	1	0.000302994017367675	0.973844938116317
rs9574402	-44.5	1	GA/AT	1	2.12e-08	1	0.0307188144524368	0.487636393008664
rs9545054	-44	0.634	GC/AT	1	2.28e-06	1	0.0003348225754216	0.954494802826842
rs2876739	-43.8	0.634	GG/AT	1	2.28e-06	1	0.0003348225754216	0.955164447977686
rs7983344	-43.6	0.634	GC/AT	1	2.55e-06	1	0.000300712574621076	0.97505119735425
rs7988331	-43.1	0.634	GT/AC	1	2.23e-06	1	0.000342028191828936	0.950429739157611
rs9530893	-42.2	0.755	GT/AC	1	1.93e-07	1	0.00361523285374509	0.836164292949247
rs4264284	-41.9	0.634	GT/AC	1	2.06e-06	1	0.000369093073986888	0.943358461001023
rs9601211	-39.1	1	GT/AC	1	1.97e-08	1	0.0329871499919256	0.394027137965926
rs7358847	-38.4	0.634	GG/AA	1	2.65e-06	1	0.000289812642108823	0.981276705295928
rs36152718	-36.8	0.751	GA/AC	1	1.1e-07	1	0.00622711217359828	0.732121052145957
rs1007569	-36.1	0.634	GC/AG	1	2.49e-06	1	0.000307664799142644	0.970785883133257
rs9565485	-35.4	0.634	GG/AT	1	2.49e-06	1	0.000307664799142644	0.9710935479324
rs28579970	-34.1	0.634	GA/AG	1	2.47e-06	1	0.000310055864463105	0.968316229135234
rs4885626	-33.1	0.634	GG/AA	1	2.23e-06	1	0.000342028191828936	0.950771767349439
rs4885627	-33.1	0.634	GA/AG	1	2.26e-06	1	0.000337667260604521	0.954159980251421
rs4885628	-33	0.634	GT/AC	1	2.25e-06	1	0.000339108218912952	0.951451437375042
rs4885629	-33	0.634	GC/AT	1	2.25e-06	1	0.000339108218912952	0.952807870250694
rs1980883	-32.2	0.634	GT/AC	1	2.56e-06	1	0.000299584975819123	0.976552505029751
rs9545061	-32.2	0.755	GA/AG	1	2.21e-07	1	0.00317158393807302	0.904541438324735
rs1927506	-31.5	0.634	GA/AG	1	2.31e-06	1	0.000330646236612327	0.957484504382346
rs1409019	-30.4	0.634	GT/AC	1	2.28e-06	1	0.0003348225754216	0.954829625402264
rs1408656	-30.3	0.445	GC/AT	1	7.81e-06	0	0.000102907820091147	0.998563900713428
rs7317343	-30.3	0.634	GA/AG	1	2.31e-06	1	0.000330646236612327	0.957153858145733
rs6563098	-29.8	0.634	GC/AT	1	2.29e-06	1	0.000333418527172331	0.955497866504858
rs1748768	-29.6	0.634	GT/AA	1	2.31e-06	1	0.000330646236612327	0.956492565672509
rs1409018	-29.5	0.634	GT/AC	1	2.31e-06	1	0.000330646236612327	0.956823211909121
rs1410332	-27.7	0.634	GA/AC	1	2.26e-06	1	0.000337667260604521	0.953822312990816
rs12865187	-26.4	0.631	GT/AG	1	3.22e-06	0	0.00024040258143627	0.995923040639067
rs9545065	-25.8	0.634	GC/AT	1	2.36e-06	1	0.00032391737951718	0.960422435370104
rs9565486	-25.4	0.634	GA/AG	1	2.47e-06	1	0.000310055864463105	0.967696117406308
rs9545066	-25.3	0.634	GC/AA	1	2.32e-06	1	0.000329277689231627	0.957813782071577
rs3818563	-24.3	0.634	GC/AT	1	2.45e-06	1	0.000312485243492298	0.965826074397264
rs3187338	-22.3	0.631	GT/AC	1	2.2e-06	1	0.000346505855741377	0.949400695875337
rs80185968	-20.8	0.103	GT/AC	1	0.837	NA	NA	NA
rs9545067	-19.4	0.755	GG/AA	1	2.08e-07	1	0.00336294072851135	0.888296103915866
rs9545068	-18.8	0.634	GT/AC	1	2.48e-06	1	0.000308855599840158	0.969551651534594
rs9318621	-17.2	0.634	GT/AC	1	2.38e-06	1	0.000321303566212117	0.961387647562197
rs7322167	-16.9	0.634	GT/AG	1	2.47e-06	1	0.000310055864463105	0.968006173270771
rs9285309	-16.2	0.634	GT/AA	1	2.41e-06	1	0.000317462712216774	0.963302645166021
rs12875039	-15.4	0.634	GC/AT	1	2.73e-06	1	0.000281657344455584	0.985569356356021
rs9545069	-14.8	0.634	GT/AC	1	2.38e-06	1	0.000321303566212117	0.961066343995985
rs9285310	-14.5	0.634	GA/AG	1	2.6e-06	1	0.000295159736584453	0.979231009930565
rs7317416	-14.5	0.634	GT/AC	1	2.71e-06	1	0.000283651860535163	0.984153091569425
rs9574405	-13.9	0.755	GG/AA	1	2.12e-07	1	0.00330160161925461	0.891597705535121
rs9593391	-13.7	0.634	GG/AC	1	2.6e-06	1	0.000295159736584453	0.97952616966715
rs1408658	-13.6	0.634	GA/AG	1	2.38e-06	1	0.000321303566212117	0.961708951128409
rs1408657	-13.5	0.636	GG/AA	1	2.38e-06	1	0.000321303566212117	0.962030254694621
rs77391371	-13.5	0.131	GC/AT	1	0.703	NA	NA	NA
rs3903388	-12.2	1	GC/AT	1	2.04e-08	1	0.0318876516872224	0.425914789653149
rs1752649	-10.9	0.634	GA/AG	1	2.55e-06	1	0.000300712574621076	0.975351909928871
rs1749983	-10.8	0.634	GC/AT	1	2.43e-06	1	0.000314953870926667	0.965199874562218
rs1752648	-10.7	0.634	GC/AG	1	2.42e-06	1	0.00031620320326325	0.964884920691291
rs1752647	-10.1	0.634	GG/AA	1	1.91e-06	1	0.000396896504931758	0.942247723332403
rs1752646	-10.1	0.634	GC/AT	1	2.42e-06	1	0.00031620320326325	0.964252514284765
rs1749988	-9.76	0.634	GC/AT	1	2.42e-06	1	0.00031620320326325	0.964568717488028
rs12871015	-9.3	0.631	GT/AC	1	2.99e-06	0	0.000258114383388474	0.993459365089711
rs9530894	-8.84	0.634	GG/AA	1	2.48e-06	1	0.000308855599840158	0.968625084735074
rs9545073	-7.99	1	GT/AC	1	2.1e-08	1	0.0310027889030784	0.456917578556227
rs9530895	-7.98	0.634	GA/AG	1	2.48e-06	1	0.000308855599840158	0.969860507134435
rs9530896	-7.35	0.634	GC/AT	1	2.49e-06	1	0.000307664799142644	0.971708877530685
rs9545076	-6.88	0.634	GA/AG	1	2.63e-06	1	0.000291927532836876	0.980112171432093
rs9530897	-6.44	0.634	GC/AT	1	2.48e-06	1	0.000308855599840158	0.969242795934754
rs9574406	-3.88	0.634	GT/AC	1	2.63e-06	1	0.000291927532836876	0.980696026497766
rs9545078	-3.64	1	GT/AC	1	1.65e-08	1	0.0391830473677168	0.253023498216632
rs7332367	-3.04	0.634	GC/AT	1	2.78e-06	1	0.000276794313968276	0.988079846426928
rs7981067	-1.6	0.634	GT/AG	1	2.5e-06	1	0.000306483350139172	0.972323025679967
rs7996652	-1.38	0.634	GT/AC	1	2.44e-06	1	0.000313714591553645	0.965513589153772
rs9565488	-1.26	0.634	GC/AT	1	2.51e-06	1	0.000305311142371512	0.972628336822339
rs9574409	-1.02	0.755	GC/AA	1	2.08e-07	1	0.00336294072851135	0.884933163187355
rs9565489	-0.753	0.634	GT/AC	1	2.45e-06	1	0.000312485243492298	0.966451044884248
rs3742117	-0.361	0.634	GA/AG	1	2.4e-06	1	0.000318732523483526	0.962667719741588
rs3742118	-0.021	0.634	GT/AA	1	2.17e-06	1	0.000351105035798088	0.946966011631652
rs7319320	0.213	0.634	GC/AT	1	2.09e-06	1	0.000364002905102838	0.944455527771674
rs9574410	0.232	0.634	GA/AC	1	2.52e-06	1	0.000304148067119651	0.97354194409895
rs7987769	1.11	0.755	GT/AC	1	2.04e-07	1	0.00342664691101469	0.874749086142414
rs2274555	1.33	0.634	GT/AC	1	2.51e-06	1	0.000305311142371512	0.97293364796471
rs3752994	2.22	0.634	GT/AC	1	2.09e-06	1	0.000364002905102838	0.944819530676776
rs9565491	3.18	0.634	GG/AT	1	2.83e-06	1	0.000272099989133735	0.990002305875426
rs9545079	3.18	0.634	GA/AC	1	2.85e-06	0	0.000270267531118582	0.990544673395679
rs4884129	3.59	0.634	GC/AT	1	2.22e-06	1	0.000343507545222268	0.950087710965782
rs9318623	4.05	0.634	GA/AG	1	2.95e-06	0	0.000261471182405973	0.992939779523916
rs1410336	4.74	0.634	GG/AC	1	2.11e-06	1	0.00036068842624175	0.945542557020647
rs7327386	5.04	0.755	GA/AG	1	1.96e-07	1	0.00356173406522147	0.850482198981808
rs9565492	5.7	0.634	GA/AG	1	2.2e-06	1	0.000346505855741377	0.949054190019596
rs7998837	6.33	0.634	GT/AC	1	2.57e-06	1	0.000298465990839573	0.977749725948048
rs9318624	8.06	0.755	GT/AG	1	1.78e-07	1	0.00390933067523663	0.824772398992378
rs9318625	8.57	0.634	GT/AC	1	2.3e-06	1	0.000332026465519218	0.956161919435896
rs9318626	8.96	1	GT/AC	1	1.96e-08	1	0.0331505430705955	0.361039987974001
rs7338677	9.72	0.634	GT/AC	1	2.19e-06	1	0.000348025170261534	0.948361178308113
rs7322744	11.2	0.634	GT/AC	1	2.25e-06	1	0.000339108218912952	0.952129653812868
rs56911077	11.3	1	GA/AT	1	1.65e-08	1	0.0391830473677168	0.213840450848916
rs9574411	11.5	0.634	GA/AG	1	2.87e-06	0	0.000268460141085837	0.991353668599002
rs9530900	12.2	0.634	GA/AG	1	2.41e-06	1	0.000317462712216774	0.962985182453805
rs9530901	12.3	0.634	GA/AG	1	2.25e-06	1	0.000339108218912952	0.952468762031781
rs4328330	12.6	0.634	GC/AT	1	2.42e-06	1	0.00031620320326325	0.963936311081501
rs4497554	12.8	0.634	GC/AT	1	2.34e-06	1	0.000326575046983277	0.959449359948742
rs9318627	13.1	1	GC/AA	1	1.76e-08	1	0.0368025931900001	0.327889444903405
rs2182873	14	0.634	GA/AG	1	2.36e-06	1	0.00032391737951718	0.960098517990587
rs2025913	14.5	0.634	GC/AT	1	2.49e-06	1	0.000307664799142644	0.972016542329828
rs2057573	14.9	0.634	GT/AG	1	2.34e-06	1	0.000326575046983277	0.958796209854775
rs10444623	15.1	0.755	GA/AG	1	1.45e-07	1	0.00476665141465895	0.763373922537369
rs7995243	15.8	0.634	GG/AT	1	2.85e-06	0	0.000270267531118582	0.990814940926797
rs9545082	16.1	0.634	GG/AC	1	2.54e-06	1	0.000301848887770447	0.974146787004088
rs7332913	16.3	0.634	GA/AG	1	2.48e-06	1	0.000308855599840158	0.968933940334914
rs9545083	17.8	0.634	GG/AA	1	2.45e-06	1	0.000312485243492298	0.966138559640756
rs7322756	18.3	0.634	GA/AG	1	2.26e-06	1	0.000337667260604521	0.953484645730212
rs7324006	18.4	0.634	GC/AT	1	2.3e-06	1	0.000332026465519218	0.955829892970377
rs7322673	18.4	0.634	GT/AC	1	2.34e-06	1	0.000326575046983277	0.959122784901759
rs9574413	19.6	0.431	GA/AT	1	0.000312	0	3.1279943258547e-06	0.999998808652308
rs9545085	21.1	0.629	GG/AA	1	2.25e-06	1	0.000339108218912952	0.953146978469607
rs9545086	21.4	1	GC/AT	1	1.44e-08	1	0.0447221770911073	0.0913321156444259
rs9545087	21.6	1	GC/AT	1	1.51e-08	1	0.0427069570443913	0.134039072688817
rs7319212	22.5	0.634	GC/AT	1	2.76e-06	1	0.000278718774185894	0.98696978589004
rs7319252	22.6	0.634	GC/AA	1	2.79e-06	1	0.000275842239344338	0.988908325219585
rs2274554	23.5	0.448	GG/AA	1	3.09e-06	0	0.000250095692555802	0.99421514932191
rs7327603	23.8	0.634	GC/AT	1	2.56e-06	1	0.000299584975819123	0.977151674981389
rs9545090	24.4	0.634	GC/AT	1	2.48e-06	1	0.000308855599840158	0.970478218334115
rs9530902	24.9	0.634	GG/AA	1	2.52e-06	1	0.000304148067119651	0.97323779603183
rs9593392	25.4	0.634	GA/AG	1	2.71e-06	1	0.000283651860535163	0.98443674342996
rs9318633	26.3	0.634	GC/AA	1	3.13e-06	0	0.000247029051699868	0.994712274066166
rs9318634	26.4	0.634	GA/AG	1	2.91e-06	0	0.000264918521826362	0.99215194173032
rs9545092	27	0.634	GC/AT	1	2.25e-06	1	0.000339108218912952	0.951790545593955
rs9530904	27.3	0.755	GG/AA	1	1.31e-07	1	0.00525857390446807	0.748840292984143
rs12872328	27.6	0.634	GT/AC	1	2.74e-06	1	0.000280670803932279	0.986131684504409
rs2182010	27.8	0.634	GG/AA	1	2.75e-06	1	0.00027969130572236	0.986691067115854
rs9545093	29.1	0.634	GG/AA	1	2.46e-06	1	0.000311265707051831	0.967074795834793
rs9530905	29.3	0.755	GC/AA	1	2.13e-07	1	0.00328662122482337	0.894884326759944
rs9530906	29.5	0.634	GT/AC	1	2.54e-06	1	0.000301848887770447	0.974750484779629
rs11620233	31	0.631	GC/AT	1	3.06e-06	0	0.000252447292888215	0.993965053629355
rs8001392	31.4	0.634	GG/AA	1	2.68e-06	1	0.000286698407494683	0.983584779715925
rs4146473	31.7	0.634	GT/AC	1	2.58e-06	1	0.000297355520702497	0.978047081468751
rs35476664	32.6	0.634	GT/AA	1	2.78e-06	1	0.000276794313968276	0.988356640740896
rs1980764	35	0.634	GG/AA	1	2.93e-06	0	0.000263183305595064	0.99267830834151
rs1619669	35.5	0.634	GC/AT	1	2.48e-06	1	0.000308855599840158	0.970169362734275
rs3764150	35.7	0.634	GC/AA	1	2.8e-06	1	0.000274896839470822	0.989183222059056
rs1749982	35.8	0.634	GC/AG	1	2.56e-06	1	0.000299584975819123	0.977451259957208
rs1324868	37.2	0.634	GA/AG	1	2.78e-06	1	0.000276794313968276	0.98780305211296
rs6563100	40.1	0.634	GG/AA	1	2.32e-06	1	0.000329277689231627	0.958143059760809
rs7321186	40.5	0.621	GG/AA	1	2.82e-06	1	0.000273025783304249	0.989730205886293
rs7322901	40.6	0.631	GC/AT	1	2.18e-06	1	0.000349558167968901	0.947315569799621
rs9530913	41.7	0.634	GT/AA	1	2.77e-06	1	0.000277753134765753	0.987526257798992
rs7329331	42.1	0.634	GT/AG	1	2.85e-06	0	0.000270267531118582	0.991085208457916
rs7330479	42.2	0.634	GA/AT	1	2.95e-06	0	0.000261471182405973	0.993201250706322
rs7336186	42.6	0.634	GT/AC	1	2.66e-06	1	0.00028876690337457	0.981855284841411
rs7336581	42.9	0.634	GT/AC	1	2.66e-06	1	0.00028876690337457	0.98243281864816
rs3742120	43.8	0.755	GC/AG	1	2.56e-07	1	0.00275163996977899	0.913435659720841
rs3742122	44.2	0.755	GA/AG	1	2.31e-07	1	0.00303882329618712	0.910684019751062
rs9545097	44.5	1	GC/AA	1	2.89e-08	1	0.0227409962372511	0.561346140763092
rs2031815	45.4	0.634	GA/AG	1	2.4e-06	1	0.000318732523483526	0.962348987218104
rs9574416	45.7	0.634	GG/AA	1	3.2e-06	0	0.000241843518775565	0.995200391957419
rs7331872	45.9	0.631	GG/AA	1	2.93e-06	0	0.000263183305595064	0.992415125035915
rs9530914	46.3	0.519	GT/AG	1	0.00024	0	3.99997448159182e-06	0.999995680657982
rs6563104	46.9	0.634	GT/AC	1	2.66e-06	1	0.00028876690337457	0.983010352454909
rs7981500	48.6	0.634	GC/AT	1	2.15e-06	1	0.000354241146798214	0.946614906595854
rs7986306	49.7	0.627	GC/AA	1	4.35e-06	0	0.000180181167553769	0.99786479737958
rs7323246	50	0.634	GC/AA	1	3.28e-06	0	0.000236183253914326	0.996159223892981
rs9574418	51	0.996	GC/AT	1	3.67e-08	1	0.018036381960356	0.640851145392441
rs1590465	51.1	0.634	GG/AA	1	2.83e-06	0	0.000272099989133735	0.99027440586456
rs117102228	51.2	0.103	GA/AG	1	0.678	NA	NA	NA
rs7331766	51.2	0.634	GG/AT	1	2.56e-06	1	0.000299584975819123	0.97685209000557
rs9593396	53.3	1	GA/AG	1	2.46e-08	1	0.0265889286893913	0.514225321698055
rs9530915	53.7	0.631	GC/AT	1	2.66e-06	1	0.00028876690337457	0.982144051744786
rs12584193	53.9	0.448	GC/AT	1	1.05e-05	0	7.75587432530551e-05	0.999011541050936
rs2182009	54.9	0.634	GT/AG	1	3.2e-06	0	0.000241843518775565	0.995442235476194
rs4605023	55.8	0.634	GC/AT	1	3.46e-06	0	0.000224387447730574	0.996849209198197
rs9565496	55.9	0.634	GC/AG	1	2.67e-06	1	0.000287728853520524	0.98329808130843
rs9545101	56.9	1	GC/AT	1	3.08e-08	1	0.0213786692743203	0.604585658216069
rs12877507	59	0.634	GT/AA	1	2.81e-06	1	0.000273958043932495	0.989457180102988
rs9574419	59.5	0.634	GT/AC	1	3.05e-06	0	0.000253241246755548	0.993712606336466
rs75266347	59.8	0.181	GC/AT	1	0.437	NA	NA	NA
rs1886494	60.1	0.631	GT/AC	1	3.3e-06	0	0.000234810273348468	0.99639403416633
rs9601226	60.5	0.634	GT/AC	1	2.66e-06	1	0.00028876690337457	0.982721585551535
rs9545104	61.1	0.634	GT/AC	1	2.41e-06	1	0.000317462712216774	0.963620107878238
rs9545106	61.3	0.634	GC/AT	1	2.59e-06	1	0.000296253467943437	0.978640690457396
rs9574420	61.5	0.634	GG/AA	1	3.09e-06	0	0.000250095692555802	0.994465245014466
rs2763810	62.7	0.634	GC/AT	1	3.22e-06	0	0.00024040258143627	0.995682638057631
rs9565497	63.5	0.634	GC/AG	1	3.59e-06	0	0.000216590603438325	0.997285322697659
rs1853830	64	0.629	GA/AG	1	3.54e-06	0	0.00021952289602348	0.99706873209422
rs2296287	64.2	0.627	GA/AT	1	2.75e-06	1	0.00027969130572236	0.986411375810132
rs1748761	64.6	0.627	GA/AG	1	2.46e-06	1	0.000311265707051831	0.967386061541844
rs2763809	64.7	0.627	GA/AC	1	2.37e-06	1	0.000322605059668411	0.960745040429772
rs1748762	65.1	0.624	GG/AA	1	2.71e-06	1	0.000283651860535163	0.985287699011566
rs1748763	65.1	0.627	GA/AG	1	2.71e-06	1	0.000283651860535163	0.985004047151031
rs7987193	65.6	0.627	GG/AC	1	2.19e-06	1	0.000348025170261534	0.948013153137851
rs912639	66.9	0.627	GG/AA	1	2.63e-06	1	0.000291927532836876	0.980404098964929
rs2876740	67	0.627	GT/AC	1	2.64e-06	1	0.000290866156052646	0.980986892653819
rs8001281	67.8	0.627	GC/AT	1	2.71e-06	1	0.000283651860535163	0.984720395290496
rs7336939	67.9	0.627	GA/AG	1	2.49e-06	1	0.000307664799142644	0.971401212731543
rs7336979	68	0.622	GA/AG	1	3.14e-06	0	0.000246274372477235	0.994958548438643
rs8001622	68	0.622	GC/AT	1	2.55e-06	1	0.000300712574621076	0.975652622503492
rs9545108	68.3	0.745	GA/AT	1	1.8e-07	1	0.00386733042788805	0.832549060095502
rs1624537	68.8	0.627	GT/AC	1	2.89e-06	0	0.000266677304746079	0.991620345903748
rs1616547	69	0.637	GC/AA	1	6.13e-06	0	0.000129736799178098	0.998136485124313
rs12868295	69.1	0.45	GC/AT	1	8.78e-06	0	9.20132492295722e-05	0.99884890032607
rs9318638	69.2	0.718	GT/AC	1	2.26e-07	1	0.00310375813013926	0.907645196454874
rs1748769	69.9	0.627	GT/AC	1	2.73e-06	1	0.000281657344455584	0.985851013700477
rs8001638	69.9	0.452	GC/AT	1	7.36e-06	0	0.000108916038501906	0.998245401162815
rs11617011	70.3	0.45	GG/AA	1	7.44e-06	0	0.000107795865261082	0.998460992893337
rs9545109	70.6	0.627	GC/AA	1	2.61e-06	1	0.000294074232105841	0.979820243899256
rs7328494	71.8	0.627	GA/AG	1	2.65e-06	1	0.000289812642108823	0.981566517938037
rs9574422	72.4	0.996	GT/AC	1	3.63e-08	1	0.018229105216016	0.622814763432085
rs2147568	74.2	0.627	GT/AC	1	2.89e-06	0	0.000266677304746079	0.991887023208494
rs9530917	74.9	0.627	GG/AA	1	2.76e-06	1	0.000278718774185894	0.987248504664226
rs7990321	75.2	0.627	GC/AT	1	2.79e-06	1	0.000275842239344338	0.988632482980241
rs7331525	76	0.627	GC/AT	1	2.6e-06	1	0.000295159736584453	0.978935850193981
rs2765078	77.7	0.627	GC/AT	1	3.99e-06	0	0.000195731420701873	0.997684616212026
rs9601227	77.9	0.627	GC/AA	1	2.54e-06	1	0.000301848887770447	0.974448635891858
rs8001795	78.5	0.748	GC/AA	1	2.18e-07	1	0.00321374897773027	0.901369854386662
rs8002838	78.8	0.748	GA/AG	1	1.96e-07	1	0.00356173406522147	0.846920464916586
rs9545113	79.2	0.748	GA/AG	1	2.01e-07	1	0.00347606406960734	0.86442004854702
rs9530920	80.4	0.748	GT/AC	1	2.04e-07	1	0.00342664691101469	0.878175733053429
rs9545114	80.9	0.748	GA/AG	1	2.01e-07	1	0.00347606406960734	0.860943984477413
rs643778	81.1	0.748	GG/AT	1	2.02e-07	1	0.00345943114385526	0.867879479690875
rs586219	82.3	0.748	GT/AC	1	1.58e-07	1	0.00438683299837467	0.809092375299977
rs7338678	82.4	0.627	GT/AG	1	2.7e-06	1	0.00028465999296543	0.98386943970889
rs2265377	82.6	0.748	GG/AA	1	1.52e-07	1	0.00455418438828894	0.786686349315466
rs2265378	82.7	0.748	GT/AC	1	1.48e-07	1	0.00467317094239915	0.777548815858561
rs2265381	83	0.619	GC/AT	1	2.45e-06	1	0.000312485243492298	0.966763530127741
rs2265382	83.3	0.627	GA/AG	1	2.55e-06	1	0.000300712574621076	0.975953335078113
rs9318640	83.7	0.627	GT/AC	1	2.12e-06	1	0.000359054214204268	0.945901611234852
rs9318641	83.7	0.624	GT/AC	1	2.58e-06	1	0.000297355520702497	0.978344436989453
rs2477395	84.8	0.624	GC/AT	1	2.35e-06	1	0.000325240662327662	0.95977460061107
rs2095477	85	0.745	GT/AG	1	1.78e-07	1	0.00390933067523663	0.820863068317141
rs2484345	85.1	0.992	GC/AG	1	2.69e-08	1	0.0243798228277861	0.538605144525841
rs2477397	85.4	0.627	GG/AA	1	2.56e-06	1	0.000299584975819123	0.976252920053932
rs314695	89.3	0.627	GC/AT	1	2.24e-06	1	0.000340561806689932	0.951112329156129
rs314694	89.6	0.748	GA/AG	1	1.52e-07	1	0.00455418438828894	0.791240533703755
rs418150	89.8	0.748	GC/AG	1	1.52e-07	1	0.00455418438828894	0.795794718092044
rs416660	89.9	0.748	GA/AG	1	1.57e-07	1	0.00441385017057387	0.804705542301603
rs314693	89.9	0.748	GA/AG	1	1.51e-07	1	0.00458334906861639	0.782132164927177
rs314692	90.2	0.745	GC/AG	1	1.38e-07	1	0.00500032672390815	0.753840619708051
rs9565500	90.6	0.745	GA/AG	1	1.46e-07	1	0.00473507096413338	0.772875644916162
rs314690	92	0.606	GT/AC	1	1.59e-08	1	0.0406183307923816	0.174657403481199
rs314689	93.4	0.497	GT/AG	1	3.83e-06	0	0.00020356209366531	0.997488884791324
rs12585625	95.2	0.348	GG/AT	1	6.78e-06	NA	NA	NA
rs420387	99.7	0.752	GG/AA	1	0.000149	0	6.26088789127953e-06	0.9999916806835
rs7334344	103	0.287	GC/AG	1	0.00301	NA	NA	NA
rs12872114	104	0.307	GC/AT	1	6.37e-06	NA	NA	NA
rs314687	105	0.503	GG/AC	1	3.36e-06	0	0.000230787584136584	0.996624821750466
rs314688	106	0.887	GA/AG	1	3.01e-08	1	0.021860848178656	0.583206988941748
rs221348	107	0.137	GT/AC	1	0.0353	NA	NA	NA
rs386603	113	0.446	GG/AA	1	5.58e-06	0	0.000141950945554933	0.998006748325135
rs4476060	118	0.448	GG/AA	1	8.45e-06	0	9.54445001732757e-05	0.99875688707684
rs9574429	118	0.448	GA/AG	1	9.53e-06	0	8.50819816134033e-05	0.998933982307683
rs9593399	121	0.495	GT/AC	1	7.44e-06	0	0.000107795865261082	0.998353197028076
rs7325095	124	0.891	GT/AC	1	5.07e-08	1	0.0131850362582686	0.699345084486915
rs9530922	126	0.891	GT/AG	1	4.72e-08	1	0.0141316918683156	0.672924402411747
rs4885633	127	0.891	GA/AG	1	5.05e-08	1	0.0132356458168991	0.686160048228646
rs12858106	130	0.495	GT/AG	1	1.33e-05	0	6.1893371432899e-05	0.999073434422369
rs7999283	131	0.446	GG/AT	1	1.42e-05	0	5.81460095286243e-05	0.999131580431898
rs7988601	133	0.891	GA/AG	1	6.51e-08	1	0.010348365880022	0.709693450366937
rs6563110	134	0.891	GT/AC	1	7.11e-08	1	0.00950126660075197	0.719194716967689
rs7996493	134	0.448	GG/AA	1	1.48e-05	0	5.58959126455972e-05	0.999187476344544
rs7338530	135	0.891	GC/AT	1	3.69e-08	1	0.0179415651509909	0.658792710543431
rs4145207	140	0.435	GT/AC	1	3.81e-05	0	2.27327114906976e-05	0.999614428968127
rs4885634	140	0.86	GC/AT	1	1.77e-07	1	0.00393068117096354	0.813023056470941
rs7990344	142	0.432	GC/AT	1	4.24e-05	0	2.05390096357798e-05	0.999699459206501
rs8002042	144	0.864	GA/AG	1	1.45e-07	1	0.00476665141465895	0.768140573952028
rs7982263	144	0.851	GT/AC	1	1.02e-07	1	0.00669922300466995	0.725893939972359
rs1577418	145	0.435	GA/AC	1	4.09e-05	0	2.12530509025215e-05	0.999657862511489
rs17071512	145	0.166	GC/AT	1	0.435	NA	NA	NA
rs1335370	146	0.435	GT/AA	1	3.7e-05	0	2.33738220850668e-05	0.999591696256636
rs6563113	147	0.857	GG/AA	1	2.14e-07	1	0.00327177864898759	0.898156105408932
rs9530925	150	0.864	GT/AC	1	2.03e-07	1	0.003442959540524	0.871322439231399
rs4885636	158	0.437	GG/AA	1	3.91e-05	0	2.21804924596205e-05	0.999636609460587
rs1577416	158	0.868	GT/AC	1	1.77e-07	1	0.00393068117096354	0.816953737641904
rs1335368	159	0.436	GA/AG	1	3.38e-05	0	2.54703838807722e-05	0.99951841068707
rs117515623	163	0.119	GT/AG	1	0.701	NA	NA	NA
rs9318644	167	0.86	GA/AC	1	1.54e-07	1	0.00449697403898464	0.800291692131029
rs9565510	167	0.433	GG/AA	1	2.98e-05	0	2.87083706354266e-05	0.999385662733246
rs7990250	172	0.433	GG/AA	1	1.93e-05	0	4.34016022523691e-05	0.999277016250404
rs17071545	173	0.166	GT/AC	1	0.416	NA	NA	NA
rs7339303	174	0.86	GA/AG	1	1.16e-07	1	0.00591515697901174	0.738036209124969
rs7321953	175	0.86	GA/AG	1	1.24e-07	1	0.00554550995470657	0.743581719079675
rs71445304	175	0.302	GT/AC	1	4.77e-05	NA	NA	NA
rs6563115	175	0.436	GA/AG	1	4.67e-05	0	1.8740885472681e-05	0.999816820211038
rs1475797	177	0.864	GT/AG	1	1.94e-07	1	0.00359721895105869	0.843358730851365
rs9574434	179	0.435	GC/AT	1	4.13e-05	0	2.10576853761674e-05	0.999678920196865
rs6563116	179	0.864	GG/AC	1	2e-07	1	0.00349286071299884	0.853975059694806
rs12877278	181	0.302	GC/AG	1	7.99e-05	NA	NA	NA
rs2760106	182	0.436	GC/AA	1	4.28e-05	0	2.03568608074236e-05	0.999719816067308
rs2783119	182	0.864	GA/AG	1	3.09e-07	1	0.00229441790210523	0.920914955161814
rs2783120	182	0.436	GA/AG	1	4.32e-05	0	2.01780082315961e-05	0.999760172083772
rs2783121	186	0.436	GT/AC	1	5.03e-05	0	1.74668654131264e-05	0.999906782458465
rs2783122	186	0.436	GC/AT	1	4.79e-05	0	1.82954323586399e-05	0.999853743082769
rs2760105	193	0.834	GG/AA	1	1.11e-06	1	0.000668838894469044	0.937723948588909
rs2760103	195	0.435	GC/AG	1	5.4e-05	0	1.63306241490327e-05	0.999939885491706
rs1408049	197	0.436	GC/AG	1	4.97e-05	0	1.76666782904879e-05	0.999889315593052
rs2065743	200	0.433	GG/AC	1	4.32e-05	0	2.01780082315961e-05	0.99973999407554
rs73234699	204	0.166	GC/AA	1	0.46	NA	NA	NA
rs987284	207	0.435	GC/AA	1	3.27e-05	0	2.6283597299626e-05	0.999467180263869
rs1414156	208	0.429	GC/AT	1	3.53e-05	0	2.44413636004879e-05	0.999568322434551
rs1414155	208	0.429	GC/AT	1	3.38e-05	0	2.54703838807722e-05	0.999543881070951
rs1212082	210	0.86	GA/AG	1	3.24e-07	1	0.00219177911981233	0.923106734281626
rs700396	210	0.435	GG/AA	1	3.34e-05	0	2.57600393204684e-05	0.999492940303189
rs2760102	212	0.86	GC/AT	1	2.59e-07	1	0.00272084705357684	0.916156506774417
rs9601240	215	0.849	GG/AC	1	3.57e-07	1	0.0019958828688303	0.929277207412972
rs9601242	219	0.853	GC/AA	1	3.58e-07	1	0.00199050159549374	0.931267709008465
rs73235963	220	0.853	GC/AA	1	3.49e-07	1	0.00204002498562513	0.927281324544141
rs2484343	221	0.853	GA/AG	1	3.58e-07	1	0.00199050159549374	0.933258210603959
rs2783123	223	0.342	GT/AA	1	0.000691	NA	NA	NA
rs2476173	223	0.853	GG/AA	1	3.33e-07	1	0.00213456527688991	0.925241299558516
rs2760101	225	0.433	GG/AA	1	3.05e-05	0	2.80818213225241e-05	0.999413744554568
rs1208049	227	0.853	GG/AT	1	3.66e-07	1	0.0019484931384831	0.935206703742442
rs2476172	234	0.469	GT/AC	1	2.07e-05	0	4.06017501402802e-05	0.999317618000544
rs2484344	237	0.472	GT/AC	1	2.14e-05	0	3.93363620665198e-05	0.99935695436261
rs2783125	241	0.844	GA/AG	1	8.77e-07	1	0.000839113205340918	0.93705510969444
rs7984163	241	0.334	GT/AC	1	2.38e-05	NA	NA	NA
rs2783126	242	0.84	GC/AT	1	7.24e-07	1	0.00100929274665635	0.936215996489099
rs2181433	243	0.472	GC/AT	1	1.81e-05	0	4.6138303607696e-05	0.999233614648151
rs55784866	245	0.112	GT/AC	1	0.169	NA	NA	NA
rs9545142	246	0.844	GT/AC	1	1.17e-06	1	0.000635802358001363	0.93835975094691
rs4885640	246	0.333	GC/AG	1	1.69e-05	NA	NA	NA
rs2783127	249	0.467	GC/AT	1	3.16e-05	0	2.71521120006822e-05	0.999440896666569
rs1414154	251	0.379	GA/AC	1	0.000269	NA	NA	NA
rs2783129	252	0.471	GG/AC	1	5.75e-05	0	1.53874275260754e-05	0.999971433469237
rs9601248	252	0.392	GC/AT	1	0.00263	NA	NA	NA
rs2783130	253	0.454	GG/AA	1	5.46e-05	0	1.61605500050281e-05	0.999956046041711
rs9545145	257	0.413	GG/AA	1	0.0018	0	6.14747190555214e-07	0.999999423399498
rs7319427	257	0.413	GC/AT	1	0.00193	0	5.76600502018737e-07	1
rs6563121	258	0.451	GT/AC	1	6.36e-05	0	1.39863263715456e-05	0.999985419795609
rs9545146	259	0.33	GT/AG	1	0.00587	NA	NA	NA
rs928640	260	0.268	GG/AA	1	0.00389	NA	NA	NA
rs9530937	261	0.291	GA/AG	1	0.000148	NA	NA	NA
rs2760111	261	0.158	GC/AT	1	0.0424	NA	NA	NA
rs2146593	263	0.202	GC/AT	1	0.015	NA	NA	NA
rs2146592	263	0.266	GG/AA	1	0.00439	NA	NA	NA
rs9545151	266	0.202	GA/AT	1	0.0142	NA	NA	NA
rs1932197	266	0.458	GG/AC	1	4.9e-05	0	1.79058319921501e-05	0.999871648914761
rs7990151	267	0.268	GG/AA	1	0.00416	NA	NA	NA
rs2876741	270	0.202	GT/AA	1	0.0122	NA	NA	NA
rs61342959	270	0.151	GT/AC	1	0.651	NA	NA	NA
rs2093620	271	0.456	GA/AC	1	5.25e-05	0	1.67724090920457e-05	0.999923554867557
rs9601250	272	0.217	GT/AC	1	0.000458	NA	NA	NA
rs9601251	273	0.271	GC/AT	1	0.00377	NA	NA	NA
rs9601252	273	0.266	GC/AT	1	0.00375	NA	NA	NA
rs4141825	274	0.456	GG/AA	1	4.65e-05	0	1.88173104997504e-05	0.999798079325565
rs9545155	275	0.456	GC/AT	1	4.7e-05	0	1.862743937297e-05	0.999835447650411
rs9545158	276	0.456	GA/AG	1	4.58e-05	0	1.90899312935642e-05	0.999779262015065
rs7997134	277	0.266	GG/AA	1	0.00354	NA	NA	NA
rs2876742	280	0.264	GC/AT	1	0.0018	NA	NA	NA
rs767778	280	0.262	GA/AT	1	0.00154	NA	NA	NA
rs9318645	282	0.264	GG/AA	1	0.0017	NA	NA	NA
rs4885647	283	0.262	GC/AA	1	0.00178	NA	NA	NA
rs4884135	284	0.139	GC/AT	1	0.0232	NA	NA	NA
rs2876744	285	0.136	GC/AT	1	0.0321	NA	NA	NA
rs9545159	286	0.262	GC/AT	1	0.0018	NA	NA	NA
rs2329126	287	0.262	GG/AA	1	0.00195	NA	NA	NA
rs9565514	290	0.137	GA/AG	1	0.0264	NA	NA	NA
rs9601256	291	0.262	GT/AC	1	0.00191	NA	NA	NA
rs9565515	291	0.136	GG/AA	1	0.0284	NA	NA	NA
rs4885649	292	0.262	GA/AT	1	0.00184	NA	NA	NA
rs9530940	292	0.264	GA/AG	1	0.00189	NA	NA	NA
rs7329551	294	0.139	GC/AT	1	0.0254	NA	NA	NA
rs3920578	295	0.264	GT/AG	1	0.00184	NA	NA	NA
rs9530941	297	0.264	GT/AC	1	0.00191	NA	NA	NA
rs7990179	297	0.14	GT/AC	1	0.0286	NA	NA	NA
rs7989227	297	0.14	GG/AC	1	0.0266	NA	NA	NA
rs4885651	297	0.135	GG/AA	1	0.0266	NA	NA	NA
rs9593407	298	0.137	GA/AC	1	0.0267	NA	NA	NA
rs9574448	299	0.137	GG/AA	1	0.0192	NA	NA	NA
rs9318647	300	0.26	GG/AA	1	0.00209	NA	NA	NA
rs9565516	301	0.231	GA/AT	1	0.0169	NA	NA	NA
rs12430226	301	0.26	GA/AG	1	0.00203	NA	NA	NA
rs2181432	302	0.258	GT/AC	1	0.00203	NA	NA	NA
rs9530942	302	0.258	GA/AT	1	0.00203	NA	NA	NA
rs9574450	303	0.255	GC/AA	1	0.00248	NA	NA	NA
rs7994255	303	0.255	GG/AT	1	0.00241	NA	NA	NA
rs7994620	303	0.23	GG/AA	1	0.0247	NA	NA	NA
rs4885652	305	0.23	GC/AT	1	0.0252	NA	NA	NA
rs9574452	307	0.23	GC/AG	1	0.025	NA	NA	NA
rs4885653	307	0.23	GG/AT	1	0.0269	NA	NA	NA
rs9530943	309	0.26	GG/AA	1	0.00215	NA	NA	NA
rs9545166	310	0.258	GA/AT	1	0.00213	NA	NA	NA
rs2876746	315	0.227	GG/AA	1	0.0211	NA	NA	NA
rs9601258	316	0.231	GA/AG	1	0.0253	NA	NA	NA
rs2876747	317	0.232	GT/AG	1	0.0245	NA	NA	NA
rs9318650	320	0.275	GA/AG	1	0.000595	NA	NA	NA
rs9530944	321	0.258	GA/AC	1	0.00182	NA	NA	NA
rs9318651	322	0.258	GC/AT	1	0.00211	NA	NA	NA
rs2208938	322	0.28	GT/AC	1	0.00165	NA	NA	NA
rs4885655	324	0.231	GG/AC	1	0.0237	NA	NA	NA
rs9805769	325	0.258	GA/AC	1	0.00195	NA	NA	NA
rs2208936	326	0.26	GC/AG	1	0.00172	NA	NA	NA
rs9574455	328	0.226	GG/AA	1	0.023	NA	NA	NA
rs4141826	331	0.232	GG/AA	1	0.0213	NA	NA	NA
rs6563129	333	0.239	GC/AT	1	0.0169	NA	NA	NA
rs17071755	334	0.138	GC/AG	1	0.325	NA	NA	NA
rs2208943	334	0.266	GT/AC	1	0.00123	NA	NA	NA
