SNP	KB	R2	Alleles	F	P	inCredible	probNorm	cumSum
rs6880469	0	1	G	1	1.34e-08	1	0.447336313347153	0.447336313347153
rs141514195	-536	0.159	GG/AA	1	0.0342	NA	NA	NA
rs12188017	-533	0.156	GC/AT	1	0.0504	NA	NA	NA
rs1116180	-533	0.166	GA/AT	1	0.0479	NA	NA	NA
rs12189214	-532	0.113	GC/AA	1	0.231	NA	NA	NA
rs58035824	-532	0.113	GA/AG	1	0.27	NA	NA	NA
rs58826391	-529	0.164	GG/AC	1	0.042	NA	NA	NA
rs1871950	-529	0.16	GC/AT	1	0.0292	NA	NA	NA
rs61399521	-525	0.16	GA/AC	1	0.064	NA	NA	NA
rs922853	-524	0.167	GG/AA	1	0.0583	NA	NA	NA
rs922854	-524	0.167	GT/AC	1	0.0549	NA	NA	NA
rs72748041	-523	0.167	GT/AC	1	0.0546	NA	NA	NA
rs1384445	-523	0.101	GT/AC	1	0.737	NA	NA	NA
rs7733376	-522	0.167	GT/AC	1	0.0519	NA	NA	NA
rs72748047	-521	0.167	GC/AT	1	0.0512	NA	NA	NA
rs72748048	-518	0.167	GA/AG	1	0.0481	NA	NA	NA
rs7732446	-516	0.167	GA/AG	1	0.0472	NA	NA	NA
rs7707670	-511	0.167	GC/AT	1	0.0498	NA	NA	NA
rs57766932	-511	0.11	GT/AC	1	0.263	NA	NA	NA
rs1120717	-510	0.101	GA/AG	1	0.747	NA	NA	NA
rs56313556	-509	0.167	GA/AT	1	0.0494	NA	NA	NA
rs2128431	-509	0.167	GT/AC	1	0.0472	NA	NA	NA
rs13162578	-507	0.116	GC/AA	1	0.275	NA	NA	NA
rs57777873	-504	0.167	GC/AT	1	0.0463	NA	NA	NA
rs60912459	-502	0.167	GG/AA	1	0.0458	NA	NA	NA
rs58261355	-500	0.169	GT/AC	1	0.0455	NA	NA	NA
rs72748056	-499	0.167	GA/AT	1	0.0454	NA	NA	NA
rs16901868	-496	0.167	GA/AG	1	0.0453	NA	NA	NA
rs72748063	-493	0.167	GG/AA	1	0.0449	NA	NA	NA
rs72748065	-492	0.167	GT/AC	1	0.0441	NA	NA	NA
rs16901870	-489	0.116	GT/AG	1	0.263	NA	NA	NA
rs16901871	-488	0.116	GA/AT	1	0.26	NA	NA	NA
rs34119371	-486	0.116	GG/AA	1	0.263	NA	NA	NA
rs6865230	-486	0.116	GA/AG	1	0.267	NA	NA	NA
rs6865011	-485	0.116	GT/AC	1	0.267	NA	NA	NA
rs6865330	-485	0.116	GG/AA	1	0.257	NA	NA	NA
rs57068965	-484	0.116	GA/AT	1	0.257	NA	NA	NA
rs16901875	-484	0.116	GC/AT	1	0.257	NA	NA	NA
rs72748075	-484	0.116	GG/AT	1	0.257	NA	NA	NA
rs72748076	-483	0.169	GT/AC	1	0.0422	NA	NA	NA
rs56323939	-482	0.116	GA/AG	1	0.315	NA	NA	NA
rs7730866	-476	0.116	GT/AC	1	0.264	NA	NA	NA
rs73752037	-475	0.157	GG/AA	1	0.0813	NA	NA	NA
rs1905188	-471	0.116	GC/AT	1	0.266	NA	NA	NA
rs72748082	-470	0.167	GA/AG	1	0.0683	NA	NA	NA
rs16901883	-470	0.114	GG/AC	1	0.315	NA	NA	NA
rs3898543	-470	0.114	GC/AT	1	0.315	NA	NA	NA
rs957739	-470	0.167	GT/AA	1	0.067	NA	NA	NA
rs960060	-469	0.114	GA/AG	1	0.322	NA	NA	NA
rs59836876	-469	0.114	GA/AG	1	0.322	NA	NA	NA
rs13160582	-465	0.114	GT/AC	1	0.323	NA	NA	NA
rs10512854	-465	0.114	GG/AA	1	0.292	NA	NA	NA
rs6883915	-464	0.112	GT/AC	1	0.257	NA	NA	NA
rs6884170	-464	0.164	GA/AG	1	0.0529	NA	NA	NA
rs12108957	-464	0.114	GA/AG	1	0.302	NA	NA	NA
rs12109250	-462	0.113	GT/AC	1	0.367	NA	NA	NA
rs7706806	-462	0.113	GG/AA	1	0.299	NA	NA	NA
rs6870835	-461	0.161	GT/AA	1	0.0918	NA	NA	NA
rs13153459	-460	0.11	GC/AA	1	0.369	NA	NA	NA
rs922855	-459	0.161	GA/AC	1	0.0967	NA	NA	NA
rs56203280	-458	0.112	GG/AA	1	0.372	NA	NA	NA
rs56724254	-458	0.112	GA/AG	1	0.372	NA	NA	NA
rs67667620	-457	0.114	GG/AT	1	0.379	NA	NA	NA
rs72748092	-457	0.168	GG/AC	1	0.0972	NA	NA	NA
rs35420014	-456	0.122	GA/AG	1	0.442	NA	NA	NA
rs13173094	-454	0.122	GA/AT	1	0.422	NA	NA	NA
rs1531803	-447	0.175	GC/AA	1	0.0809	NA	NA	NA
rs2330570	-445	0.175	GT/AC	1	0.0949	NA	NA	NA
rs1482695	-443	0.168	GC/AT	1	0.103	NA	NA	NA
rs873475	-442	0.12	GA/AT	1	0.462	NA	NA	NA
rs1552184	-439	0.168	GG/AA	1	0.105	NA	NA	NA
rs6866555	-437	0.12	GC/AA	1	0.48	NA	NA	NA
rs6451764	-435	0.166	GC/AT	1	0.117	NA	NA	NA
rs13190489	-434	0.12	GC/AT	1	0.481	NA	NA	NA
rs13169165	-430	0.12	GA/AT	1	0.481	NA	NA	NA
rs1482664	-429	0.12	GC/AG	1	0.483	NA	NA	NA
rs7727980	-428	0.12	GA/AG	1	0.466	NA	NA	NA
rs12187906	-427	0.12	GC/AG	1	0.476	NA	NA	NA
rs57060529	-427	0.12	GA/AG	1	0.476	NA	NA	NA
rs67485736	-427	0.12	GG/AT	1	0.473	NA	NA	NA
rs60010565	-423	0.12	GC/AT	1	0.483	NA	NA	NA
rs13155151	-423	0.12	GG/AT	1	0.408	NA	NA	NA
rs74892078	-423	0.166	GG/AA	1	0.0713	NA	NA	NA
rs4645339	-423	0.172	GA/AG	1	0.0947	NA	NA	NA
rs4346775	-422	0.119	GA/AG	1	0.483	NA	NA	NA
rs6897255	-422	0.119	GG/AC	1	0.485	NA	NA	NA
rs13179281	-421	0.119	GA/AC	1	0.486	NA	NA	NA
rs34391578	-421	0.119	GA/AG	1	0.482	NA	NA	NA
rs35656601	-421	0.119	GC/AA	1	0.48	NA	NA	NA
rs10055724	-420	0.119	GG/AT	1	0.474	NA	NA	NA
rs13189602	-420	0.119	GC/AG	1	0.476	NA	NA	NA
rs4435876	-418	0.119	GG/AA	1	0.479	NA	NA	NA
rs4493679	-417	0.119	GG/AC	1	0.54	NA	NA	NA
rs4274985	-417	0.119	GC/AT	1	0.538	NA	NA	NA
rs10061860	-416	0.119	GG/AA	1	0.53	NA	NA	NA
rs13355205	-416	0.123	GC/AT	1	0.533	NA	NA	NA
rs35797502	-415	0.119	GT/AC	1	0.53	NA	NA	NA
rs34031096	-415	0.119	GC/AA	1	0.53	NA	NA	NA
rs10061166	-413	0.168	GC/AT	1	0.11	NA	NA	NA
rs10040045	-411	0.175	GG/AT	1	0.108	NA	NA	NA
rs72750279	-410	0.168	GT/AC	1	0.111	NA	NA	NA
rs4627994	-410	0.119	GG/AA	1	0.525	NA	NA	NA
rs4594862	-410	0.119	GG/AC	1	0.543	NA	NA	NA
rs12188390	-409	0.175	GG/AT	1	0.093	NA	NA	NA
rs13182481	-409	0.151	GA/AG	1	0.013	NA	NA	NA
rs12186589	-408	0.165	GT/AC	1	0.0974	NA	NA	NA
rs4463187	-407	0.15	GG/AA	1	0.0151	NA	NA	NA
rs4273616	-405	0.119	GG/AA	1	0.45	NA	NA	NA
rs72750289	-405	0.175	GC/AT	1	0.0939	NA	NA	NA
rs6884594	-404	0.119	GT/AC	1	0.48	NA	NA	NA
rs6889725	-403	0.119	GA/AG	1	0.48	NA	NA	NA
rs6889804	-403	0.119	GT/AC	1	0.48	NA	NA	NA
rs10063359	-403	0.119	GA/AG	1	0.479	NA	NA	NA
rs34815748	-403	0.119	GC/AT	1	0.445	NA	NA	NA
rs35581367	-403	0.119	GA/AG	1	0.479	NA	NA	NA
rs34164548	-403	0.119	GC/AT	1	0.479	NA	NA	NA
rs4642379	-401	0.119	GT/AC	1	0.483	NA	NA	NA
rs34577718	-401	0.119	GG/AT	1	0.473	NA	NA	NA
rs28438634	-400	0.119	GG/AA	1	0.48	NA	NA	NA
rs28561538	-400	0.168	GT/AA	1	0.0977	NA	NA	NA
rs28483338	-400	0.119	GG/AC	1	0.408	NA	NA	NA
rs28488464	-400	0.119	GG/AT	1	0.48	NA	NA	NA
rs10054457	-400	0.119	GC/AA	1	0.482	NA	NA	NA
rs10069792	-400	0.117	GA/AG	1	0.49	NA	NA	NA
rs10069750	-400	0.119	GG/AC	1	0.482	NA	NA	NA
rs10054521	-400	0.148	GC/AA	1	0.0162	NA	NA	NA
rs10062844	-398	0.119	GG/AC	1	0.454	NA	NA	NA
rs10064677	-397	0.119	GA/AC	1	0.453	NA	NA	NA
rs10064870	-397	0.119	GA/AG	1	0.457	NA	NA	NA
rs6869262	-397	0.177	GT/AC	1	0.085	NA	NA	NA
rs4640800	-390	0.119	GA/AC	1	0.459	NA	NA	NA
rs7445263	-390	0.119	GA/AG	1	0.456	NA	NA	NA
rs10035625	-389	0.119	GA/AG	1	0.457	NA	NA	NA
rs10038534	-389	0.119	GC/AT	1	0.457	NA	NA	NA
rs10059745	-389	0.15	GC/AT	1	0.0144	NA	NA	NA
rs6885437	-388	0.119	GA/AG	1	0.468	NA	NA	NA
rs10050660	-388	0.168	GC/AT	1	0.0927	NA	NA	NA
rs6890819	-387	0.119	GT/AG	1	0.467	NA	NA	NA
rs6890908	-387	0.119	GG/AA	1	0.47	NA	NA	NA
rs12697471	-387	0.168	GT/AC	1	0.0929	NA	NA	NA
rs4469202	-387	0.119	GT/AC	1	0.468	NA	NA	NA
rs34709098	-386	0.119	GA/AC	1	0.466	NA	NA	NA
rs61469554	-386	0.119	GC/AA	1	0.466	NA	NA	NA
rs6862655	-385	0.15	GA/AG	1	0.0138	NA	NA	NA
rs6862704	-385	0.119	GG/AC	1	0.466	NA	NA	NA
rs4348227	-384	0.15	GT/AC	1	0.0135	NA	NA	NA
rs4639238	-384	0.15	GA/AG	1	0.0132	NA	NA	NA
rs4481354	-384	0.119	GG/AA	1	0.466	NA	NA	NA
rs4386739	-384	0.119	GT/AC	1	0.47	NA	NA	NA
rs4365845	-382	0.168	GT/AA	1	0.0902	NA	NA	NA
rs4485935	-382	0.119	GG/AA	1	0.466	NA	NA	NA
rs4608931	-382	0.119	GA/AT	1	0.464	NA	NA	NA
rs4401578	-382	0.119	GA/AT	1	0.464	NA	NA	NA
rs6860469	-380	0.168	GA/AC	1	0.0901	NA	NA	NA
rs4416611	-379	0.119	GT/AC	1	0.455	NA	NA	NA
rs10054541	-377	0.119	GT/AC	1	0.461	NA	NA	NA
rs10054544	-377	0.119	GT/AC	1	0.461	NA	NA	NA
rs10054677	-377	0.119	GT/AC	1	0.456	NA	NA	NA
rs7722103	-377	0.119	GG/AA	1	0.455	NA	NA	NA
rs7722716	-376	0.119	GG/AA	1	0.459	NA	NA	NA
rs13355269	-376	0.165	GT/AG	1	0.0924	NA	NA	NA
rs13358061	-376	0.175	GA/AT	1	0.0806	NA	NA	NA
rs10941669	-376	0.119	GT/AG	1	0.456	NA	NA	NA
rs13190202	-375	0.119	GC/AT	1	0.456	NA	NA	NA
rs10066953	-375	0.15	GG/AT	1	0.0132	NA	NA	NA
rs10941670	-374	0.119	GG/AT	1	0.438	NA	NA	NA
rs10941671	-374	0.119	GA/AC	1	0.438	NA	NA	NA
rs10941672	-374	0.175	GA/AC	1	0.0828	NA	NA	NA
rs10941673	-374	0.173	GT/AA	1	0.0872	NA	NA	NA
rs10941674	-374	0.119	GC/AT	1	0.423	NA	NA	NA
rs10941675	-374	0.119	GA/AT	1	0.436	NA	NA	NA
rs10155570	-372	0.119	GA/AC	1	0.385	NA	NA	NA
rs55899909	-372	0.119	GG/AC	1	0.435	NA	NA	NA
rs12374507	-372	0.148	GA/AG	1	0.012	NA	NA	NA
rs6882381	-371	0.168	GA/AC	1	0.082	NA	NA	NA
rs55732165	-371	0.121	GT/AA	1	0.434	NA	NA	NA
rs10067591	-371	0.119	GT/AC	1	0.434	NA	NA	NA
rs10075615	-370	0.168	GA/AT	1	0.0822	NA	NA	NA
rs4594863	-370	0.119	GG/AA	1	0.427	NA	NA	NA
rs6887936	-370	0.119	GT/AC	1	0.434	NA	NA	NA
rs6892239	-370	0.15	GG/AA	1	0.013	NA	NA	NA
rs10071836	-369	0.17	GA/AG	1	0.0741	NA	NA	NA
rs10045149	-368	0.119	GT/AA	1	0.403	NA	NA	NA
rs73093976	-367	0.104	GT/AC	1	0.0414	NA	NA	NA
rs10079849	-366	0.119	GG/AA	1	0.406	NA	NA	NA
rs10065325	-366	0.15	GA/AG	1	0.0122	NA	NA	NA
rs10051789	-366	0.119	GT/AA	1	0.406	NA	NA	NA
rs6896819	-365	0.119	GA/AT	1	0.406	NA	NA	NA
rs6875990	-365	0.168	GA/AG	1	0.0755	NA	NA	NA
rs10076870	-365	0.119	GC/AT	1	0.406	NA	NA	NA
rs10069458	-364	0.168	GT/AG	1	0.0761	NA	NA	NA
rs4573006	-364	0.15	GG/AA	1	0.0134	NA	NA	NA
rs72752185	-363	0.168	GT/AG	1	0.0773	NA	NA	NA
rs56101501	-362	0.119	GG/AA	1	0.406	NA	NA	NA
rs4441882	-362	0.148	GG/AA	1	0.0132	NA	NA	NA
rs4485936	-362	0.148	GG/AA	1	0.0131	NA	NA	NA
rs4529201	-362	0.15	GC/AT	1	0.0132	NA	NA	NA
rs9292910	-361	0.119	GG/AA	1	0.407	NA	NA	NA
rs34810763	-360	0.119	GC/AT	1	0.405	NA	NA	NA
rs10079592	-360	0.119	GA/AC	1	0.405	NA	NA	NA
rs28613887	-359	0.168	GA/AC	1	0.0762	NA	NA	NA
rs10472397	-359	0.119	GC/AT	1	0.405	NA	NA	NA
rs55636639	-356	0.119	GA/AC	1	0.396	NA	NA	NA
rs9654396	-355	0.154	GG/AA	1	0.00869	NA	NA	NA
rs4279345	-354	0.119	GG/AC	1	0.322	NA	NA	NA
rs4286685	-354	0.119	GT/AC	1	0.335	NA	NA	NA
rs34306496	-353	0.119	GT/AG	1	0.328	NA	NA	NA
rs4866778	-353	0.154	GG/AA	1	0.00844	NA	NA	NA
rs10053452	-353	0.166	GA/AG	1	0.0532	NA	NA	NA
rs60408016	-353	0.117	GG/AT	1	0.325	NA	NA	NA
rs4623153	-352	0.172	GT/AG	1	0.0617	NA	NA	NA
rs4481355	-352	0.117	GC/AT	1	0.325	NA	NA	NA
rs4315927	-350	0.117	GT/AC	1	0.34	NA	NA	NA
rs34512724	-349	0.117	GA/AG	1	0.336	NA	NA	NA
rs6866354	-349	0.156	GT/AG	1	0.00901	NA	NA	NA
rs12652273	-348	0.174	GT/AC	1	0.0656	NA	NA	NA
rs6872069	-348	0.17	GC/AA	1	0.0673	NA	NA	NA
rs12520601	-343	0.28	GC/AT	1	0.00742	NA	NA	NA
rs72752200	-340	0.121	GG/AC	1	0.0681	NA	NA	NA
rs4463188	-333	0.533	GC/AT	1	1.82e-05	1	0.000428082461980351	0.989310728180054
rs4479849	-332	0.53	GA/AG	1	2.6e-05	0	0.000304845396646862	0.998324747469433
rs12516900	-331	0.533	GG/AA	1	2.16e-05	0	0.00036365853652405	0.994839831107319
rs36068815	-330	0.527	GC/AT	1	2.69e-05	0	0.000295137861997471	0.99861988533143
rs4321755	-330	0.535	GT/AC	1	2.16e-05	0	0.00036365853652405	0.995203489643843
rs4492118	-329	0.53	GA/AG	1	1.31e-05	1	0.000585689243007649	0.982016378965738
rs6890556	-327	0.534	GG/AC	1	1.85e-05	1	0.00042146687505219	0.990158048738013
rs66996829	-327	0.559	GC/AA	1	8.95e-05	0	9.44386130164706e-05	0.999435020160785
rs4613718	-326	0.204	GT/AC	1	0.0447	NA	NA	NA
rs7735881	-326	0.542	GG/AA	1	2.22e-05	0	0.000354297001368787	0.996636154496387
rs10805685	-314	0.528	GG/AC	1	2.12e-05	0	0.000370187420283231	0.994110904095972
rs10805686	-314	0.529	GC/AT	1	1.86e-05	0	0.000419308095816182	0.99057735683383
rs10941677	-314	0.538	GA/AG	1	1.73e-05	1	0.00044927529088208	0.988008134868121
rs4415084	-313	0.534	GT/AC	1	1.57e-05	1	0.000492812605688527	0.986642629378542
rs7701466	-313	0.528	GT/AC	1	2.17e-05	0	0.000362063115735015	0.995565552759578
rs7720551	-312	0.528	GT/AC	1	2.21e-05	0	0.000355822720014988	0.996281857495018
rs6874055	-309	0.534	GA/AT	1	1.7e-05	1	0.000456827283441954	0.987558859577239
rs6863598	-307	0.528	GT/AC	1	2.15e-05	0	0.000365268474823168	0.994476172570795
rs181516187	-304	0.528	GT/AC	1	2.02e-05	0	0.000387615440445748	0.992976139364024
rs58144701	-300	0.528	GT/AC	1	1.77e-05	1	0.000439595873168589	0.98844773074129
rs6871484	-300	0.534	GC/AT	1	1.57e-05	1	0.000492812605688527	0.986149816772854
rs4419600	-297	0.531	GG/AT	1	1.5e-05	1	0.000514715091575237	0.984147836608101
rs13155752	-295	0.542	GC/AA	1	1.39e-05	1	0.000553490273097076	0.982569869238835
rs56248730	-295	0.565	GG/AA	1	6.52e-05	0	0.000127419427443375	0.998964201192587
rs6884702	-293	0.54	GG/AA	1	1.89e-05	0	0.000412965919290899	0.99099032275312
rs12187196	-292	0.54	GC/AA	1	1.83e-05	1	0.000425853682907682	0.989736581862961
rs60707950	-292	0.568	GG/AA	1	6.55e-05	0	0.000126867017660446	0.999218302950597
rs12522626	-290	0.541	GT/AG	1	2.23e-05	0	0.00035278466991041	0.996988939166297
rs4571480	-289	0.54	GT/AC	1	2.35e-05	0	0.000335619514698532	0.998019902072786
rs10447145	-286	0.568	GG/AT	1	6.81e-05	0	0.000122278597171361	0.999340581547768
rs13185555	-285	0.49	GA/AG	1	0.000131	0	6.59247277638537e-05	0.999738802115317
rs6451770	-285	0.5	GG/AT	1	0.000156	0	5.59258336893657e-05	0.999794727949006
rs12515012	-281	0.544	GA/AG	1	2.02e-05	0	0.000387615440445748	0.99336375480447
rs1898701	-281	0.545	GG/AA	1	1.9e-05	0	0.000410895419913116	0.991401218173034
rs13176502	-278	0.542	GC/AT	1	2e-05	0	0.00039130556032668	0.992588523923579
rs2165009	-278	0.541	GT/AC	1	2.23e-05	0	0.00035278466991041	0.997341723836208
rs13156930	-278	0.549	GC/AG	1	1.52e-05	1	0.00050825575957182	0.984656092367673
rs920328	-277	0.568	GA/AG	1	6.53e-05	0	0.000127234740349449	0.999091435932936
rs1821936	-277	0.545	GC/AA	1	1.79e-05	1	0.000434914976783146	0.988882645718073
rs1371027	-276	0.545	GC/AT	1	1.69e-05	1	0.000459402915255046	0.987102032293797
rs10462079	-276	0.545	GT/AG	1	2.3e-05	0	0.000342558721879648	0.997684282558087
rs714130	-275	0.545	GC/AT	1	1.56e-05	1	0.000495823703346942	0.985657004167165
rs2013513	-274	0.545	GA/AG	1	1.94e-05	0	0.000402822358940783	0.991804040531974
rs920329	-273	0.549	GC/AT	1	1.53e-05	1	0.000505088096145413	0.985161180463818
rs13179137	-273	0.545	GT/AC	1	2.18e-05	0	0.000360482015424835	0.995926034775003
rs2218081	-271	0.549	GT/AC	1	1.45e-05	1	0.000531626138845247	0.983633121516526
rs34762678	-270	0.545	GC/AT	1	2.08e-05	0	0.000376961871218857	0.993740716675689
rs10941679	-269	0.237	GG/AA	1	0.00391	NA	NA	NA
rs2165010	-269	0.545	GC/AA	1	1.45e-05	1	0.000531626138845247	0.983101495377681
rs1438825	-269	0.545	GA/AG	1	1.23e-05	1	0.000621984005343175	0.981430689722731
rs6861560	-268	0.549	GG/AC	1	1.99e-05	0	0.000393177831277592	0.992197218363252
rs16901937	-267	0.535	GG/AA	1	3.72e-05	0	0.000216896433713304	0.998836781765144
rs2218080	-262	0.617	GC/AT	1	6.08e-06	1	0.0012195857839827	0.939732861843961
rs76586153	-258	0.138	GG/AA	1	0.0226	NA	NA	NA
rs62368553	-257	0.107	GA/AG	1	0.161	NA	NA	NA
rs11747159	-238	0.666	GT/AC	1	7.29e-06	1	0.00102519413676025	0.958378986356705
rs2330572	-235	0.633	GC/AA	1	1.81e-06	1	0.00389818661094491	0.681720395475631
rs994793	-233	0.633	GG/AA	1	1.4e-06	1	0.00498992890542484	0.625170643262077
rs1438827	-224	0.655	GA/AC	1	5.72e-06	1	0.0012929512047019	0.923358990282415
rs11949847	-224	0.633	GG/AA	1	1.15e-06	1	0.00602937597930615	0.576861944907722
rs7712949	-206	0.666	GT/AC	1	6.32e-06	1	0.00117523177341714	0.949302485028153
rs13154781	-201	0.666	GT/AC	1	5.61e-06	1	0.00131720852799927	0.914244623441212
rs11746980	-198	0.639	GA/AG	1	1.22e-06	1	0.00569616208021223	0.588345575021363
rs7711697	-196	0.645	GT/AA	1	1.75e-06	1	0.00402653579463315	0.677822208864686
rs67274820	-194	0.673	GC/AT	1	6.13e-06	1	0.00121006463220829	0.94094292647617
rs16901963	-193	0.673	GA/AT	1	6.13e-06	1	0.00121006463220829	0.942152991108378
rs16901964	-193	0.673	GT/AC	1	6.15e-06	1	0.00120629867179159	0.943359289780169
rs16901965	-193	0.673	GA/AG	1	5.92e-06	1	0.00125111259380002	0.933562637053872
rs6859157	-192	0.673	GA/AG	1	5.99e-06	1	0.00123711644613608	0.937287903538331
rs6451772	-190	0.673	GC/AA	1	5.61e-06	1	0.00131720852799927	0.915561831969212
rs7710952	-190	0.673	GT/AC	1	5.61e-06	1	0.00131720852799927	0.916879040497211
rs7710978	-190	0.673	GG/AA	1	5.7e-06	1	0.001297293344577	0.920770920530942
rs11750119	-190	0.673	GT/AG	1	5.78e-06	1	0.00128010158262205	0.92721852187871
rs6875933	-189	0.673	GT/AC	1	5.73e-06	1	0.00129079127982194	0.924649781562237
rs2118764	-188	0.641	GT/AC	1	1.68e-06	1	0.00418764750675035	0.669746900865195
rs1821934	-187	0.641	GC/AT	1	1.83e-06	1	0.00385724079860688	0.685577636274238
rs72754296	-186	0.246	GA/AG	1	0.00811	NA	NA	NA
rs7736952	-186	0.673	GT/AC	1	5.7e-06	1	0.001297293344577	0.919473627186365
rs2877172	-185	0.641	GG/AA	1	1.32e-06	1	0.00528044721117715	0.609916634959462
rs13185174	-184	0.673	GA/AG	1	4.86e-06	1	0.00151123708122505	0.859997780215553
rs6451774	-182	0.673	GC/AG	1	5.4e-06	1	0.00136620696116766	0.899520735334338
rs78797445	-180	0.133	GG/AA	1	0.0139	NA	NA	NA
rs727305	-180	0.673	GC/AT	1	4.69e-06	1	0.00156366502309955	0.853895060777331
rs2330619	-180	0.673	GC/AT	1	4.69e-06	1	0.00156366502309955	0.852331395754232
rs727303	-180	0.283	GC/AT	1	0.00141	NA	NA	NA
rs727304	-180	0.673	GA/AG	1	4.67e-06	1	0.00157007905240661	0.84606392104432
rs13177711	-179	0.641	GT/AA	1	1.38e-06	1	0.0050594558955998	0.620180714356653
rs1438820	-178	0.642	GA/AG	1	1.66e-06	1	0.00423612943977663	0.665559253358444
rs1438819	-178	0.673	GA/AT	1	4.57e-06	1	0.00160297483248472	0.839747705265546
rs12652026	-177	0.673	GT/AC	1	4.37e-06	1	0.00167319295013879	0.828386512610467
rs10462080	-177	0.673	GA/AC	1	4.59e-06	1	0.00159628322352408	0.84134398848907
rs10462081	-175	0.673	GA/AG	1	4.51e-06	1	0.00162339883642095	0.834918489129794
rs10462082	-175	0.444	GC/AA	1	0.000176	0	4.99259335504819e-05	0.999844653882557
rs6896417	-173	0.641	GG/AA	1	1.32e-06	1	0.00528044721117715	0.604636187748285
rs13183209	-172	0.673	GA/AG	1	4.97e-06	1	0.00147918837199466	0.86297055033431
rs6872254	-172	0.673	GT/AC	1	4.67e-06	1	0.00157007905240661	0.847634000096727
rs969679	-172	0.673	GC/AT	1	4.48e-06	1	0.00163381201285644	0.831668235528891
rs7717459	-171	0.673	GT/AC	1	4.54e-06	1	0.0016131206516334	0.836531609781428
rs13159598	-170	0.641	GG/AA	1	1.3e-06	1	0.00535856222939701	0.599355740537108
rs10462083	-169	0.673	GG/AT	1	4.44e-06	1	0.00164791090556717	0.830034423516035
rs3761648	-168	0.673	GG/AA	1	4.68e-06	1	0.00156686531720274	0.849200865413929
rs3761649	-168	0.673	GC/AT	1	4.86e-06	1	0.00151123708122505	0.858486543134328
rs3761650	-168	0.673	GA/AG	1	4.68e-06	1	0.00156686531720274	0.850767730731132
rs1866406	-166	0.673	GC/AG	1	4.66e-06	1	0.00157330631416871	0.844493841991914
rs13174122	-165	0.673	GC/AT	1	5.1e-06	1	0.00144306133971293	0.868794979934632
rs11746506	-163	0.673	GT/AC	1	4.79e-06	1	0.00153238304766279	0.856975306053103
rs12188871	-162	0.668	GA/AG	1	4.65e-06	1	0.001576547188675	0.842920535677745
rs11741772	-161	0.673	GC/AA	1	4.92e-06	1	0.00149358174676223	0.861491361962316
rs7716571	-159	0.644	GA/AG	1	1.2e-06	1	0.00578746803342876	0.582649412941151
rs7720787	-159	0.641	GA/AG	1	1.34e-06	1	0.00520462350159043	0.615121258461053
rs9637796	-158	0.673	GA/AG	1	5.01e-06	1	0.00146787655377862	0.864438426888089
rs9637783	-156	0.673	GG/AT	1	4.54e-06	1	0.0016131206516334	0.838144730433061
rs1061310	-155	0.641	GC/AG	1	1.23e-06	1	0.00565160328634781	0.593997178307711
rs2165008	-154	0.676	GA/AG	1	5.13e-06	1	0.00143497937766833	0.870229959312301
rs4457089	-154	0.676	GT/AC	1	5.24e-06	1	0.00140612213626005	0.87876602196053
rs13189120	-154	0.676	GT/AA	1	5.23e-06	1	0.00140869633007864	0.87735989982427
rs930395	-154	0.247	GA/AG	1	0.0239	NA	NA	NA
rs930394	-153	0.673	GA/AG	1	5.33e-06	1	0.00138338070842436	0.888522618020352
rs7711136	-153	0.641	GC/AG	1	1.57e-06	1	0.00446929930246592	0.657062320719985
rs7730841	-153	0.641	GC/AT	1	1.57e-06	1	0.00446929930246592	0.652593021417519
rs10512865	-153	0.641	GT/AC	1	1.57e-06	1	0.00446929930246592	0.648123722115053
rs17342514	-152	0.246	GA/AG	1	0.00671	NA	NA	NA
rs12656984	-151	0.676	GG/AA	1	5.32e-06	1	0.00138587027207952	0.887139237311928
rs7703059	-150	0.676	GA/AG	1	5.33e-06	1	0.00138338070842436	0.889905998728777
rs6867533	-149	0.641	GT/AG	1	1.56e-06	1	0.00449683750575838	0.643654422812587
rs6868232	-148	0.676	GC/AG	1	5.04e-06	1	0.00145950825453095	0.86589793514262
rs12513749	-148	0.676	GA/AG	1	5.81e-06	1	0.00127377436074563	0.928492296239455
rs12518851	-148	0.676	GG/AA	1	5.74e-06	1	0.00128863873385055	0.925938420296088
rs1048758	-147	0.641	GA/AG	1	1.74e-06	1	0.00404877220485773	0.673795673070053
rs13155698	-147	0.676	GC/AA	1	5.35e-06	1	0.00137842895987828	0.892665327976556
rs13160259	-147	0.641	GC/AG	1	1.5e-06	1	0.0046696362422959	0.634632860639317
rs10038562	-144	0.676	GC/AT	1	5.06e-06	1	0.00145398345229958	0.867351918594919
rs6896350	-143	0.676	GC/AA	1	5.48e-06	1	0.00134710674221751	0.904930559841141
rs1371025	-142	0.676	GG/AA	1	5.37e-06	1	0.00137351338067414	0.895414808031328
rs72756222	-142	0.28	GA/AG	1	0.00119	NA	NA	NA
rs10064434	-141	0.641	GG/AA	1	1.46e-06	1	0.00479258113494333	0.629963224397021
rs10064437	-141	0.676	GG/AC	1	5.37e-06	1	0.00137351338067414	0.896788321412002
rs10072259	-141	0.676	GT/AC	1	5.14e-06	1	0.00143230594980648	0.871662265262107
rs4596389	-139	0.676	GA/AC	1	5.24e-06	1	0.00140612213626005	0.88017214409679
rs6451775	-139	0.676	GG/AA	1	5.41e-06	1	0.0013637891456039	0.900884524479942
rs7380559	-139	0.641	GA/AT	1	1.55e-06	1	0.0045247246675118	0.639157585306828
rs16901989	-139	0.676	GC/AT	1	5.59e-06	1	0.00132171949700423	0.912927414913213
rs2330620	-136	0.668	GG/AA	1	5.36e-06	1	0.00137596667409808	0.894041294650654
rs2083243	-136	0.673	GC/AT	1	5.48e-06	1	0.00134710674221751	0.906277666583358
rs7449277	-135	0.61	GT/AA	1	3.54e-06	1	0.00204750613643005	0.785925673895136
rs729599	-134	0.673	GG/AA	1	5.15e-06	1	0.0014296427031217	0.874524213915035
rs16901990	-133	0.673	GA/AC	1	5.27e-06	1	0.00139845703610354	0.882971603676126
rs10072025	-132	0.673	GC/AT	1	5.14e-06	1	0.00143230594980648	0.873094571211914
rs1371024	-132	0.673	GC/AT	1	5.26e-06	1	0.0014010025432327	0.881573146640023
rs987394	-130	0.673	GA/AG	1	5.47e-06	1	0.00134946430949088	0.902233988789433
rs1371023	-129	0.641	GC/AT	1	1.65e-06	1	0.00426080319868327	0.661323123918668
rs7715731	-129	0.673	GA/AC	1	5.95e-06	1	0.00124507471124574	0.934807711765118
rs1371022	-128	0.673	GT/AA	1	5.56e-06	1	0.00132854560631235	0.910279433190177
rs7708213	-128	0.673	GT/AC	1	5.82e-06	1	0.00127167949912548	0.932311524460072
rs7726586	-127	0.673	GC/AT	1	5.54e-06	1	0.00133313661257057	0.908950887583865
rs4440370	-123	0.673	GA/AG	1	5.47e-06	1	0.00134946430949088	0.903583453098923
rs17343002	-122	0.174	GG/AC	1	0.302	NA	NA	NA
rs4492119	-120	0.668	GA/AG	1	5.81e-06	1	0.00127377436074563	0.931039844960947
rs4605791	-120	0.673	GT/AG	1	5.51e-06	1	0.00134008438793581	0.907617750971294
rs4604199	-120	0.673	GT/AC	1	5.29e-06	1	0.0013933943338456	0.884364998009972
rs4566804	-120	0.673	GT/AC	1	5.71e-06	1	0.00129511854677126	0.922066039077713
rs930396	-120	0.641	GT/AG	1	1.87e-06	1	0.0037779301878652	0.693192662180605
rs7703497	-119	0.673	GA/AG	1	6.45e-06	1	0.001152558422294	0.953961290176935
rs6451778	-118	0.673	GC/AT	1	6.34e-06	1	0.00117168424334877	0.950474169271502
rs13362132	-118	0.641	GT/AG	1	1.98e-06	1	0.00357606368281211	0.700379837324108
rs1438821	-118	0.641	GG/AA	1	2.48e-06	1	0.00288071881065139	0.728338480425477
rs1837286	-117	0.673	GC/AT	1	8.32e-06	1	0.000903507973714389	0.970975953780236
rs1438822	-117	0.673	GC/AG	1	9.35e-06	1	0.000808154534433265	0.976084597254304
rs6451781	-115	0.673	GT/AC	1	8.74e-06	1	0.000861967390926416	0.973630526765379
rs4373287	-113	0.676	GG/AT	1	5.81e-06	1	0.00127377436074563	0.929766070600201
rs6871052	-113	0.679	GC/AT	1	9.08e-06	1	0.000831099453812144	0.974461626219191
rs6893319	-112	0.679	GT/AG	1	9.39e-06	1	0.000804865260432929	0.976889462514737
rs10053247	-112	0.679	GC/AT	1	9.6e-06	1	0.000788037283598538	0.97926542785247
rs10057521	-110	0.679	GC/AT	1	9.93e-06	1	0.000763002943765521	0.980808705717387
rs10065638	-110	0.679	GT/AC	1	9.27e-06	1	0.000814816500679583	0.975276442719871
rs11958451	-109	0.679	GA/AG	1	9.53e-06	1	0.000793565876765946	0.978477390568872
rs6894324	-109	0.679	GG/AC	1	9.52e-06	1	0.000794362177368661	0.977683824692106
rs4395640	-107	0.679	GT/AC	1	9.7e-06	1	0.00078027492115153	0.980045702773622
rs10070037	-106	0.679	GA/AT	1	8.4e-06	1	0.000895281731212583	0.972768559374453
rs4518409	-105	0.647	GT/AC	1	3.3e-06	1	0.00219009262490043	0.779703685360491
rs9292913	-105	0.643	GG/AA	1	3.79e-06	1	0.00191784274825081	0.817729676786052
rs9292914	-105	0.683	GA/AC	1	7.79e-06	1	0.000962184624598376	0.967252468704181
rs9292915	-104	0.647	GC/AT	1	3.25e-06	1	0.00222239727815666	0.773094874544543
rs10059086	-104	0.679	GC/AT	1	8.25e-06	1	0.000910834151714917	0.970072445806522
rs11951760	-104	0.679	GG/AA	1	7.35e-06	1	0.00101718953548717	0.959396175892192
rs4329028	-104	0.647	GT/AA	1	3.5e-06	1	0.00206993777364062	0.783878167758706
rs7716600	-101	0.248	GA/AC	1	0.0211	NA	NA	NA
rs62366821	-101	0.436	GA/AG	1	0.000919	0	1.0663862922638e-05	0.999866454146687
rs4412123	-99.7	0.647	GT/AC	1	3.63e-06	1	0.00199880900483044	0.802066434628878
rs4866783	-99.5	0.679	GC/AT	1	8.38e-06	1	0.000897323863004386	0.97187327764324
rs4866920	-96.8	0.679	GG/AT	1	7.86e-06	1	0.000953990569825571	0.969161611654807
rs7705343	-96.4	0.647	GG/AA	1	3.05e-06	1	0.00236199966437088	0.768517882867911
rs10040488	-95.7	0.679	GG/AT	1	7.85e-06	1	0.000955152380800235	0.968207621084981
rs11948636	-94.8	0.679	GA/AC	1	7.54e-06	1	0.000992665642386894	0.961385298510616
rs13157608	-94.5	0.679	GC/AT	1	7.67e-06	1	0.000976572487780932	0.965314927408418
rs10069220	-94	0.679	GG/AA	1	7.58e-06	1	0.000987656286057056	0.962372954796673
rs13187933	-92.7	0.679	GT/AC	1	7.51e-06	1	0.000996456976037188	0.960392632868229
rs13168400	-92.5	0.679	GC/AT	1	7.68e-06	1	0.000975356671164757	0.966290284079582
rs74918844	-91.9	0.287	GA/AG	1	0.00195	NA	NA	NA
rs11948387	-91.7	0.679	GT/AC	1	7.61e-06	1	0.000983933140008102	0.963356887936682
rs4642377	-90.7	0.679	GA/AT	1	7.63e-06	1	0.000981466983955244	0.964338354920637
rs6868779	-90	0.679	GA/AG	1	6.64e-06	1	0.00112098673447567	0.957353792219945
rs10045264	-89.6	0.679	GG/AA	1	6.51e-06	1	0.00114239326818392	0.955103683445119
rs13356086	-88.3	0.679	GT/AC	1	6.05e-06	1	0.00122537252164721	0.938513276059978
rs10070928	-87.4	0.684	GC/AG	1	3.27e-06	1	0.0022093590955241	0.775304233640067
rs4391175	-85.9	0.684	GA/AG	1	3.62e-06	1	0.00200410246746646	0.798068816619217
rs10044321	-85.2	0.684	GG/AA	1	3.66e-06	1	0.00198309891040026	0.808041886622602
rs7718354	-85	0.684	GT/AG	1	3.55e-06	1	0.00204197572906486	0.790009625353266
rs6883465	-84.4	0.684	GT/AC	1	3.84e-06	1	0.00189389884998275	0.819623575636035
rs34115673	-83.2	0.684	GT/AG	1	3.75e-06	1	0.00193744876798218	0.813879325139514
rs10035358	-83.1	0.679	GC/AA	1	3.6e-06	1	0.00201477594122633	0.79606471415175
rs13154729	-83.1	0.684	GC/AT	1	3.75e-06	1	0.00193744876798218	0.811941876371532
rs4591754	-80.9	0.684	GG/AA	1	3.59e-06	1	0.00202015642862886	0.794049938210524
rs7356604	-80.8	0.684	GT/AC	1	3.59e-06	1	0.00202015642862886	0.792029781781895
rs7734331	-80.4	0.684	GG/AA	1	3.7e-06	1	0.00196254098094714	0.81000442760355
rs57300972	-78.2	0.647	GT/AC	1	4.74e-06	1	0.00154786222810919	0.855442923005441
rs4129642	-77.9	0.684	GG/AT	1	6.37e-06	1	0.00116640389675073	0.952808731754641
rs10060878	-76.6	0.684	GT/AC	1	5.96e-06	1	0.00124307532707729	0.936050787092195
rs9790879	-76.1	0.647	GC/AT	1	5.7e-06	1	0.001297293344577	0.918176333841788
rs9790896	-75.9	0.647	GG/AA	1	5.16e-06	1	0.00142698957915579	0.875951203494191
rs9791059	-75.5	0.684	GA/AC	1	6.27e-06	1	0.0011841976495486	0.948127253254736
rs4457088	-75	0.684	GT/AA	1	6.27e-06	1	0.0011841976495486	0.946943055605187
rs4866784	-74.9	0.684	GT/AC	1	6.16e-06	1	0.00120442468199713	0.944563714462166
rs72757831	-74.7	0.254	GA/AG	1	0.0073	NA	NA	NA
rs10462084	-74.6	0.29	GG/AA	1	0.00114	NA	NA	NA
rs10039173	-72.6	0.684	GC/AT	1	5.57e-06	1	0.00132626222603191	0.911605695416209
rs9791056	-72.1	0.684	GT/AC	1	5.31e-06	1	0.00138836902987648	0.885753367039848
rs9791164	-72	0.684	GA/AG	1	5.34e-06	1	0.00138090028790123	0.891286899016678
rs11957920	-70.9	0.647	GT/AC	1	3.06e-06	1	0.00235459439847445	0.770872477266386
rs10070339	-68.1	0.647	GG/AA	1	3.44e-06	1	0.00210454462457465	0.781808229985066
rs10060645	-67.8	0.684	GC/AT	1	4.19e-06	1	0.00174200607807174	0.824991003122552
rs13179835	-67.3	0.684	GG/AA	1	3.98e-06	1	0.00182999732498164	0.821453572961016
rs6880275	-67.1	0.684	GT/AC	1	4.24e-06	1	0.00172231653777604	0.826713319660328
rs6870136	-65.3	0.684	GG/AA	1	3.64e-06	1	0.00199354407849425	0.806058787712202
rs6881563	-63.1	0.684	GC/AT	1	3.76e-06	1	0.00193250889828719	0.815811834037801
rs34501299	-62.9	0.684	GT/AG	1	3.63e-06	1	0.00199880900483044	0.800067625624047
rs7702731	-61.7	0.465	GA/AG	1	0.00235	0	4.48963022029401e-06	1
rs7703618	-61.4	0.684	GG/AA	1	2.93e-06	1	0.00245472997565686	0.761378681826875
rs6895062	-59.5	0.691	GT/AC	1	2.01e-06	1	0.00352477638177816	0.703904613705886
rs6874167	-59.3	0.687	GG/AA	1	2.03e-06	1	0.00349141190423939	0.707396025610125
rs10077814	-59.2	0.65	GC/AT	1	1.96e-06	1	0.00361111146069035	0.696803773641296
rs4866921	-58.9	0.687	GT/AC	1	2.39e-06	1	0.00298478250617781	0.719570913336745
rs6451783	-57.7	0.687	GG/AA	1	2.56e-06	1	0.00279425102111579	0.748175889748077
rs7707315	-57.2	0.687	GT/AC	1	2.52e-06	1	0.00283681130802965	0.736903496522666
rs6871820	-56.4	0.687	GT/AC	1	2.58e-06	1	0.00277345672988296	0.75094934647796
rs4298259	-55.3	0.687	GG/AA	1	2.7e-06	1	0.00265504461243311	0.758923951851218
rs72757836	-55.1	0.112	GT/AG	1	0.0142	NA	NA	NA
rs7736092	-55	0.687	GC/AT	1	2.69e-06	1	0.00266451614839249	0.753613862626352
rs10941687	-54.8	0.687	GG/AA	1	2.7e-06	1	0.00265504461243311	0.756268907238785
rs6451784	-53.7	0.687	GA/AG	1	2.34e-06	1	0.00304598939252183	0.713564929697239
rs7728431	-53.3	0.687	GT/AC	1	2.42e-06	1	0.00294925044616347	0.722520163782909
rs7708506	-53.3	0.687	GC/AG	1	2.36e-06	1	0.00302120113332885	0.716586130830568
rs7708686	-53.2	0.687	GC/AG	1	2.5e-06	1	0.00285859266386717	0.734066685214636
rs7708705	-53.1	0.687	GA/AG	1	2.28e-06	1	0.00312291469459165	0.710518940304717
rs10042455	-51	0.687	GA/AG	1	2.49e-06	1	0.0028696121252915	0.731208092550769
rs10039866	-50.9	0.687	GT/AA	1	2.43e-06	1	0.00293759783191716	0.725457761614826
rs10043344	-49.5	0.655	GA/AT	1	9.04e-07	1	0.00760126109255958	0.570832568928416
rs10038554	-48.9	0.687	GG/AA	1	2.53e-06	1	0.00282604740143166	0.742555591325529
rs10044096	-48.6	0.65	GA/AC	1	1.84e-06	1	0.00383709571850257	0.68941473199274
rs10041518	-48.6	0.687	GT/AC	1	2.53e-06	1	0.00282604740143166	0.745381638726961
rs13153556	-47.9	0.687	GG/AA	1	2.53e-06	1	0.00282604740143166	0.739729543924097
rs12109710	-46.1	0.687	GA/AG	1	5.4e-06	1	0.00136620696116766	0.89815452837317
rs10063172	-45.3	0.687	GT/AC	1	3.55e-06	1	0.00204197572906486	0.787967649624201
rs10473376	-44.8	0.687	GC/AT	1	2.98e-06	1	0.00241520171229455	0.76379388353917
rs10473377	-44.7	0.687	GT/AC	1	3.05e-06	1	0.00236199966437088	0.76615588320354
rs10057341	-44.1	0.687	GC/AT	1	3.63e-06	1	0.00199880900483044	0.804065243633708
rs10073945	-43.9	0.687	GA/AG	1	4.06e-06	1	0.00179542408346433	0.823248997044481
rs4866922	-43.5	0.65	GC/AG	1	4.5e-06	1	0.00162685476448239	0.833295090293373
rs34325259	-39.1	0.687	GT/AG	1	6.59e-06	1	0.00112912204035068	0.956232805485469
rs12517690	-36.7	0.687	GA/AG	1	6.36e-06	1	0.0011681585863881	0.95164232785789
rs6875287	-34.4	0.687	GT/AC	1	6.21e-06	1	0.00119514349347215	0.945758857955639
rs11958808	-30.9	0.655	GC/AG	1	3.27e-06	1	0.0022093590955241	0.777513592735591
rs13171177	-28.7	0.138	GT/AC	1	0.0349	NA	NA	NA
rs3935086	-15.1	0.881	GA/AT	1	5.39e-08	1	0.115894994488704	0.563231307835857
rs3935213	-14.5	0.468	GT/AC	1	0.00124	0	8.08271933709616e-06	0.999939006286129
rs4627995	-13.8	0.453	GA/AG	1	0.00117	0	8.52844211189373e-06	0.999922840847455
rs4326150	-12.9	0.459	GT/AC	1	0.00124	0	8.08271933709616e-06	0.999930923566792
rs61584374	-12.2	0.459	GG/AT	1	0.00138	0	7.32291535945091e-06	0.999969218326275
rs73752421	-10.9	0.459	GC/AT	1	0.00102	0	9.68225202459189e-06	0.999896678417066
rs4460145	-7.66	0.459	GT/AA	1	0.000958	0	1.02610684898151e-05	0.999886996165042
rs6869488	-5.47	0.456	GC/AG	1	0.000877	0	1.11364012078937e-05	0.999855790283765
rs72757850	-1.75	0.465	GG/AA	1	0.00133	0	7.57650146063882e-06	0.999961895410916
rs10941690	-1.18	0.44	GA/AG	1	0.00208	0	5.02097372565547e-06	0.99999551036978
rs72757853	-0.825	0.45	GT/AC	1	0.0014	0	7.22639051719998e-06	0.999976444716792
rs6879309	-0.652	0.465	GC/AA	1	0.00117	0	8.52844211189373e-06	0.999914312405343
rs72759912	0.169	0.465	GT/AC	1	0.00132	0	7.62944764095325e-06	0.999954318909455
rs6866995	0.858	0.465	GC/AT	1	0.000956	0	1.0280949864514e-05	0.999876735096552
rs2067980	6.33	0.324	GG/AA	1	0.000305	NA	NA	NA
rs4296810	8.17	0.453	GA/AT	1	0.00148	0	6.86555760476524e-06	0.999990489396054
rs112102893	8.57	0.436	GA/AG	1	0.00131	0	7.68317568536567e-06	0.999946689461814
rs11747840	8.59	0.12	GC/AT	1	0.019	NA	NA	NA
rs10462085	8.59	0.45	GA/AG	1	0.00109	0	9.10554616448587e-06	0.999905783963231
rs111778497	10.2	0.439	GG/AA	1	0.00141	0	7.17912165702047e-06	0.999983623838449
rs6869697	13.3	0.482	GC/AT	1	0.000117	0	7.33365242842527e-05	0.999672877387553
rs6889445	13.6	0.497	GA/AG	1	0.000115	0	7.45387657757626e-05	0.999599540863269
rs72759917	15.1	0.491	GT/AG	1	9.42e-05	0	8.99819367083229e-05	0.999525002097493
rs11738948	23.8	0.141	GG/AC	1	0.015	NA	NA	NA
rs11742346	27.3	0.251	GT/AC	1	0.0111	NA	NA	NA
rs34692501	53.2	0.242	GG/AA	1	0.0229	NA	NA	NA
rs13183434	98.6	0.239	GA/AG	1	0.00575	NA	NA	NA
rs36000907	207	0.116	GA/AG	1	0.192	NA	NA	NA
