SNP	KB	R2	Alleles	F	P	inCredible	probNorm	cumSum
rs7488242	0	1	C	1	8.56e-10	1	0.0465425838541538	0.0465425838541538
rs1403506	-160	0.105	CC/AT	1	0.597	NA	NA	NA
rs9971780	-160	0.348	CT/AA	1	0.000834	NA	NA	NA
rs7139028	-157	0.359	CT/AG	1	0.00124	NA	NA	NA
rs7963048	-157	0.34	CT/AA	1	0.000939	NA	NA	NA
rs61932195	-157	0.112	CT/AA	1	0.897	NA	NA	NA
rs2888300	-155	0.346	CG/AA	1	0.000689	NA	NA	NA
rs12580031	-153	0.146	CT/AC	1	0.00129	NA	NA	NA
rs56935245	-152	0.343	CG/AC	1	0.00196	NA	NA	NA
rs1523098	-149	0.365	CA/AG	1	0.00153	NA	NA	NA
rs12319594	-148	0.172	CG/AA	1	0.000184	NA	NA	NA
rs17460772	-148	0.11	CG/AT	1	0.844	NA	NA	NA
rs61932197	-148	0.18	CG/AC	1	0.000145	NA	NA	NA
rs61932198	-148	0.18	CC/AA	1	0.000142	NA	NA	NA
rs61932199	-148	0.176	CC/AT	1	9.74e-05	NA	NA	NA
rs60317458	-147	0.18	CT/AC	1	0.000145	NA	NA	NA
rs11109688	-147	0.375	CT/AC	1	0.000636	NA	NA	NA
rs11109689	-147	0.106	CT/AC	1	0.891	NA	NA	NA
rs12315468	-147	0.18	CC/AT	1	0.00014	NA	NA	NA
rs10507103	-147	0.176	CC/AT	1	9.98e-05	NA	NA	NA
rs12309850	-147	0.18	CG/AC	1	0.000142	NA	NA	NA
rs17028933	-146	0.18	CG/AA	1	0.000138	NA	NA	NA
rs952198	-146	0.106	CA/AG	1	0.887	NA	NA	NA
rs1916281	-146	0.106	CA/AG	1	0.87	NA	NA	NA
rs12310252	-146	0.106	CT/AC	1	0.881	NA	NA	NA
rs11109690	-146	0.18	CT/AC	1	0.000139	NA	NA	NA
rs17028943	-145	0.182	CT/AC	1	0.000155	NA	NA	NA
rs17363636	-145	0.176	CC/AT	1	9.63e-05	NA	NA	NA
rs17028946	-145	0.18	CC/AT	1	0.000143	NA	NA	NA
rs10507104	-145	0.18	CA/AG	1	0.000147	NA	NA	NA
rs61932222	-145	0.176	CC/AT	1	0.000158	NA	NA	NA
rs12300135	-145	0.18	CG/AA	1	0.000153	NA	NA	NA
rs61932223	-145	0.18	CA/AT	1	0.000124	NA	NA	NA
rs61932224	-145	0.18	CA/AC	1	0.000127	NA	NA	NA
rs12300206	-145	0.18	CG/AA	1	0.000125	NA	NA	NA
rs10160949	-144	0.11	CG/AA	1	0.875	NA	NA	NA
rs12314084	-144	0.18	CA/AG	1	0.000157	NA	NA	NA
rs12314199	-144	0.18	CA/AG	1	0.000151	NA	NA	NA
rs56296716	-143	0.18	CA/AG	1	0.000161	NA	NA	NA
rs56225414	-143	0.18	CC/AG	1	0.000184	NA	NA	NA
rs61932228	-143	0.176	CG/AA	1	0.000109	NA	NA	NA
rs61932229	-142	0.181	CG/AA	1	0.000149	NA	NA	NA
rs61932230	-142	0.152	CA/AG	1	0.000185	NA	NA	NA
rs56059759	-142	0.174	CC/AA	1	0.000139	NA	NA	NA
rs73140904	-141	0.136	CT/AG	1	0.000586	NA	NA	NA
rs7952964	-141	0.386	CG/AA	1	0.000507	NA	NA	NA
rs55958542	-141	0.163	CC/AG	1	0.000238	NA	NA	NA
rs12297446	-137	0.189	CC/AT	1	0.000161	NA	NA	NA
rs4762532	-134	0.175	CG/AA	1	0.000121	NA	NA	NA
rs1523097	-133	0.398	CG/AA	1	0.000615	NA	NA	NA
rs7967579	-133	0.128	CC/AG	1	0.5	NA	NA	NA
rs12297479	-128	0.124	CT/AC	1	0.757	NA	NA	NA
rs10128795	-128	0.103	CA/AG	1	0.907	NA	NA	NA
rs11109693	-126	0.103	CG/AA	1	0.87	NA	NA	NA
rs12578561	-123	0.101	CA/AG	1	0.943	NA	NA	NA
rs7965027	-117	0.406	CC/AT	1	0.000409	0	1.61921578972626e-07	0.999999946450287
rs869032	-113	0.12	CT/AC	1	0.809	NA	NA	NA
rs11109699	-111	0.124	CA/AC	1	0.874	NA	NA	NA
rs7956628	-110	0.124	CT/AC	1	0.83	NA	NA	NA
rs11836862	-110	0.183	CG/AT	1	5.48e-05	NA	NA	NA
rs17363922	-109	0.178	CG/AA	1	9.51e-05	NA	NA	NA
rs6538889	-109	0.124	CG/AA	1	0.726	NA	NA	NA
rs7300171	-108	0.121	CT/AG	1	0.925	NA	NA	NA
rs4762533	-108	0.121	CC/AA	1	0.791	NA	NA	NA
rs4762534	-107	0.121	CT/AC	1	0.936	NA	NA	NA
rs4762535	-107	0.406	CG/AC	1	0.000311	0	2.09197347972921e-07	0.999998272355702
rs7969490	-107	0.124	CA/AG	1	0.882	NA	NA	NA
rs7487923	-106	0.12	CG/AA	1	0.851	NA	NA	NA
rs1523101	-104	0.12	CT/AC	1	0.849	NA	NA	NA
rs7956263	-104	0.12	CT/AC	1	0.815	NA	NA	NA
rs56339660	-102	0.19	CG/AA	1	5.27e-05	NA	NA	NA
rs11109702	-101	0.408	CA/AG	1	0.000359	0	1.82906966216855e-07	0.999999433182936
rs12320091	-101	0.408	CT/AC	1	0.000351	0	1.86802879100194e-07	0.999999250275969
rs4762536	-100	0.405	CG/AA	1	0.000326	0	2.00173521863413e-07	0.999998472529224
rs4762537	-100	0.408	CA/AG	1	0.000367	0	1.7917622334281e-07	0.999999612359159
rs4762538	-100	0.123	CT/AC	1	0.791	NA	NA	NA
rs4762539	-100	0.408	CG/AC	1	0.000383	0	1.72169549252286e-07	0.999999784528708
rs4762216	-100	0.408	CT/AA	1	0.000335	0	1.95136664428966e-07	0.99999906347309
rs7979211	-99.7	0.123	CT/AC	1	0.8	NA	NA	NA
rs7954989	-98.8	0.123	CA/AG	1	0.82	NA	NA	NA
rs61933365	-98.7	0.173	CC/AT	1	9.5e-05	NA	NA	NA
rs7959046	-97.8	0.123	CA/AG	1	0.815	NA	NA	NA
rs4762540	-95.4	0.402	CT/AG	1	0.000303	0	2.14364906999797e-07	0.999997850110044
rs61933366	-95.3	0.178	CG/AA	1	6.95e-05	NA	NA	NA
rs4762541	-95.3	0.405	CT/AC	1	0.000305	0	2.13048309769465e-07	0.999998063158354
rs4762542	-95.2	0.399	CG/AA	1	0.000293	NA	NA	NA
rs4762217	-94.6	0.408	CA/AC	1	0.000331	0	1.9734239486108e-07	0.999998868336426
rs4762543	-94.2	0.408	CA/AG	1	0.000329	0	1.98464807128883e-07	0.999998670994031
rs6538890	-93.9	0.405	CA/AG	1	0.00023	0	2.77578749957885e-07	0.999997373137376
rs6538891	-93.7	0.123	CC/AT	1	0.726	NA	NA	NA
rs6538892	-93.6	0.402	CA/AT	1	0.000209	0	3.03686405924067e-07	0.999997095558626
rs6538893	-93.4	0.123	CT/AC	1	0.756	NA	NA	NA
rs7301050	-92.7	0.101	CA/AG	1	0.891	NA	NA	NA
rs10860386	-88.4	0.406	CG/AA	1	9.56e-05	0	6.34372982682731e-07	0.999996791872221
rs17364420	-87.7	0.112	CC/AT	1	0.00104	NA	NA	NA
rs11109705	-86.8	0.121	CA/AC	1	0.791	NA	NA	NA
rs4762545	-85.6	0.18	CC/AA	1	7.17e-05	NA	NA	NA
rs4762546	-80.1	0.409	CG/AC	1	5.93e-05	0	9.96489885652293e-07	0.999995257043008
rs10745838	-77.8	0.395	CC/AT	1	0.000163	NA	NA	NA
rs1319892	-74.1	0.836	CT/AC	1	2.09e-08	1	0.00207681654589127	0.983190536304626
rs1319893	-74	0.837	CT/AG	1	2.53e-08	1	0.00172528049171063	0.990501216562438
rs935143	-73.9	0.836	CG/AA	1	1.65e-08	1	0.00261266125544912	0.976545265169595
rs7311721	-72.1	0.879	CC/AT	1	2e-08	1	0.00216748948036781	0.981113719758735
rs7955942	-70.4	0.879	CG/AA	1	1.8e-08	1	0.00240096510877163	0.978946230278367
rs7294393	-69.2	0.879	CG/AA	1	1.47e-08	1	0.00292286768210924	0.968339489729823
rs1814453	-66.2	0.844	CA/AG	1	2.37e-08	1	0.00183821364882496	0.986996007266523
rs17364755	-65.1	0.207	CG/AC	1	0.195	NA	NA	NA
rs3794799	-63.5	0.903	CC/AA	1	1.49e-08	1	0.00288475058701575	0.971224240316839
rs4762547	-62.3	0.907	CC/AT	1	1.38e-08	1	0.00310787416390313	0.956306302341978
rs10467004	-61.4	0.876	CT/AA	1	3.99e-08	0	0.00110898405053877	0.994608877067493
rs6538894	-60.3	0.884	CG/AA	1	3.16e-08	0	0.00139047096640888	0.993499893016954
rs61933369	-56.8	0.212	CT/AC	1	0.195	NA	NA	NA
rs17364888	-55	0.212	CC/AT	1	0.181	NA	NA	NA
rs2372631	-54.5	0.474	CC/AG	1	3.64e-06	0	1.42516566160703e-05	0.999937655521167
rs2372632	-54.5	0.888	CT/AC	1	4.09e-08	0	0.00108268218030306	0.995691559247796
rs7306078	-53.9	0.871	CG/AA	1	2.21e-08	1	0.00196725731307274	0.985157793617699
rs7974917	-52.9	0.923	CG/AA	1	1.59e-08	1	0.00270836359730678	0.973932603914146
rs7485825	-51.3	0.883	CG/AT	1	2.72e-08	0	0.00160820548810712	0.992109422050545
rs6419378	-48.2	0.923	CA/AG	1	6.05e-09	1	0.00692787657721482	0.860849197659471
rs7977423	-47.1	0.967	CC/AA	1	3.35e-09	1	0.0123145363765062	0.608796625901459
rs10860387	-46	0.927	CG/AC	1	7.71e-09	1	0.00547257062706662	0.903038332922036
rs61933373	-44.9	0.22	CA/AG	1	0.156	NA	NA	NA
rs61933374	-44.3	0.22	CA/AG	1	0.151	NA	NA	NA
rs2372634	-43.4	0.971	CT/AC	1	4.67e-09	1	0.00891237283411494	0.744306209344397
rs7975384	-42.8	0.932	CC/AT	1	5.62e-09	1	0.00744299521854031	0.831972012503574
rs2372635	-42.4	0.967	CC/AT	1	5.72e-09	1	0.0073163789279912	0.846629742753884
rs6538895	-42.2	0.98	CA/AC	1	5.74e-09	1	0.00729157832837165	0.853921321082256
rs2372636	-41.5	0.98	CA/AG	1	4.59e-09	1	0.00906349655856517	0.735393836510282
rs2372637	-40.7	0.967	CG/AC	1	3.02e-09	1	0.0136228633980478	0.584131659384711
rs2372638	-39.8	0.924	CG/AA	1	7.46e-09	1	0.00565082400355491	0.897565762294969
rs2372639	-39.4	0.927	CA/AG	1	8.47e-09	1	0.00499451354499564	0.923864330958132
rs7139247	-39.2	0.927	CG/AT	1	8.02e-09	1	0.0052667761731457	0.913763911132895
rs10745839	-38.2	0.975	CC/AT	1	4.53e-09	1	0.00918029704424072	0.717189314319379
rs4762219	-38.1	0.502	CA/AG	1	2.15e-06	0	2.36202179641621e-05	0.999782516489426
rs7137868	-36.1	0.936	CT/AG	1	1.36e-08	1	0.00315226588455056	0.950068517990156
rs7307199	-36	0.971	CC/AT	1	4.9e-09	1	0.00850504265278983	0.761367270216923
rs2372640	-35.4	0.984	CG/AC	1	5.33e-09	1	0.00783669078360548	0.793658425337448
rs7297221	-34.9	0.932	CT/AC	1	1.33e-08	1	0.00322132247408887	0.946916252105605
rs2888378	-34.4	0.98	CG/AA	1	5.28e-09	1	0.00790888294614912	0.785821734553843
rs10745840	-33.8	0.98	CG/AA	1	4.91e-09	1	0.0084881874642407	0.769855457681164
rs10777954	-33.6	0.932	CC/AT	1	1.03e-08	1	0.00412962819802524	0.932764135467269
rs2888379	-33	0.971	CT/AC	1	5.37e-09	1	0.00777989269603883	0.809232331793308
rs80009464	-32.1	0.212	CC/AA	1	0.132	NA	NA	NA
rs3803094	-32	0.971	CC/AT	1	4.87e-09	1	0.00855601821973597	0.752862227564133
rs3825267	-31.6	0.932	CG/AT	1	8.88e-09	1	0.00477017631111221	0.928634507269244
rs7970121	-31.6	0.98	CC/AT	1	5.48e-09	1	0.00762791943112197	0.824529017285034
rs4762548	-30.4	0.936	CA/AG	1	1.4e-08	1	0.00306473396844229	0.95937103631042
rs2372641	-30.4	0.984	CA/AG	1	6.91e-09	1	0.00608775523528178	0.885985676040441
rs2372642	-30.1	0.975	CA/AG	1	5.18e-09	1	0.00805739392652967	0.777912851607694
rs6538896	-29.8	0.512	CC/AA	1	2.5e-06	0	2.04358065066832e-05	0.999870891279402
rs6538897	-29.7	0.936	CA/AC	1	1.42e-08	1	0.00302279286864704	0.965416622047714
rs7299393	-29.6	0.975	CT/AA	1	6.65e-09	1	0.00631911983575267	0.873687764213992
rs7314011	-29.6	0.984	CG/AT	1	7.73e-09	1	0.00545880203771319	0.908497134959749
rs7313721	-29.5	0.512	CA/AC	1	2.72e-06	0	1.88467048038716e-05	0.999889737984206
rs7314469	-29.1	0.975	CC/AT	1	6.77e-09	1	0.00621015659116653	0.879897920805159
rs10735361	-29	0.984	CC/AT	1	6.44e-09	1	0.00651944671876912	0.86736864437824
rs10860388	-27.5	0.984	CC/AT	1	8.28e-09	1	0.00510590628024144	0.918869817413136
rs10860389	-27.3	0.984	CA/AG	1	7.1e-09	1	0.0059292622509737	0.891914938291414
rs61933375	-26.7	0.214	CC/AT	1	0.14	NA	NA	NA
rs2372643	-24.6	0.967	CC/AT	1	5.36e-09	1	0.00779401375982139	0.80145243909727
rs4762222	-23.1	0.51	CT/AC	1	2.26e-06	0	2.2515098448977e-05	0.999828035624068
rs61933377	-23	0.111	CA/AG	1	0.0189	NA	NA	NA
rs11109725	-22.6	0.98	CA/AG	1	5.45e-09	1	0.00766876606060317	0.816901097853912
rs6538898	-21.9	0.98	CA/AG	1	5.7e-09	1	0.00734135132231898	0.839313363825893
rs10777955	-20.9	0.932	CG/AA	1	1.23e-08	1	0.00347549427955514	0.943694929631516
rs2372644	-19.8	0.454	CT/AG	1	0.00346	0	2.25456800676161e-08	0.999999968995967
rs4762554	-19.1	0.94	CC/AT	1	4.55e-09	1	0.00914102563233861	0.726330339951717
rs4762555	-18.8	0.944	CT/AG	1	3.9e-09	1	0.0106206373503592	0.687026265486745
rs10860390	-18.1	0.992	CC/AT	1	1.35e-09	1	0.0298491116818174	0.3901307887476
rs61933378	-17.5	0.22	CC/AT	1	0.124	NA	NA	NA
rs10745841	-16.9	0.98	CG/AC	1	1.16e-09	1	0.0346058810866099	0.169513837675177
rs10777956	-16.2	0.98	CA/AG	1	1.23e-09	1	0.0326844749674974	0.267567262577669
rs10745842	-15.8	0.98	CC/AT	1	1.61e-09	1	0.025140812724771	0.415271601472371
rs10735362	-15.6	0.988	CT/AC	1	1.64e-09	1	0.0246925350719211	0.465104949269063
rs10745843	-14.6	0.984	CG/AA	1	1.61e-09	1	0.025140812724771	0.440412414197142
rs4762556	-14.4	0.944	CT/AC	1	3.56e-09	1	0.0116067885157874	0.620403414417247
rs10860391	-14.1	0.45	CC/AT	1	0.00548	0	1.48604850176304e-08	1
rs4762557	-13.9	0.984	CT/AC	1	1.23e-09	1	0.0326844749674974	0.234882787610172
rs4762558	-13.9	0.422	CC/AG	1	6.6e-05	0	9.00456230145975e-07	0.999996157499238
rs10860392	-12.4	0.944	CC/AT	1	3.85e-09	1	0.0107548703695751	0.676405628136385
rs4762559	-12	0.984	CG/AA	1	1.78e-09	1	0.0227980897605212	0.487903039029584
rs17464126	-11.6	0.218	CG/AC	1	0.116	NA	NA	NA
rs7979741	-11.6	0.935	CG/AA	1	3.58e-09	1	0.0115436613833835	0.643553864316418
rs10777957	-10.5	0.984	CC/AT	1	1.23e-09	1	0.0326844749674974	0.202198312642675
rs10860393	-9.84	0.448	CC/AT	1	0.005	0	1.61435475976532e-08	0.999999985139515
rs2372719	-8.99	0.948	CC/AA	1	2.19e-09	1	0.0186290677698504	0.506532106799435
rs7953690	-7.71	0.948	CT/AC	1	2.2e-09	1	0.0185465761690623	0.525078682968497
rs10507107	-6.98	0.948	CG/AC	1	2.47e-09	1	0.0165689191836439	0.541647602152141
rs10777958	-2.67	0.388	CT/AC	1	0.00878	NA	NA	NA
rs2372720	-2.22	0.984	CG/AA	1	1.27e-09	1	0.0316805371620185	0.299247799739688
rs2372721	-1.8	0.948	CA/AG	1	3.56e-09	1	0.0116067885157874	0.632010202933034
rs7970642	-1.03	0.98	CC/AA	1	8.94e-10	1	0.0446121428349605	0.0911547266891143
rs2372724	0.116	0.948	CA/AG	1	2.75e-09	1	0.0149236689147253	0.556571271066866
rs7978433	0.569	0.996	CG/AA	1	9.12e-10	1	0.043753229899453	0.134907956588567
rs149810932	0.644	0.218	CA/AT	1	0.134	NA	NA	NA
rs7961981	3.46	0.988	CG/AA	1	1.3e-09	1	0.030967655394306	0.330215455133994
rs7961789	3.55	0.988	CA/AG	1	1.34e-09	1	0.0300662219317888	0.360281677065783
rs7965982	4.75	0.948	CA/AG	1	4e-09	1	0.0103621144380342	0.708009017275138
rs2372726	5.11	0.948	CC/AG	1	3.34e-09	1	0.0123504301402418	0.596482089524953
rs2372727	6.06	0.948	CT/AC	1	3.76e-09	1	0.0110053706478879	0.66565075776681
rs11109730	6.28	0.211	CT/AC	1	0.000351	NA	NA	NA
rs9788038	7.26	0.948	CG/AC	1	3.9e-09	1	0.0106206373503592	0.697646902837104
rs7964358	7.62	0.952	CC/AG	1	3.73e-09	1	0.0110915228025049	0.654645387118923
rs7979379	7.64	0.952	CT/AC	1	2.95e-09	1	0.0139375249197973	0.570508795986663
rs6538900	8.53	0.895	CG/AA	1	2.45e-08	1	0.00177992880420367	0.988775936070727
rs6538901	8.8	0.895	CT/AC	1	1.37e-08	1	0.00312991018791877	0.953198428178075
rs2372731	8.84	0.895	CT/AC	1	1.42e-08	1	0.00302279286864704	0.962393829179067
rs2888397	9	0.895	CA/AG	1	1.17e-08	1	0.00364855702253324	0.940219435351961
rs7972642	9.98	0.895	CA/AG	1	1.12e-08	1	0.00380674286215888	0.936570878329428
rs17367186	9.99	0.41	CG/AT	1	4.24e-05	0	1.36950743511875e-06	0.999994260553122
rs10777959	10.7	0.81	CG/AA	1	2.74e-07	0	0.000171819642882762	0.999545652090196
rs10431448	10.8	0.81	CT/AC	1	2.55e-07	0	0.000184169806157943	0.999373832447313
rs10431449	10.9	0.806	CG/AT	1	1.33e-07	0	0.000345531099881612	0.998279361492701
rs2372732	11.6	0.806	CC/AT	1	1.03e-07	0	0.000442494912650594	0.997529289056042
rs2372733	11.7	0.81	CC/AG	1	9.78e-08	0	0.000465248977829579	0.996631456346671
rs2372734	11.9	0.806	CG/AC	1	2.1e-07	0	0.000222171198860907	0.998986187768088
rs6538902	12.7	0.806	CC/AT	1	1.95e-07	0	0.000238667643417141	0.998764016569228
rs10735363	14.3	0.741	CT/AC	1	1.94e-06	0	2.6071116454817e-05	0.999758896271461
rs7298574	14.8	0.737	CA/AG	1	3.07e-06	0	1.678016986231e-05	0.999923403864551
rs10860394	15.6	0.116	CG/AA	1	0.00677	NA	NA	NA
rs11109734	16.1	0.181	CC/AG	1	0.297	NA	NA	NA
rs10860395	16.4	0.179	CC/AT	1	0.226	NA	NA	NA
rs1867238	17.2	0.383	CT/AG	1	1.34e-05	NA	NA	NA
rs10860396	18.5	0.181	CT/AA	1	0.369	NA	NA	NA
rs1319891	18.5	0.378	CC/AG	1	1.61e-05	NA	NA	NA
rs57084771	19.4	0.181	CG/AA	1	0.213	NA	NA	NA
rs10777961	19.7	0.176	CC/AA	1	0.379	NA	NA	NA
rs10860397	20.3	0.181	CG/AC	1	0.267	NA	NA	NA
rs11614229	20.5	0.111	CG/AA	1	0.00755	NA	NA	NA
rs12426468	21.4	0.181	CA/AG	1	0.401	NA	NA	NA
rs10735364	21.7	0.383	CA/AG	1	2.78e-05	NA	NA	NA
rs11109738	21.9	0.181	CC/AA	1	0.376	NA	NA	NA
rs17029089	26.6	0.179	CA/AG	1	0.361	NA	NA	NA
rs1688643	27.7	0.713	CT/AA	1	9.58e-08	0	0.00047464812104574	0.996166207368841
rs591776	28.3	0.713	CC/AT	1	1e-07	0	0.000455337796720137	0.997086794143391
rs670104	28.8	0.679	CT/AC	1	3.04e-07	0	0.000155416890207019	0.999701068980403
rs529486	29.3	0.376	CC/AT	1	2.79e-05	NA	NA	NA
rs642292	30.5	0.107	CG/AA	1	0.00611	NA	NA	NA
rs639620	31.1	0.391	CG/AA	1	5.2e-05	NA	NA	NA
rs638177	31.4	0.376	CC/AT	1	3.01e-05	NA	NA	NA
rs581717	34.8	0.373	CA/AC	1	2.12e-05	NA	NA	NA
rs481902	37.1	0.71	CG/AA	1	1.13e-07	0	0.000404541336777937	0.99793383039282
rs61940183	38.9	0.133	CA/AT	1	0.000168	NA	NA	NA
rs61940184	39.1	0.154	CT/AC	1	0.153	NA	NA	NA
rs7958765	39.5	0.158	CC/AT	1	0.171	NA	NA	NA
rs61940185	39.9	0.158	CA/AT	1	0.182	NA	NA	NA
rs660884	43.2	0.366	CC/AA	1	2.7e-05	NA	NA	NA
rs660879	43.2	0.713	CT/AC	1	1.89e-07	0	0.000245987433109132	0.99852534892581
rs2131165	43.8	0.163	CA/AG	1	0.227	NA	NA	NA
rs12425857	44.7	0.162	CT/AC	1	0.2	NA	NA	NA
rs55750634	45.3	0.333	CT/AC	1	0.00881	NA	NA	NA
rs1580641	47.2	0.331	CC/AT	1	0.013	NA	NA	NA
rs7969339	47.3	0.186	CC/AT	1	0.121	NA	NA	NA
rs664481	48.9	0.369	CG/AA	1	2.37e-05	NA	NA	NA
rs651548	49.6	0.72	CA/AG	1	2.3e-07	0	0.000203474873066787	0.999189662641155
rs693374	50.1	0.374	CC/AT	1	2.41e-05	NA	NA	NA
rs2372648	50.4	0.328	CC/AT	1	0.0124	NA	NA	NA
rs1688644	51.4	0.369	CG/AT	1	2.65e-05	NA	NA	NA
rs7306178	51.9	0.18	CT/AC	1	0.588	NA	NA	NA
rs513022	52.1	0.369	CC/AT	1	2.71e-05	NA	NA	NA
rs619826	52.1	0.369	CC/AT	1	3.32e-05	NA	NA	NA
rs11109749	53.3	0.307	CG/AC	1	0.0134	NA	NA	NA
rs569685	53.6	0.369	CG/AT	1	2.66e-05	NA	NA	NA
rs11109750	56.5	0.144	CG/AA	1	0.376	NA	NA	NA
rs553961	57	0.343	CA/AT	1	5.06e-05	NA	NA	NA
rs2087745	60	0.268	CG/AA	1	0.0253	NA	NA	NA
rs11109753	61.3	0.142	CT/AC	1	0.345	NA	NA	NA
rs2638571	61.8	0.334	CG/AA	1	4.81e-05	NA	NA	NA
rs11109754	62.2	0.142	CG/AA	1	0.411	NA	NA	NA
rs2372716	62.8	0.336	CC/AT	1	4.79e-05	NA	NA	NA
rs61940187	64.9	0.144	CA/AG	1	0.445	NA	NA	NA
rs34570636	66.2	0.136	CG/AA	1	0.36	NA	NA	NA
rs2452266	66.5	0.334	CT/AC	1	4.52e-05	NA	NA	NA
rs10745846	67.1	0.336	CA/AT	1	4.61e-05	NA	NA	NA
rs2712639	69	0.334	CT/AC	1	4.1e-05	NA	NA	NA
rs10860399	69.2	0.142	CA/AG	1	0.395	NA	NA	NA
rs2172284	71.3	0.274	CA/AG	1	0.0325	NA	NA	NA
rs2638577	73.2	0.344	CT/AC	1	7.91e-06	NA	NA	NA
rs2263048	74.2	0.344	CT/AA	1	9.27e-06	NA	NA	NA
rs2263049	74.2	0.628	CA/AG	1	2.21e-06	0	2.30040361930468e-05	0.999805520525619
rs10860401	74.9	0.61	CG/AA	1	2.27e-06	0	2.24198488281334e-05	0.999850455472896
rs2712668	75.8	0.344	CC/AT	1	1.13e-05	NA	NA	NA
rs61940189	77.8	0.139	CC/AT	1	0.36	NA	NA	NA
rs2712667	78.3	0.62	CG/AC	1	3.05e-06	0	1.68857104826659e-05	0.999906623694689
rs2712666	79	0.308	CT/AA	1	4.84e-05	NA	NA	NA
rs2638559	80.3	0.467	CC/AT	1	0.000244	0	2.6260776096309e-07	0.999997635745137
rs2712665	84.3	0.201	CC/AT	1	0.0158	NA	NA	NA
rs10507108	84.7	0.144	CC/AT	1	0.387	NA	NA	NA
rs982325	85.5	0.137	CT/AC	1	0.433	NA	NA	NA
rs79115321	86.5	0.145	CG/AA	1	0.402	NA	NA	NA
rs2712664	86.7	0.595	CC/AT	1	5.2e-06	0	1.01262601928918e-05	0.99998586582794
rs1492245	87.9	0.273	CG/AA	1	0.0435	NA	NA	NA
rs2712663	88.6	0.329	CA/AC	1	9.99e-05	NA	NA	NA
rs1492246	88.7	0.273	CC/AT	1	0.0388	NA	NA	NA
rs2712662	88.8	0.617	CC/AT	1	4.3e-06	0	1.21480057746869e-05	0.999975739567748
rs2638562	88.9	0.329	CG/AA	1	7.94e-05	NA	NA	NA
rs2712661	89.7	0.352	CG/AA	1	3.97e-05	NA	NA	NA
rs2712660	89.8	0.329	CC/AT	1	9.98e-05	NA	NA	NA
rs2712659	90.1	0.346	CT/AC	1	0.000147	NA	NA	NA
rs7132988	90.2	0.329	CG/AA	1	0.000104	NA	NA	NA
rs2249601	90.9	0.352	CG/AA	1	4.15e-05	NA	NA	NA
rs11109758	91.8	0.109	CA/AG	1	0.008	NA	NA	NA
rs10860403	93	0.137	CA/AC	1	0.396	NA	NA	NA
rs10860404	93.2	0.137	CC/AG	1	0.407	NA	NA	NA
rs4237909	94	0.277	CC/AT	1	0.0425	NA	NA	NA
rs11109759	94.6	0.281	CG/AC	1	0.0433	NA	NA	NA
rs11109760	95.1	0.279	CC/AT	1	0.0474	NA	NA	NA
rs931480	95.9	0.281	CT/AC	1	0.0602	NA	NA	NA
rs1492257	96.1	0.144	CC/AT	1	0.422	NA	NA	NA
rs1492256	96.3	0.144	CT/AC	1	0.488	NA	NA	NA
rs2246098	96.4	0.334	CC/AT	1	1.24e-05	NA	NA	NA
rs1806395	97.9	0.145	CG/AT	1	0.447	NA	NA	NA
rs4762565	100	0.329	CT/AC	1	0.000104	NA	NA	NA
rs11109763	100	0.147	CC/AT	1	0.463	NA	NA	NA
rs7972843	100	0.339	CG/AA	1	3.98e-05	NA	NA	NA
rs2246664	101	0.61	CA/AG	1	4.21e-06	0	1.23967384311285e-05	0.999963591561973
rs2246683	102	0.35	CG/AT	1	2.18e-05	NA	NA	NA
rs113062043	104	0.144	CC/AG	1	0.49	NA	NA	NA
rs12226987	105	0.145	CG/AT	1	0.523	NA	NA	NA
rs2638572	108	0.326	CA/AC	1	6.07e-05	NA	NA	NA
rs2638573	109	0.606	CA/AG	1	7.62e-06	0	7.02521774650441e-06	0.999992891045687
rs61940208	109	0.116	CC/AT	1	0.566	NA	NA	NA
rs2712656	109	0.365	CA/AG	1	5.49e-05	NA	NA	NA
rs1492252	112	0.135	CT/AC	1	0.00292	NA	NA	NA
rs1994756	113	0.134	CG/AT	1	0.0036	NA	NA	NA
rs2712655	113	0.358	CT/AC	1	7.19e-05	NA	NA	NA
rs2712654	113	0.32	CT/AA	1	0.000242	NA	NA	NA
rs1492251	114	0.32	CC/AT	1	0.00028	NA	NA	NA
rs2712653	114	0.356	CA/AG	1	0.00013	NA	NA	NA
rs2201162	114	0.356	CG/AA	1	0.00015	NA	NA	NA
rs2638568	115	0.356	CC/AT	1	6.61e-05	NA	NA	NA
rs972658	115	0.356	CA/AG	1	0.000126	NA	NA	NA
rs10777965	116	0.321	CG/AC	1	0.000348	NA	NA	NA
rs11109766	116	0.265	CC/AG	1	0.0614	NA	NA	NA
rs974992	117	0.319	CG/AA	1	0.000251	NA	NA	NA
rs1388741	117	0.319	CA/AC	1	0.000257	NA	NA	NA
rs991226	119	0.128	CA/AG	1	0.00627	NA	NA	NA
rs1844966	121	0.127	CG/AC	1	0.00421	NA	NA	NA
rs2638565	122	0.351	CT/AC	1	0.00012	NA	NA	NA
rs1948394	122	0.129	CC/AA	1	0.00617	NA	NA	NA
rs2712646	123	0.353	CA/AT	1	0.000108	NA	NA	NA
rs2131168	123	0.127	CT/AA	1	0.00644	NA	NA	NA
rs2712644	123	0.353	CA/AG	1	0.00014	NA	NA	NA
rs2172283	123	0.127	CA/AG	1	0.0061	NA	NA	NA
rs7977543	124	0.162	CT/AC	1	0.081	NA	NA	NA
rs2452265	127	0.125	CC/AT	1	0.00501	NA	NA	NA
rs2712643	128	0.129	CC/AA	1	0.00474	NA	NA	NA
rs1492250	128	0.129	CG/AA	1	0.00538	NA	NA	NA
rs73140985	128	0.266	CA/AG	1	0.0771	NA	NA	NA
rs11109773	129	0.263	CT/AC	1	0.0684	NA	NA	NA
rs923724	129	0.628	CG/AC	1	3.84e-06	0	1.35393023744483e-05	0.999951194823542
rs3751323	130	0.258	CT/AC	1	0.0498	NA	NA	NA
rs1552759	130	0.629	CT/AC	1	1.58e-06	0	3.1756174603585e-05	0.999732825155006
rs11109775	131	0.138	CA/AG	1	0.158	NA	NA	NA
rs2712642	132	0.353	CC/AT	1	0.000379	NA	NA	NA
rs10860409	133	0.319	CC/AT	1	4.99e-05	NA	NA	NA
rs923725	133	0.316	CT/AC	1	4.26e-05	NA	NA	NA
rs7967964	134	0.319	CA/AC	1	4.78e-05	NA	NA	NA
rs11109776	135	0.333	CG/AA	1	5.48e-05	NA	NA	NA
rs12306860	135	0.324	CT/AC	1	4e-05	NA	NA	NA
rs17029156	136	0.324	CG/AA	1	4.13e-05	NA	NA	NA
rs11109778	136	0.326	CC/AT	1	4.89e-05	NA	NA	NA
rs11109780	136	0.335	CT/AC	1	4.69e-05	NA	NA	NA
rs7961567	141	0.325	CA/AT	1	0.000132	NA	NA	NA
rs7955142	143	0.331	CA/AG	1	8.14e-05	NA	NA	NA
rs12319237	143	0.331	CC/AT	1	8.89e-05	NA	NA	NA
rs56002425	145	0.316	CT/AA	1	0.000601	NA	NA	NA
rs11109785	145	0.319	CT/AA	1	4.1e-05	NA	NA	NA
rs3851622	146	0.331	CC/AT	1	6.86e-05	NA	NA	NA
rs4115454	146	0.331	CA/AT	1	6.95e-05	NA	NA	NA
rs10860412	146	0.331	CC/AT	1	6.02e-05	NA	NA	NA
rs61940214	146	0.316	CT/AC	1	0.000913	NA	NA	NA
rs7305880	147	0.316	CA/AG	1	0.001	NA	NA	NA
rs6538907	147	0.331	CG/AA	1	0.000169	NA	NA	NA
rs11612454	148	0.317	CT/AG	1	8.04e-05	NA	NA	NA
rs11109786	149	0.319	CT/AC	1	9.7e-05	NA	NA	NA
rs7137220	149	0.317	CG/AC	1	0.000103	NA	NA	NA
rs10860413	149	0.319	CG/AA	1	0.000103	NA	NA	NA
rs7961884	150	0.319	CT/AC	1	8.49e-05	NA	NA	NA
rs7962002	150	0.319	CT/AC	1	9.23e-05	NA	NA	NA
rs7969319	152	0.317	CT/AA	1	6.76e-05	NA	NA	NA
rs2172282	152	0.317	CG/AA	1	9.86e-05	NA	NA	NA
rs2172281	152	0.317	CT/AC	1	7.91e-05	NA	NA	NA
rs2131163	152	0.102	CC/AT	1	0.00137	NA	NA	NA
rs7308600	153	0.317	CT/AA	1	8.06e-05	NA	NA	NA
rs7309131	153	0.317	CA/AG	1	7.63e-05	NA	NA	NA
rs73140999	154	0.313	CT/AG	1	0.000695	NA	NA	NA
rs7964688	154	0.331	CC/AT	1	6.14e-05	NA	NA	NA
rs7957699	156	0.319	CA/AG	1	9.75e-05	NA	NA	NA
rs7958099	156	0.319	CT/AG	1	6.18e-05	NA	NA	NA
rs1388744	159	0.322	CT/AC	1	8.27e-05	NA	NA	NA
rs11611415	162	0.326	CG/AT	1	0.000109	NA	NA	NA
rs61940239	163	0.329	CG/AA	1	6.18e-05	NA	NA	NA
rs61940240	164	0.316	CG/AC	1	0.000445	NA	NA	NA
rs12307325	166	0.322	CT/AG	1	0.000134	NA	NA	NA
rs11109795	167	0.307	CC/AG	1	0.000168	NA	NA	NA
rs12309017	167	0.331	CT/AG	1	0.000187	NA	NA	NA
rs61940242	171	0.322	CG/AT	1	0.000351	NA	NA	NA
rs12312038	173	0.322	CT/AC	1	3.41e-05	NA	NA	NA
rs73143005	176	0.322	CC/AA	1	0.000363	NA	NA	NA
rs12302594	176	0.324	CG/AA	1	4.4e-05	NA	NA	NA
rs55674207	177	0.322	CA/AG	1	9.17e-05	NA	NA	NA
rs56007218	177	0.333	CG/AA	1	0.000113	NA	NA	NA
rs61940246	180	0.336	CG/AT	1	0.00134	NA	NA	NA
rs7300118	181	0.319	CA/AG	1	0.000151	NA	NA	NA
