SNP	KB	R2	Alleles	F	P	inCredible	probNorm	cumSum
rs7646741	0	1	A	1	1.83e-10	1	0.134468572064181	0.134468572064181
rs353551	-568	0.378	AC/GT	1	9.83e-07	NA	NA	NA
rs352158	-568	0.381	AC/GT	1	1.04e-06	NA	NA	NA
rs614288	-565	0.39	AT/GC	1	9.84e-07	NA	NA	NA
rs352161	-563	0.374	AC/GA	1	7.76e-07	NA	NA	NA
rs411457	-557	0.384	AA/GT	1	6.44e-07	NA	NA	NA
rs524986	-557	0.393	AT/GC	1	5.06e-07	NA	NA	NA
rs104903	-555	0.418	AA/GT	1	4.91e-07	0	6.27023452413639e-05	0.998128212271887
rs181274	-551	0.415	AT/GA	1	5.65e-07	0	5.47641429088702e-05	0.998356064002676
rs352171	-551	0.409	AA/GG	1	5.16e-07	0	5.97701270529333e-05	0.99818798239894
rs352170	-549	0.409	AA/GG	1	2.74e-07	0	0.000110097965937379	0.997248261006564
rs352169	-548	0.409	AG/GA	1	2.39e-07	0	0.000125635227278782	0.99666105962933
rs352168	-547	0.406	AC/GT	1	1.82e-07	0	0.000163479568815991	0.992177474424084
rs352167	-547	0.415	AT/GC	1	1.53e-07	1	0.000193351650586918	0.989171426351448
rs352166	-547	0.415	AC/GT	1	1.09e-07	1	0.000268420955637429	0.97496409312158
rs6802320	-543	0.308	AT/GC	1	1.47e-05	NA	NA	NA
rs352165	-542	0.422	AA/GG	1	1.21e-07	1	0.000242618508718296	0.977000236403271
rs11712164	-541	0.342	AA/GT	1	1.93e-05	NA	NA	NA
rs352163	-538	0.424	AG/GA	1	2.29e-07	0	0.000130931958295527	0.996535424402051
rs164640	-538	0.418	AC/GT	1	2.86e-07	0	0.00010563341671965	0.997353894423284
rs352162	-532	0.431	AT/GC	1	3.02e-07	0	0.000100224211620001	0.997660545916375
rs352140	-529	0.498	AC/GT	1	1.76e-07	0	0.000168864376285449	0.991514660011386
rs352139	-527	0.509	AT/GC	1	1.29e-07	1	0.000228046412828826	0.980258501857327
rs187084	-524	0.489	AA/GG	1	6.1e-06	0	5.56920840654126e-06	0.999879137649768
rs2267847	-518	0.396	AC/GG	1	3.22e-05	NA	NA	NA
rs353547	-516	0.489	AC/GT	1	5.18e-06	0	6.51265493205898e-06	0.999832657121675
rs610060	-512	0.554	AA/GG	1	3.77e-08	1	0.000750789091598349	0.922648319302443
rs7618915	-506	0.428	AG/GA	1	1.67e-05	0	2.12846741177912e-06	0.999980549053126
rs34569561	-498	0.432	AT/GC	1	2.18e-05	0	1.6513137343588e-06	0.999989170344688
rs11717383	-498	0.558	AG/GT	1	4.37e-08	1	0.000650614951010447	0.923298934253453
rs1060330	-496	0.558	AT/GC	1	3.76e-08	1	0.00075272547447548	0.921897530210845
rs11542804	-496	0.184	AG/GC	1	0.64	NA	NA	NA
rs57823393	-494	0.122	AA/GG	1	2.83e-05	NA	NA	NA
rs7614727	-489	0.558	AC/GT	1	4.57e-08	1	0.000622991821166264	0.925859654803507
rs7629072	-480	0.558	AC/GT	1	5.52e-08	1	0.000518776138953972	0.929195329442492
rs59565798	-478	0.432	AG/GA	1	2.12e-05	0	1.69577272996581e-06	0.999987519030954
rs6445358	-476	0.558	AC/GG	1	4.47e-08	1	0.000636498826866928	0.925236662982341
rs699465	-475	0.127	AA/GG	1	0.294	NA	NA	NA
rs34135146	-472	0.154	AG/GC	1	5.83e-05	NA	NA	NA
rs57615517	-463	0.432	AG/GA	1	1.51e-05	0	2.34294166573439e-06	0.999962674260716
rs34228726	-462	0.432	AA/GG	1	2.19e-05	0	1.64413566604806e-06	0.999990814480354
rs2276834	-459	0.561	AA/GG	1	4.37e-08	1	0.000650614951010447	0.923949549204464
rs7622851	-452	0.565	AC/GG	1	5.57e-08	1	0.000514262588013819	0.929709592030505
rs9311474	-446	0.561	AT/GC	1	3.22e-08	1	0.000874870954801666	0.920272561400117
rs3844291	-444	0.437	AA/GC	1	1.54e-05	0	2.2994062852096e-06	0.999969586805663
rs699469	-443	0.124	AG/GT	1	0.268	NA	NA	NA
rs730050	-437	0.389	AA/GC	1	9.48e-06	NA	NA	NA
rs3852063	-436	0.439	AA/GG	1	1.38e-05	0	2.5529768155753e-06	0.999960331319051
rs3852064	-436	0.439	AG/GT	1	2.1e-05	0	1.71114452405949e-06	0.999985823258224
rs4687612	-417	0.121	AG/GA	1	0.44	NA	NA	NA
rs62257591	-398	0.147	AT/GC	1	0.39	NA	NA	NA
rs2306864	-392	0.101	AG/GC	1	0.000947	NA	NA	NA
rs1546737	-378	0.424	AC/GT	1	1.65e-05	0	2.15304895817868e-06	0.999978420585714
rs34365302	-378	0.106	AA/GG	1	0.0146	NA	NA	NA
rs12163565	-355	0.108	AA/GG	1	4.07e-05	NA	NA	NA
rs13094687	-335	0.448	AA/GG	1	2.61e-05	0	1.39136172713043e-06	0.999996969232319
rs2272088	-328	0.448	AA/GG	1	2.94e-05	0	1.24244786989762e-06	0.999998211680188
rs62257614	-320	0.206	AT/GC	1	0.65	NA	NA	NA
rs648514	-318	0.559	AA/GG	1	1.68e-07	0	0.000176632769280667	0.990653070282203
rs13091025	-318	0.152	AA/GC	1	0.00021	NA	NA	NA
rs3821839	-297	0.139	AG/GC	1	3.15e-05	NA	NA	NA
rs2267921	-294	0.141	AC/GT	1	3.73e-05	NA	NA	NA
rs12629472	-293	0.139	AA/GG	1	3.34e-05	NA	NA	NA
rs6772177	-287	0.149	AT/GC	1	0.172	NA	NA	NA
rs34736619	-253	0.361	AG/GC	1	0.000444	NA	NA	NA
rs731831	-249	0.498	AG/GA	1	1.56e-05	0	2.27129359059015e-06	0.999971858099254
rs7613444	-247	0.251	AC/GG	1	7.3e-05	NA	NA	NA
rs1010552	-245	0.491	AG/GT	1	1.2e-05	0	2.91715486752901e-06	0.999944627524384
rs1010553	-244	0.692	AC/GT	1	5.68e-08	1	0.000504608496171736	0.930214200526677
rs11130306	-244	0.703	AG/GA	1	2.01e-08	1	0.0013821669750515	0.912359630328578
rs1010554	-242	0.743	AC/GT	1	2.88e-08	1	0.000974903092921077	0.919397690445316
rs2015971	-238	0.523	AC/GT	1	6.13e-07	0	5.06244129004961e-05	0.998461173677266
rs740903	-236	0.105	AT/GC	1	0.108	NA	NA	NA
rs66824127	-234	0.786	AT/GC	1	8.35e-09	1	0.00324507400098888	0.908117874389196
rs67409736	-234	0.82	AG/GT	1	2.04e-08	1	0.00136242911746603	0.913722059446044
rs13081028	-230	0.811	AG/GA	1	2.1e-08	1	0.00132462254475554	0.9150466819908
rs9853056	-229	0.808	AT/GC	1	4.81e-09	1	0.00554902872592671	0.891188376029564
rs4434138	-228	0.497	AA/GG	1	2.08e-06	0	1.56241670692171e-05	0.999395604914592
rs4234633	-228	0.53	AC/GT	1	3.47e-06	0	9.56066471182622e-06	0.999665775144747
rs13303	-227	0.804	AT/GC	1	9.51e-09	1	0.00285958896433045	0.910977463353526
rs13621	-227	0.541	AT/GC	1	6.8e-07	0	4.58083896132014e-05	0.998506982066879
rs34005367	-226	0.533	AA/GT	1	3.97e-06	0	8.40317871900074e-06	0.999736491773423
rs11709284	-226	0.811	AG/GA	1	2.25e-08	1	0.00123881283395826	0.916285494824758
rs4475032	-225	0.536	AC/GT	1	3.8e-06	0	8.76318513002903e-06	0.999711138757557
rs11711421	-223	0.548	AC/GT	1	5.64e-07	0	5.48577515903788e-05	0.998301299859767
rs4687624	-222	0.539	AC/GT	1	1.53e-06	0	2.09874944094475e-05	0.999048492970549
rs4687625	-222	0.533	AC/GT	1	1.85e-06	0	1.74858548417838e-05	0.999296585925282
rs6778735	-220	0.798	AT/GC	1	8.15e-09	1	0.00332247350292857	0.904872800388207
rs4282054	-219	0.819	AT/GC	1	3.52e-09	1	0.00751961800283532	0.885639347303638
rs7636227	-219	0.803	AG/GA	1	5.03e-09	1	0.00531273261054446	0.896501108640109
rs12489732	-218	0.513	AC/GA	1	2.67e-06	0	1.22934787364277e-05	0.99950224222895
rs7614981	-218	0.766	AC/GA	1	2.3e-09	1	0.0113806003399967	0.878119729300802
rs12489828	-218	0.766	AG/GT	1	1.69e-09	1	0.01536604518752	0.853761834763337
rs28661185	-218	0.536	AG/GT	1	1.21e-06	0	2.63006905638952e-05	0.998792252348431
rs66782572	-218	0.778	AA/GG	1	9.27e-10	1	0.0275935311818001	0.838395789575817
rs7639267	-216	0.821	AG/GT	1	2.01e-09	1	0.0129772941974686	0.866739128960806
rs4687626	-216	0.532	AG/GA	1	8.23e-07	0	3.81145879439977e-05	0.998630925235688
rs7638808	-213	0.571	AA/GG	1	1.28e-06	0	2.49155807945887e-05	0.998867574045936
rs6445528	-213	0.571	AA/GG	1	1.28e-06	0	2.49155807945887e-05	0.998842658465141
rs13076398	-212	0.536	AG/GA	1	8.96e-07	0	3.51195332750931e-05	0.998703805906967
rs62256903	-211	0.539	AG/GA	1	7.12e-07	0	4.38229821175028e-05	0.998550805048997
rs1133415	-209	0.572	AG/GA	1	1.43e-06	0	2.23967866514402e-05	0.99898401491993
rs6802671	-206	0.123	AA/GT	1	0.00882	NA	NA	NA
rs3199918	-204	0.246	AT/GC	1	0.289	NA	NA	NA
rs2878628	-201	0.689	AA/GG	1	2.11e-07	0	0.000141709974781307	0.995850779445651
rs2251219	-200	0.665	AT/GC	1	9.54e-08	1	0.00030537769216676	0.969267265418772
rs1961959	-199	0.657	AG/GC	1	1.08e-07	1	0.000270825915173881	0.974424846250768
rs1961958	-199	0.657	AA/GG	1	1.08e-07	1	0.000270825915173881	0.974154020335595
rs1570	-199	0.692	AT/GA	1	1.9e-07	0	0.000156820959080864	0.99344913913651
rs3774367	-198	0.123	AC/GA	1	0.00705	NA	NA	NA
rs2336142	-197	0.142	AA/GG	1	0.00777	NA	NA	NA
rs17052256	-192	0.689	AA/GG	1	2.11e-07	0	0.000141709974781307	0.995992489420432
rs17052259	-192	0.689	AA/GG	1	2.05e-07	0	0.000145716348878012	0.995421700026812
rs3796353	-192	0.689	AC/GT	1	2e-07	0	0.000149235672332361	0.99498107271551
rs6778844	-189	0.657	AT/GC	1	1.04e-07	1	0.000280901088910998	0.973048212029793
rs33964154	-188	0.665	AA/GG	1	7.79e-08	1	0.000371580881522748	0.954817579958334
rs2289249	-188	0.657	AG/GA	1	9.28e-08	1	0.000313656691226662	0.964942977875387
rs13059862	-187	0.692	AG/GA	1	1.49e-07	1	0.00019836936019289	0.988391805033212
rs13060048	-187	0.689	AG/GA	1	1.97e-07	0	0.000151431652469305	0.994681144662337
rs6786919	-185	0.689	AA/GG	1	2.03e-07	0	0.000147103599044485	0.995275983677934
rs6798246	-185	0.657	AG/GA	1	9.47e-08	1	0.000307562598344951	0.967430957097609
rs1821879	-184	0.692	AT/GC	1	1.55e-07	1	0.000190938445890097	0.989553303243228
rs13063160	-183	0.692	AT/GC	1	1.44e-07	1	0.000205027301343778	0.986593467229664
rs10433550	-182	0.689	AA/GG	1	1.89e-07	0	0.000157622932844482	0.993134695244584
rs9758945	-181	0.689	AA/GG	1	1.95e-07	0	0.000152932584624357	0.994377534660495
rs6786043	-180	0.692	AA/GG	1	1.47e-07	1	0.000200979017482291	0.987196404282111
rs6788887	-180	0.689	AT/GC	1	1.89e-07	0	0.000157622932844482	0.993292318177429
rs6788993	-180	0.692	AT/GC	1	1.8e-07	0	0.000165235233798303	0.99184875962147
rs4687546	-179	0.689	AT/GA	1	1.87e-07	0	0.000159252208127556	0.992817820103612
rs7623199	-179	0.657	AC/GT	1	9.07e-08	1	0.000320684785274949	0.963999048601335
rs11714565	-179	0.689	AC/GT	1	1.87e-07	0	0.000159252208127556	0.992658567895485
rs7625743	-179	0.692	AC/GG	1	1.42e-07	1	0.000207819708360127	0.985975612146982
rs35240333	-178	0.146	AC/GT	1	2.98e-05	NA	NA	NA
rs11130307	-178	0.652	AG/GA	1	1e-07	1	0.00029176969752813	0.971335792952215
rs12632381	-178	0.652	AG/GA	1	1e-07	1	0.00029176969752813	0.971627562649744
rs4687547	-176	0.665	AC/GT	1	8.2e-08	1	0.000353574610031913	0.956630723252988
rs6762457	-176	0.665	AG/GA	1	7.34e-08	1	0.000393623252732985	0.94989270625719
rs6805156	-176	0.692	AT/GC	1	1.84e-07	0	0.000161761484052485	0.992339235908137
rs7652191	-175	0.692	AT/GC	1	2.02e-07	0	0.000147807363379657	0.995128880078889
rs17264436	-175	0.657	AT/GA	1	1.38e-07	1	0.000213643538016499	0.985129835621208
rs11718420	-174	0.689	AT/GC	1	2.64e-07	0	0.000114123332468321	0.997138163040627
rs34954168	-173	0.665	AC/GT	1	9.45e-08	1	0.000308192713374571	0.967123394499264
rs34115864	-173	0.657	AA/GG	1	1.27e-07	1	0.00023151991193829	0.978651809918137
rs35107891	-172	0.657	AG/GC	1	1.43e-07	1	0.000206413890668881	0.98638843992832
rs11718509	-171	0.665	AG/GA	1	8.89e-08	1	0.000326969117387604	0.962058651411399
rs4687629	-170	0.692	AG/GC	1	2.08e-07	0	0.000143684722029005	0.995565384748841
rs4687630	-170	0.665	AG/GA	1	1.06e-07	1	0.000275769882816139	0.973883194420421
rs13078422	-168	0.657	AT/GC	1	1.2e-07	1	0.000244574505733706	0.976757617894553
rs6799490	-168	0.12	AC/GT	1	0.00911	NA	NA	NA
rs11720159	-167	0.692	AT/GG	1	1.96e-07	0	0.000152178349372552	0.994529713009867
rs11720243	-167	0.692	AT/GC	1	1.92e-07	0	0.000155241686283386	0.993761201781874
rs12487445	-167	0.657	AA/GC	1	1.34e-07	1	0.000219809593313762	0.983176436742896
rs7614498	-166	0.692	AA/GT	1	2.14e-07	0	0.00013978973870536	0.996132279159138
rs12629699	-165	0.692	AT/GC	1	2.21e-07	0	0.000135508827934474	0.996404492443756
rs12629701	-165	0.689	AT/GC	1	2.57e-07	0	0.00011712442685005	0.997024039708158
rs3733046	-164	0.695	AC/GT	1	1.94e-07	0	0.00015369447361302	0.994224602075871
rs3852066	-163	0.695	AC/GT	1	1.93e-07	0	0.000154464134100405	0.994070907602258
rs2590838	-163	0.996	AG/GA	1	6.93e-10	1	0.0366474168188828	0.810802258394017
rs4336110	-161	0.659	AC/GT	1	1.26e-07	1	0.000233297377401904	0.978186992628797
rs73078824	-161	0.393	AT/GG	1	0.00113	NA	NA	NA
rs11708075	-161	0.659	AC/GT	1	1.26e-07	1	0.000233297377401904	0.978420290006199
rs68021750	-160	0.667	AG/GA	1	8.89e-08	1	0.000326969117387604	0.961731682294012
rs62253700	-160	0.667	AT/GA	1	9.29e-08	1	0.000313329828268269	0.965256307703656
rs2336147	-159	1	AT/GC	1	6.24e-10	1	0.0405958179483832	0.774154841575134
rs2336146	-159	0.695	AA/GG	1	1.86e-07	0	0.000160079779220332	0.992499315687357
rs13085331	-158	0.667	AG/GC	1	8.6e-08	1	0.000337638731106173	0.959403946799323
rs12498066	-158	0.667	AG/GA	1	8.91e-08	1	0.000326258507125183	0.962384909918524
rs2577831	-157	0.965	AC/GA	1	3.32e-10	1	0.0751553643152227	0.531987296479648
rs7628578	-157	0.673	AA/GT	1	8.52e-08	1	0.00034070796093416	0.959066308068217
rs11714419	-156	0.659	AA/GG	1	1.21e-07	1	0.000242618508718296	0.97724285491199
rs34754793	-156	0.695	AA/GT	1	1.9e-07	0	0.000156820959080864	0.99360596009559
rs2118540	-156	0.659	AT/GC	1	1.05e-07	1	0.000278311418900531	0.973607424537605
rs2164884	-156	0.667	AC/GT	1	8.71e-08	1	0.000333509246627331	0.960743208756988
rs2336145	-155	0.659	AA/GC	1	1.11e-07	1	0.000263739104428569	0.975227832226008
rs4687633	-155	0.667	AG/GA	1	9.24e-08	1	0.00031497111207276	0.964629321184161
rs79888178	-155	0.184	AT/GA	1	0.13	NA	NA	NA
rs62253703	-153	0.667	AT/GC	1	9.02e-08	1	0.000322405647853262	0.96367836381606
rs6790330	-152	0.662	AG/GA	1	1.55e-07	1	0.000190938445890097	0.989362364797338
rs4687636	-151	0.659	AG/GA	1	1.13e-07	1	0.000259220526649735	0.975487052752658
rs4687637	-151	0.692	AC/GT	1	2.41e-07	0	0.000124627812479459	0.99678568744181
rs34173654	-151	0.655	AT/GC	1	1.13e-07	1	0.000259220526649735	0.975746273279308
rs9917834	-151	0.691	AA/GC	1	1.8e-07	0	0.000165235233798303	0.992013994855268
rs2276824	-148	0.811	AC/GG	1	1.34e-07	1	0.000219809593313762	0.983396246336209
rs10433615	-147	0.667	AC/GT	1	8.23e-08	1	0.000352326494074454	0.956983049747062
rs11130308	-146	0.695	AG/GC	1	1.71e-07	0	0.000173635765204815	0.991003338816689
rs3774366	-144	0.695	AT/GC	1	1.72e-07	0	0.000172659640480773	0.99117599845717
rs3774365	-143	0.667	AT/GC	1	7.54e-08	1	0.000383506622224072	0.95105482640145
rs12487591	-142	0.667	AA/GT	1	6.88e-08	1	0.00041908906288767	0.94424543896802
rs3733045	-142	0.695	AA/GG	1	1.33e-07	1	0.000221408161644406	0.982735218987937
rs3755806	-142	0.67	AT/GC	1	7.22e-08	1	0.000399958219146895	0.94791833187746
rs13065851	-140	0.659	AT/GA	1	1.01e-07	1	0.000288973056658221	0.971916535706402
rs11709448	-138	0.659	AT/GC	1	9.8e-08	1	0.000297531592965722	0.969863212928103
rs9879090	-137	0.792	AT/GC	1	1.04e-07	1	0.000280901088910998	0.972767310940882
rs13083798	-135	0.973	AA/GG	1	3.28e-10	1	0.076050127346852	0.456831932164425
rs10510760	-135	0.515	AG/GA	1	1.37e-06	0	2.33392754866214e-05	0.998915102253547
rs4687638	-133	0.659	AA/GC	1	1.08e-07	1	0.000270825915173881	0.974695672165942
rs62253733	-132	0.659	AA/GG	1	1.04e-07	1	0.000280901088910998	0.973329113118704
rs34341238	-130	0.695	AA/GG	1	1.55e-07	1	0.000190938445890097	0.989744241689118
rs11717043	-129	0.667	AA/GT	1	7.63e-08	1	0.000379124659328968	0.951433951060779
rs4687639	-129	0.667	AA/GC	1	7.74e-08	1	0.00037390530212948	0.954072093774682
rs13064064	-128	0.667	AT/GC	1	7.74e-08	1	0.00037390530212948	0.954445999076812
rs34537256	-128	0.659	AA/GG	1	9.87e-08	1	0.00029548876637756	0.970455354281162
rs34215106	-126	0.667	AT/GC	1	7.82e-08	1	0.000370200286840969	0.955187780245175
rs1561337	-125	0.667	AG/GA	1	7.69e-08	1	0.00037625949989275	0.952946142722069
rs35249778	-124	0.667	AG/GC	1	7.82e-08	1	0.000370200286840969	0.955557980532016
rs6445529	-123	0.695	AT/GA	1	1.56e-07	1	0.000189754693546286	0.989933996382664
rs7622694	-121	0.695	AG/GA	1	1.53e-07	1	0.000193351650586918	0.988978074700861
rs4687548	-119	0.667	AA/GT	1	6.3e-08	1	0.000456414611595397	0.936833378549634
rs13069481	-118	0.667	AC/GT	1	6.3e-08	1	0.000456414611595397	0.937289793161229
rs2083180	-117	0.676	AG/GT	1	9.77e-08	1	0.000298415916365156	0.969565681335138
rs6796726	-116	0.695	AG/GC	1	1.35e-07	1	0.000218234348933432	0.98405252462739
rs13098776	-115	0.695	AC/GT	1	1.32e-07	1	0.000223030578729477	0.982513810826293
rs13068293	-113	0.667	AC/GA	1	6.92e-08	1	0.000416742252659946	0.945080681063954
rs11719514	-113	0.659	AT/GC	1	8.23e-08	1	0.000352326494074454	0.957335376241137
rs11720432	-112	0.659	AT/GC	1	9.34e-08	1	0.000311705856148215	0.966506376324699
rs13060675	-111	0.667	AT/GG	1	7.64e-08	1	0.000378644053798933	0.952191239168377
rs13081031	-111	0.667	AC/GT	1	7.31e-08	1	0.000395187781749232	0.948708707440959
rs11130310	-111	0.695	AC/GT	1	1.48e-07	1	0.000199665507679012	0.987995066312827
rs11130311	-110	0.667	AT/GC	1	7.34e-08	1	0.000393623252732985	0.950286329509923
rs11130312	-110	0.667	AA/GC	1	7.64e-08	1	0.000378644053798933	0.951812595114578
rs13086898	-110	0.667	AG/GA	1	7.31e-08	1	0.000395187781749232	0.948313519659209
rs11130313	-109	0.667	AA/GC	1	7.18e-08	1	0.000402116232177257	0.947518373658313
rs7642198	-107	0.667	AT/GC	1	7.31e-08	1	0.000395187781749232	0.949499083004457
rs13085895	-107	0.667	AG/GC	1	7.31e-08	1	0.000395187781749232	0.949103895222708
rs13085775	-107	0.695	AC/GT	1	1.49e-07	1	0.00019836936019289	0.988193435673019
rs13086297	-107	0.667	AG/GA	1	6.24e-08	1	0.000460665906768548	0.935002071739961
rs2028216	-104	0.659	AC/GT	1	8.79e-08	1	0.00033056994644331	0.961404713176624
rs34757451	-103	0.667	AG/GA	1	6.51e-08	1	0.000442143408094972	0.939078541672526
rs2289250	-102	0.667	AC/GA	1	6.51e-08	1	0.000442143408094972	0.939520685080621
rs33967311	-101	0.667	AC/GA	1	6.51e-08	1	0.000442143408094972	0.939962828488716
rs62253740	-101	0.695	AA/GT	1	1.32e-07	1	0.000223030578729477	0.982290780247564
rs62253741	-101	0.131	AC/GT	1	0.114	NA	NA	NA
rs13065019	-100	0.667	AT/GC	1	6.89e-08	1	0.000418499843274072	0.944663938811294
rs35211965	-99.9	0.659	AC/GG	1	9.29e-08	1	0.000313329828268269	0.965569637531924
rs6770463	-98.4	0.667	AG/GA	1	6.87e-08	1	0.000419679972635465	0.943826349905132
rs4435633	-97.7	0.695	AT/GG	1	1.43e-07	1	0.000206413890668881	0.986182026037651
rs7612511	-97.7	0.996	AC/GT	1	3.41e-10	1	0.0732180527454932	0.68014034395383
rs35409678	-97.6	0.659	AG/GA	1	9.23e-08	1	0.000315301470753265	0.964314350072088
rs2336148	-94.6	0.659	AG/GA	1	8.49e-08	1	0.000341873611723416	0.958725600107283
rs12486847	-94.1	0.659	AT/GC	1	7.64e-08	1	0.000378644053798933	0.952569883222176
rs2336149	-93.1	0.695	AG/GA	1	1.28e-07	1	0.000229769800398516	0.979572639231271
rs2590846	-92.9	0.667	AC/GG	1	6.28e-08	1	0.000457822815499051	0.935919846327547
rs7611731	-92.5	0.695	AT/GC	1	1.28e-07	1	0.000229769800398516	0.979802409031669
rs6804145	-91	0.695	AC/GT	1	1.3e-07	1	0.000226349138520552	0.981395339372855
rs34168767	-88.4	0.667	AC/GA	1	6.22e-08	1	0.000462100964100128	0.934541405833192
rs11130314	-88.2	0.667	AT/GC	1	6.59e-08	1	0.000436942571841253	0.940841257486901
rs11130315	-88.1	0.667	AA/GG	1	6.69e-08	1	0.000430613917417531	0.942137487127588
rs12488461	-86.8	0.659	AT/GC	1	8.98e-08	1	0.000323795928870894	0.963033552520353
rs12488527	-86.7	0.667	AT/GC	1	7.08e-08	1	0.000407616359820317	0.945904457144987
rs62255362	-85.5	0.667	AC/GG	1	6.65e-08	1	0.000433122873079393	0.941274380359981
rs35976524	-84.8	0.515	AG/GA	1	1.56e-06	0	2.05993342710516e-05	0.99906909230482
rs77146033	-83.7	0.663	AG/GT	1	7.16e-08	1	0.000403204147149633	0.947116257426136
rs62255364	-83.7	0.663	AC/GT	1	6.25e-08	1	0.00045995177208784	0.935462023512048
rs6768697	-81.6	0.659	AC/GT	1	8.95e-08	1	0.000324846672957847	0.962709756591482
rs73078833	-81.5	0.138	AT/GC	1	0.00415	NA	NA	NA
rs12493107	-78.5	0.659	AG/GT	1	8.68e-08	1	0.00033462524377077	0.96007507426659
rs6803012	-78.2	0.659	AG/GA	1	8.68e-08	1	0.00033462524377077	0.960409699510361
rs12637632	-77.2	0.667	AA/GT	1	4.91e-08	1	0.000581127456757233	0.927061142302957
rs6414569	-77.2	0.667	AA/GT	1	2.62e-08	1	0.00106864626381832	0.917354141088576
rs12632265	-77	0.662	AG/GA	1	9.49e-08	1	0.000306935099616396	0.967737892197225
rs34610142	-76.8	0.659	AG/GA	1	9.51e-08	1	0.00030631020084142	0.968044202398066
rs12496476	-76.5	0.659	AA/GG	1	9.53e-08	1	0.000305687885808796	0.968961887726606
rs12496634	-76	0.667	AA/GC	1	6.52e-08	1	0.000441486426343926	0.94040431491506
rs2336542	-74.6	0.667	AA/GG	1	6.66e-08	1	0.000432492850189452	0.94170687321017
rs9714129	-73.7	0.667	AT/GC	1	6.81e-08	1	0.000423261336899028	0.942560748464487
rs67539070	-73.3	0.667	AT/GC	1	6.81e-08	1	0.000423261336899028	0.942984009801386
rs34157897	-68.3	0.695	AT/GC	1	1.33e-07	1	0.000221408161644406	0.982956627149582
rs6445531	-68	0.695	AT/GC	1	1.28e-07	1	0.000229769800398516	0.979342869430872
rs10865973	-67.1	0.659	AA/GT	1	9.33e-08	1	0.000312029278868316	0.96619467046855
rs10865974	-67	0.695	AG/GT	1	1.47e-07	1	0.000200979017482291	0.986794446247146
rs3733039	-66.2	0.691	AC/GT	1	1.32e-07	1	0.000223030578729477	0.982067749668834
rs1866268	-65.8	0.695	AC/GA	1	1.14e-07	1	0.000257019805573578	0.976003293084881
rs10933	-65.4	0.815	AT/GC	1	9.92e-08	1	0.000294046992751434	0.971044023254687
rs1108842	-65.2	1	AA/GC	1	2.98e-10	1	0.0835173137335126	0.217985885797694
rs11177	-63.9	0.659	AG/GA	1	1.04e-07	1	0.000280901088910998	0.972486409851971
rs3774349	-62.9	1	AA/GC	1	3.1e-10	1	0.0803589633130117	0.380781804817573
rs35911561	-62.7	0.103	AT/GC	1	0.305	NA	NA	NA
rs35315313	-59.5	0.695	AG/GT	1	1.35e-07	1	0.000218234348933432	0.983834290278456
rs13076193	-59.3	0.659	AC/GA	1	9.3e-08	1	0.000313003657758317	0.965882641189682
rs6762813	-58.5	0.659	AC/GT	1	9.43e-08	1	0.000308825461190439	0.966815201785889
rs2289247	-58	0.692	AG/GA	1	1.36e-07	1	0.000216681919024388	0.984485888465439
rs6976	-56.4	0.657	AC/GT	1	8.32e-08	1	0.000348635357155692	0.95838372649556
rs2164885	-54	0.695	AT/GC	1	1.76e-07	0	0.000168864376285449	0.991683524387672
rs11130317	-53.8	0.667	AC/GT	1	9.02e-08	1	0.000322405647853262	0.963355958168206
rs3733041	-53.6	0.695	AT/GC	1	1.87e-07	0	0.000159252208127556	0.99297707231174
rs13081155	-52.8	1	AA/GG	1	4.71e-10	1	0.0534186796729207	0.733559023626751
rs6765687	-52.1	0.395	AT/GC	1	0.000863	NA	NA	NA
rs11130318	-50.3	0.659	AG/GC	1	1.23e-07	1	0.000238800501881564	0.977481655413871
rs12635140	-47.1	0.691	AT/GC	1	1.92e-07	0	0.000155241686283386	0.993916443468157
rs8906	-45.7	0.659	AT/GC	1	1.14e-07	1	0.000257019805573578	0.976260312890455
rs6617	-45.1	0.695	AC/GG	1	2.19e-07	0	0.000136704456683602	0.996268983615821
rs3755798	-44.1	0.692	AG/GA	1	1.38e-07	1	0.000213643538016499	0.985343479159225
rs34017441	-42.8	0.667	AT/GC	1	7.51e-08	1	0.000384990269303098	0.950671319779226
rs12486554	-42.7	0.684	AA/GT	1	2.08e-07	0	0.000143684722029005	0.99570906947087
rs6445534	-41.9	0.695	AG/GA	1	1.39e-07	1	0.000212156639698629	0.985767792438622
rs13079063	-40.8	0.695	AA/GG	1	1.3e-07	1	0.000226349138520552	0.981621688511375
rs11235	-40.2	0.81	AC/GT	1	1.29e-07	1	0.000228046412828826	0.980486548270156
rs4687644	-38.7	0.695	AT/GG	1	1.34e-07	1	0.000219809593313762	0.983616055929523
rs62255371	-37.9	0.667	AA/GG	1	6.05e-08	1	0.000474676333750681	0.932682046138997
rs2336543	-37.6	0.123	AA/GG	1	0.00757	NA	NA	NA
rs7620039	-37.5	0.651	AG/GA	1	1.37e-07	1	0.000215151808876511	0.984701040274315
rs1468638	-37.2	0.695	AT/GC	1	1.16e-07	1	0.000252730498364584	0.97651304338882
rs2878726	-37	0.659	AC/GG	1	8.3e-08	1	0.000349448794399113	0.958035091138404
rs11716747	-36.4	0.695	AC/GT	1	1.28e-07	1	0.000229769800398516	0.979113099630474
rs35526119	-35.9	0.695	AC/GT	1	1.25e-07	1	0.000235102846753528	0.977953695251395
rs7624716	-33.7	0.695	AT/GC	1	1.5e-07	1	0.000197090231188453	0.988588895264401
rs2109634	-33.2	0.695	AT/GG	1	1.68e-07	0	0.000176632769280667	0.990829703051484
rs35212380	-32.3	0.988	AC/GG	1	3.33e-10	1	0.0749349947286889	0.606922291208337
rs34918356	-31.7	0.698	AT/GG	1	1.47e-07	1	0.000200979017482291	0.986995425264628
rs11130319	-29.6	0.673	AA/GT	1	5.85e-08	1	0.000490392551069234	0.932207369805246
rs11714088	-26.3	0.667	AA/GC	1	7.7e-08	1	0.000375786250591258	0.953698188472553
rs34610878	-26.1	0.667	AG/GC	1	7.14e-08	1	0.000404298066999842	0.946308755211987
rs11130321	-22.5	0.687	AC/GT	1	1.66e-07	0	0.000178690009688621	0.990476437512923
rs7653028	-22.2	0.695	AA/GT	1	1.3e-07	1	0.000226349138520552	0.981168990234334
rs34291015	-22.1	0.667	AC/GT	1	8.17e-08	1	0.000354831755732207	0.956277148642956
rs4687549	-21.3	0.659	AT/GC	1	9.52e-08	1	0.000305998721365232	0.968350201119432
rs10780035	-20.6	0.659	AC/GT	1	9.52e-08	1	0.000305998721365232	0.968656199840797
rs2079929	-19.6	0.695	AC/GT	1	1.48e-07	1	0.000199665507679012	0.987595735297469
rs11714030	-19.4	0.695	AC/GT	1	1.24e-07	1	0.000236936990769924	0.977718592404641
rs34739010	-19.1	0.695	AA/GG	1	1.32e-07	1	0.000223030578729477	0.981844719090105
rs2268027	-18.6	0.659	AG/GA	1	8.63e-08	1	0.000336502223495738	0.959740449022819
rs767418	-17.8	0.695	AC/GT	1	1.51e-07	1	0.000195827785872862	0.988784723050274
rs11130323	-15	0.667	AT/GC	1	6.93e-08	1	0.000416159721212615	0.945496840785166
rs11130324	-14.9	0.984	AT/GG	1	3.02e-10	1	0.0824369557068678	0.300422841504562
rs11130325	-14.3	0.667	AG/GC	1	6.82e-08	1	0.000422660131110776	0.943406669932497
rs6445535	-13.8	0.695	AT/GC	1	1.64e-07	0	0.000180796642400677	0.990297747503234
rs2159644	-10.7	0.695	AC/GT	1	1.36e-07	1	0.000216681919024388	0.984269206546414
rs7638162	-8.33	0.695	AT/GC	1	1.29e-07	1	0.000228046412828826	0.980030455444498
rs2286800	-7.19	0.659	AC/GT	1	8.28e-08	1	0.000350266102867973	0.957685642344005
rs2268026	-6.89	0.667	AT/GC	1	6.47e-08	1	0.000444791345253932	0.938636398264431
rs13074853	-5.44	0.695	AT/GC	1	1.29e-07	1	0.000228046412828826	0.980714594682985
rs2072390	-4.73	0.695	AA/GT	1	1.27e-07	1	0.00023151991193829	0.978883329830075
rs13082208	-3.7	0.659	AT/GG	1	1.01e-07	1	0.000288973056658221	0.97220550876306
rs13087772	-2.96	0.659	AT/GG	1	7.69e-08	1	0.00037625949989275	0.953322402221962
rs62255396	-2.4	0.667	AC/GT	1	5.43e-08	1	0.000527106922052177	0.928149446381485
rs6787154	-0.822	0.695	AC/GT	1	9.83e-08	1	0.000296652586681299	0.970159865514785
rs13082960	-0.07	0.667	AA/GC	1	5.43e-08	1	0.000527106922052177	0.928676553303537
rs13095332	2	0.659	AC/GT	1	6.32e-08	1	0.000455015190649165	0.937744808351878
rs2336545	2.36	0.667	AT/GC	1	5.68e-08	1	0.000504608496171736	0.930718809022849
rs6414570	3.72	0.695	AA/GG	1	1.29e-07	1	0.000228046412828826	0.980942641095813
rs13061423	4.98	0.667	AT/GC	1	6.44e-08	1	0.000446798567299067	0.938191606919177
rs55807227	7.3	0.397	AC/GT	1	0.000361	NA	NA	NA
rs11130327	8	0.659	AA/GG	1	7.95e-08	1	0.000364336355207437	0.955922316887224
rs12497998	8.36	0.695	AC/GT	1	8.78e-08	1	0.00033093447319268	0.961074143230181
rs4687648	9.13	0.695	AT/GG	1	9.9e-08	1	0.000294621980773703	0.970749976261936
rs2268025	9.99	0.657	AA/GT	1	5.77e-08	1	0.000496979574680726	0.931716977254177
rs1029871	12.4	0.659	AG/GC	1	6.11e-08	1	0.000470159230730598	0.933152205369728
rs113474502	13.9	0.142	AA/GG	1	0.00375	NA	NA	NA
rs2230535	15	0.665	AT/GC	1	4.59e-08	1	0.000620360042692748	0.9264800148462
rs4687650	15.5	0.655	AA/GG	1	1.48e-07	1	0.000199665507679012	0.987795400805148
rs2230534	17.2	0.665	AA/GC	1	4.37e-08	1	0.000650614951010447	0.924600164155474
rs2268024	18	0.657	AT/GC	1	5.72e-08	1	0.000501188656647692	0.931219997679496
rs13071584	19.2	0.692	AT/GC	1	6.22e-08	1	0.000462100964100128	0.934079304869092
rs998909	19.9	0.692	AA/GG	1	7.14e-08	1	0.000404298066999842	0.946713053278986
rs11717836	22.5	0.649	AA/GG	1	6.29e-08	1	0.000457117610490848	0.936376963938038
rs1014969	23.1	0.654	AG/GA	1	5.09e-08	1	0.000561197156475812	0.927622339459433
rs2019065	24.3	0.624	AT/GC	1	2.89e-07	0	0.000104574305432156	0.997458468728716
rs6792369	25.9	0.615	AC/GG	1	5.68e-07	0	5.44852616897737e-05	0.998410549264366
rs2302417	29	0.906	AT/GA	1	5.3e-09	1	0.00504921824516981	0.901550326885279
rs2710322	32.4	0.121	AT/GC	1	0.0104	NA	NA	NA
rs3774354	32.4	0.605	AG/GA	1	8.31e-07	0	3.77611380038728e-05	0.998668686373691
rs3774355	32.5	0.605	AG/GA	1	7.44e-07	0	4.2005598746508e-05	0.998592810647744
rs2239551	33.3	0.638	AG/GA	1	1.62e-07	1	0.000182954478169335	0.990116950860833
rs2268023	34.1	0.569	AT/GA	1	9.12e-07	0	3.45260890636792e-05	0.99873833199603
rs678	35.7	0.597	AA/GT	1	3.91e-07	0	7.81083343226617e-05	0.997922760055243
rs1042779	35.8	0.61	AA/GG	1	3.38e-07	0	8.98985545780261e-05	0.997844651720921
rs2286798	35.9	0.605	AA/GC	1	5.28e-07	0	5.84597092365791e-05	0.998246442108177
rs2239550	37.3	0.633	AG/GC	1	1.98e-07	0	0.000150692380840286	0.994831837043177
rs2284351	37.6	0.633	AT/GC	1	1.75e-07	0	0.000169797177931098	0.991345795635101
rs2284350	37.6	0.628	AT/GC	1	1.48e-07	1	0.000199665507679012	0.98739606978979
rs2300149	37.7	0.633	AC/GT	1	1.37e-07	1	0.000215151808876511	0.984916192083192
rs2239549	37.9	0.63	AG/GA	1	1.39e-07	1	0.000212156639698629	0.985555635798923
rs4687550	38.2	0.592	AT/GG	1	1.45e-06	0	2.20996569924518e-05	0.999006114576922
rs4687551	38.2	0.592	AT/GC	1	1.99e-06	0	1.63023223798673e-05	0.999379980747523
rs2270197	38.9	0.59	AT/GG	1	1.57e-06	0	2.04731859158755e-05	0.999089565490735
rs6778329	39.4	0.592	AG/GA	1	1.6e-06	0	2.01040356577246e-05	0.999109669526393
rs1076425	40.2	0.592	AA/GG	1	1.84e-06	0	1.75771566649316e-05	0.99927910007044
rs1075653	40.3	0.595	AT/GC	1	1.38e-06	0	2.31766042445704e-05	0.998961618133279
rs9324	40.3	0.595	AT/GC	1	1.68e-06	0	1.91829815265558e-05	0.999168354593344
rs2071506	41	0.592	AT/GC	1	1.15e-06	0	2.76196618366868e-05	0.998765951657867
rs746694	41.4	0.592	AC/GT	1	1.37e-06	0	2.33392754866214e-05	0.998938441529034
rs2071507	41.5	0.59	AG/GA	1	1.77e-06	0	1.82446212692577e-05	0.999261522913775
rs2071508	41.6	0.59	AG/GA	1	1.99e-06	0	1.63023223798673e-05	0.999363678425143
rs4687654	42.3	0.558	AG/GA	1	6.71e-06	0	5.08381264758551e-06	0.999889696234473
rs2239699	42.7	0.558	AC/GT	1	6.05e-06	0	5.61324667561349e-06	0.999873568441361
rs9881468	43.4	0.573	AC/GT	1	1.5e-06	0	2.13908992166369e-05	0.999027505476139
rs2240920	45.8	0.565	AC/GT	1	7.58e-06	0	4.524304459599e-06	0.999909195617802
rs2240919	46.5	0.486	AC/GG	1	5.95e-06	0	5.70349943411145e-06	0.999867955194686
rs2535629	48	0.525	AG/GA	1	5.15e-05	0	7.29796558126525e-07	1
rs3617	48.6	0.81	AC/GA	1	2.48e-07	0	0.000121227839498926	0.996906915281308
rs736408	50.1	0.554	AC/GT	1	1.9e-06	0	1.70435066675498e-05	0.999313629431949
rs4481150	52.6	0.839	AT/GC	1	3.23e-08	1	0.00087224333625179	0.921144804736369
rs2710331	52.6	0.554	AT/GC	1	8.23e-06	0	4.18208519451869e-06	0.999917774533841
rs4687552	53.2	0.559	AT/GC	1	5.19e-06	0	6.500638897039e-06	0.999839157760572
rs2535627	59.9	0.835	AT/GC	1	6.18e-08	1	0.00046499853526406	0.933617203904992
rs2071044	62.4	0.836	AC/GT	1	2.62e-08	1	0.00106864626381832	0.918422787352394
rs3774358	63.7	0.234	AA/GG	1	0.00146	NA	NA	NA
rs7617468	64.3	0.526	AT/GC	1	3.24e-06	0	1.0210600958157e-05	0.999636203355347
rs2240917	65.9	0.526	AT/GC	1	3.95e-06	0	8.44395429321098e-06	0.999728088594704
rs2245538	66.8	0.526	AT/GC	1	4.12e-06	0	8.10974630972956e-06	0.999769609973398
rs41292864	67.2	0.14	AG/GA	1	0.835	NA	NA	NA
rs4687657	67.3	0.343	AG/GT	1	1.64e-05	NA	NA	NA
rs35004449	67.7	0.343	AG/GT	1	2.08e-05	NA	NA	NA
rs2276815	68.5	0.343	AC/GG	1	2.28e-05	NA	NA	NA
rs2239548	68.9	0.526	AA/GC	1	3.26e-06	0	1.01505138263022e-05	0.999646353869173
rs2239547	70	0.339	AT/GC	1	2.22e-05	NA	NA	NA
rs2256332	70.6	0.49	AG/GA	1	3.48e-05	0	1.0585232533876e-06	0.999999270203442
rs2240916	74	0.115	AT/GA	1	0.26	NA	NA	NA
rs2240915	74.3	0.526	AT/GA	1	5.9e-06	0	5.74975033671805e-06	0.999856529787216
rs2535633	74.4	0.526	AC/GG	1	5.86e-06	0	5.7873081080917e-06	0.999850780036879
rs4687658	75.1	0.293	AC/GG	1	2.7e-05	NA	NA	NA
rs2276816	75.6	0.117	AC/GT	1	0.000336	NA	NA	NA
rs2276817	75.7	0.293	AC/GT	1	2.82e-05	NA	NA	NA
rs13072536	76	0.293	AA/GT	1	2.09e-05	NA	NA	NA
rs12488303	76.8	0.293	AG/GA	1	2.7e-05	NA	NA	NA
rs11709430	76.8	0.115	AG/GA	1	0.277	NA	NA	NA
rs2072391	77	0.293	AC/GT	1	2.7e-05	NA	NA	NA
rs2245647	77.5	0.526	AA/GG	1	5.81e-06	0	5.83496819916093e-06	0.999844992728771
rs3774364	78.4	0.53	AG/GA	1	2.8e-06	0	1.17452191860371e-05	0.999549550874948
rs4687554	78.9	0.293	AT/GC	1	2.96e-05	NA	NA	NA
rs2071042	79.3	0.526	AA/GG	1	2.58e-06	0	1.27047869067979e-05	0.999477475879059
rs2276818	79.4	0.115	AA/GG	1	0.283	NA	NA	NA
rs2071041	79.5	0.288	AT/GG	1	5.13e-05	NA	NA	NA
rs2071040	79.6	0.298	AA/GG	1	4.06e-05	NA	NA	NA
rs77223362	79.9	0.115	AG/GA	1	0.29	NA	NA	NA
rs2071039	79.9	0.116	AC/GA	1	0.261	NA	NA	NA
rs28552648	80.4	0.115	AG/GA	1	0.285	NA	NA	NA
rs3755801	80.6	0.116	AG/GA	1	0.228	NA	NA	NA
rs3755803	80.9	0.293	AC/GG	1	3.15e-05	NA	NA	NA
rs7652667	81.3	0.526	AA/GC	1	4.23e-06	0	7.90754388613225e-06	0.999777517517284
rs11915546	81.6	0.526	AC/GA	1	3.53e-06	0	9.40479152651591e-06	0.999675179936273
rs79664140	81.7	0.115	AA/GG	1	0.265	NA	NA	NA
rs60332615	82.4	0.528	AA/GC	1	3.99e-06	0	8.36280417833595e-06	0.999744854577602
rs11918800	82.9	0.528	AA/GG	1	3.36e-06	0	9.86061086158056e-06	0.999656214480035
rs13083728	83.2	0.295	AG/GA	1	1.96e-05	NA	NA	NA
rs76029595	83.3	0.115	AC/GT	1	0.364	NA	NA	NA
rs11922961	83.4	0.523	AC/GT	1	4.86e-06	0	6.92274910069565e-06	0.999799393208361
rs2276823	84	0.505	AA/GC	1	3.06e-06	0	1.07860417515222e-05	0.999605326023001
rs1573815	84.9	0.293	AG/GA	1	2.57e-05	NA	NA	NA
rs4687662	85.1	0.274	AC/GT	1	7.04e-05	NA	NA	NA
rs4687663	85.4	0.293	AT/GA	1	2.83e-05	NA	NA	NA
rs1139106	85.9	0.116	AG/GA	1	0.377	NA	NA	NA
rs3733047	86.7	0.293	AG/GA	1	2.48e-05	NA	NA	NA
rs11626	88.7	0.108	AC/GT	1	0.115	NA	NA	NA
rs6445538	89	0.306	AT/GC	1	0.000125	NA	NA	NA
rs6445539	89.1	0.305	AG/GA	1	0.000125	NA	NA	NA
rs6769789	89.2	0.528	AT/GC	1	5.14e-06	0	6.56117749433861e-06	0.999826144466743
rs56019197	89.5	0.524	AC/GT	1	3.78e-06	0	8.80762655542574e-06	0.999702375572427
rs7638524	89.6	0.305	AG/GA	1	0.000112	NA	NA	NA
rs11718060	90.3	0.107	AG/GA	1	0.148	NA	NA	NA
rs11719137	91.2	0.533	AT/GG	1	5.93e-06	0	5.72190803581191e-06	0.999862251695252
rs56214994	93.4	0.531	AC/GG	1	3.92e-06	0	8.50588285428135e-06	0.999719644640411
rs6445541	94.9	0.533	AG/GT	1	1.72e-06	0	1.87540269077982e-05	0.999224934064229
rs4687672	95.3	0.303	AG/GA	1	0.000106	NA	NA	NA
rs2001732	95.5	0.103	AC/GT	1	0.236	NA	NA	NA
rs11715347	97.8	0.531	AT/GC	1	4.46e-06	0	7.51639679385939e-06	0.999785033914078
rs13080929	99.9	0.108	AA/GC	1	0.164	NA	NA	NA
rs2336558	101	0.531	AT/GC	1	3.66e-06	0	9.08427696032656e-06	0.999693567945871
rs12496077	101	0.303	AG/GA	1	0.000112	NA	NA	NA
rs2276825	101	0.315	AT/GC	1	5.73e-05	NA	NA	NA
rs9682464	103	0.315	AC/GT	1	4.82e-05	NA	NA	NA
rs6803519	105	0.303	AC/GT	1	7.43e-05	NA	NA	NA
rs4687676	105	0.109	AT/GC	1	0.188	NA	NA	NA
rs4687556	105	0.109	AC/GT	1	0.262	NA	NA	NA
rs9637477	106	0.109	AC/GG	1	0.249	NA	NA	NA
rs7630552	106	0.531	AC/GG	1	3.18e-06	0	1.0395310962511e-05	0.999615721333963
rs7620690	106	0.531	AG/GA	1	3.22e-06	0	1.02714204255441e-05	0.999625992754389
rs7620706	107	0.306	AA/GT	1	0.000128	NA	NA	NA
rs56136581	107	0.1	AT/GC	1	0.0113	NA	NA	NA
rs7612624	108	0.531	AC/GT	1	4.51e-06	0	7.43654518177475e-06	0.99979247045926
rs6798941	108	0.394	AC/GT	1	3.9e-05	NA	NA	NA
rs12487379	111	0.521	AG/GA	1	1.32e-05	0	2.66355971762775e-06	0.999949993724635
rs77572134	111	0.102	AT/GC	1	0.346	NA	NA	NA
rs13072537	111	0.517	AC/GA	1	1.53e-05	0	2.31373237647682e-06	0.999964987993093
rs11708390	111	0.107	AC/GA	1	0.273	NA	NA	NA
rs11130329	112	0.107	AA/GC	1	0.285	NA	NA	NA
rs6773650	112	0.487	AA/GT	1	8.32e-06	0	4.13883373443453e-06	0.999921913367576
rs4350911	113	0.487	AT/GC	1	1.01e-05	0	3.43899084247389e-06	0.999929187756819
rs6764322	113	0.487	AT/GC	1	1.15e-05	0	3.03809632333773e-06	0.999941710369516
rs4687559	113	0.305	AC/GT	1	0.000158	NA	NA	NA
rs4687560	113	0.305	AT/GG	1	0.000176	NA	NA	NA
rs4687679	114	0.466	AC/GG	1	1.09e-05	0	3.19755507093111e-06	0.999935582866961
rs9825230	117	0.47	AG/GA	1	6.78e-06	0	5.0335918609096e-06	0.999894729826334
rs9836499	119	0.483	AT/GG	1	7.81e-06	0	4.39683084481618e-06	0.999913592448647
rs2336664	120	0.487	AA/GG	1	6.82e-06	0	5.0053480307866e-06	0.999899735174365
rs4302374	121	0.285	AT/GC	1	0.00013	NA	NA	NA
rs6797399	121	0.285	AG/GA	1	0.000133	NA	NA	NA
rs4687680	122	0.466	AG/GA	1	6.21e-06	0	5.4747720575581e-06	0.999884612421825
rs56383738	123	0.466	AC/GT	1	1.36e-05	0	2.58877618157287e-06	0.999957778342235
rs6445547	123	0.285	AT/GC	1	0.000166	NA	NA	NA
rs9839035	125	0.285	AC/GT	1	0.000166	NA	NA	NA
rs9850563	127	0.466	AA/GG	1	1.09e-05	0	3.19755507093111e-06	0.99993238531189
rs12492391	127	0.47	AC/GA	1	9.01e-06	0	3.83539840083197e-06	0.999925748765977
rs3821873	128	0.466	AT/GC	1	1.35e-05	0	2.60706523684883e-06	0.999952600789872
rs9860296	129	0.466	AT/GC	1	1.13e-05	0	3.0894062322597e-06	0.999938672273193
rs2336666	130	0.305	AC/GT	1	0.000228	NA	NA	NA
rs2336667	131	0.487	AT/GC	1	1.54e-05	0	2.2994062852096e-06	0.999967287399378
rs9876403	132	0.305	AC/GT	1	0.00024	NA	NA	NA
rs4687682	132	0.489	AC/GT	1	1.3e-05	0	2.70264053356316e-06	0.999947330164917
rs4687562	133	0.487	AT/GC	1	1.64e-05	0	2.1655597496933e-06	0.999976267536756
rs4687683	133	0.487	AG/GT	1	2.36e-05	0	1.53122301107277e-06	0.999995577870591
rs4687684	133	0.487	AT/GC	1	2.22e-05	0	1.62298111797038e-06	0.999992437461472
rs2878762	134	0.33	AT/GC	1	0.000121	NA	NA	NA
rs2336668	134	0.487	AT/GG	1	2.24e-05	0	1.60918610812701e-06	0.99999404664758
rs12638968	134	0.492	AA/GT	1	1.95e-05	0	1.83625510628608e-06	0.999982385308232
rs6795646	137	0.466	AT/GC	1	1.36e-05	0	2.58877618157287e-06	0.999955189566054
rs9880978	138	0.466	AC/GG	1	1.58e-05	0	2.24387775218732e-06	0.999974101977006
rs9810807	139	0.466	AT/GC	1	2.08e-05	0	1.72680546778369e-06	0.9999841121137
rs9836178	140	0.29	AC/GT	1	0.000106	NA	NA	NA
rs73084914	144	0.102	AA/GG	1	0.104	NA	NA	NA
rs9844736	147	0.283	AG/GT	1	5.84e-05	NA	NA	NA
rs6773040	150	0.278	AA/GC	1	0.000112	NA	NA	NA
rs11922975	152	0.459	AT/GC	1	4.94e-06	0	6.81534206286322e-06	0.999806208550424
rs1134546	153	0.278	AA/GG	1	9.3e-05	NA	NA	NA
rs7626551	153	0.459	AG/GC	1	4.96e-06	0	6.78902128258255e-06	0.999812997571706
rs9865248	159	0.48	AT/GC	1	4.01e-06	0	8.32282474351579e-06	0.999753177402345
rs9871175	161	0.48	AA/GG	1	4.01e-06	0	8.32282474351579e-06	0.999761500227089
rs4687687	163	0.48	AG/GA	1	5.12e-06	0	6.58571754213946e-06	0.999819583289248
rs4687689	163	0.485	AC/GA	1	6.92e-06	0	4.93613897758574e-06	0.999904671313342
rs11708337	164	0.102	AA/GG	1	0.105	NA	NA	NA
rs4608686	165	0.102	AA/GG	1	0.201	NA	NA	NA
rs12629687	165	0.485	AC/GT	1	2.63e-06	0	1.24728711548977e-05	0.999489948750214
rs2336162	166	0.295	AT/GC	1	0.000104	NA	NA	NA
rs3733034	167	0.101	AC/GT	1	0.181	NA	NA	NA
rs9880619	168	0.485	AA/GG	1	2.46e-06	0	1.32991123559593e-05	0.999451874322023
rs6762260	168	0.102	AT/GC	1	0.178	NA	NA	NA
rs9985365	169	0.485	AG/GA	1	1.93e-06	0	1.67889042074271e-05	0.999347376102763
rs73839535	169	0.102	AT/GC	1	0.166	NA	NA	NA
rs3733035	171	0.102	AA/GG	1	0.158	NA	NA	NA
rs11130331	172	0.485	AA/GG	1	2.54e-06	0	1.28967701292969e-05	0.999464771092152
rs61473083	172	0.101	AT/GC	1	0.155	NA	NA	NA
rs13095705	173	0.102	AC/GT	1	0.128	NA	NA	NA
rs2710342	173	0.295	AC/GT	1	0.00011	NA	NA	NA
rs11720488	173	0.101	AG/GA	1	0.142	NA	NA	NA
rs11713376	174	0.101	AA/GG	1	0.15	NA	NA	NA
rs11705797	174	0.101	AG/GA	1	0.157	NA	NA	NA
rs9847024	174	0.291	AA/GC	1	0.000111	NA	NA	NA
rs2581810	176	0.29	AT/GC	1	4.39e-05	NA	NA	NA
rs13082061	178	0.29	AG/GC	1	4.14e-05	NA	NA	NA
rs2710339	180	0.416	AA/GG	1	1.71e-06	0	1.88594177862686e-05	0.999206180037321
rs2581827	181	0.416	AT/GC	1	1.91e-06	0	1.69577666064449e-05	0.999330587198556
rs2257216	183	0.414	AC/GT	1	1.61e-06	0	1.99839887087755e-05	0.999129653515102
rs2710314	184	0.416	AC/GT	1	1.65e-06	0	1.95180967158475e-05	0.999149171611818
rs2710313	184	0.416	AA/GT	1	1.32e-06	0	2.41889321249414e-05	0.998891762978061
rs2581797	187	0.29	AT/GC	1	3.67e-05	NA	NA	NA
rs2581801	188	0.29	AT/GG	1	2.57e-05	NA	NA	NA
rs2581802	188	0.29	AT/GA	1	2.58e-05	NA	NA	NA
rs2710346	189	0.416	AT/GC	1	2.38e-06	0	1.37279890801264e-05	0.999424957070741
rs2710345	191	0.29	AC/GT	1	2.75e-05	NA	NA	NA
rs7621939	191	0.295	AC/GT	1	1.96e-05	NA	NA	NA
rs62253605	193	0.255	AC/GT	1	9.29e-05	NA	NA	NA
rs2710332	193	0.295	AG/GA	1	1.91e-05	NA	NA	NA
rs2581805	194	0.29	AC/GT	1	2.31e-05	NA	NA	NA
rs35380116	194	0.29	AG/GA	1	3.57e-05	NA	NA	NA
rs11130332	196	0.288	AT/GA	1	4.2e-05	NA	NA	NA
rs2581815	197	0.29	AC/GG	1	4.15e-05	NA	NA	NA
rs2952830	197	0.295	AA/GG	1	1.51e-05	NA	NA	NA
rs7648514	198	0.286	AC/GG	1	3.69e-05	NA	NA	NA
rs6445550	198	0.293	AG/GA	1	2.31e-05	NA	NA	NA
rs11708223	199	0.286	AG/GA	1	3.73e-05	NA	NA	NA
rs9865094	200	0.286	AC/GG	1	4.95e-05	NA	NA	NA
rs9831409	200	0.288	AT/GA	1	4.79e-05	NA	NA	NA
rs36051354	201	0.251	AC/GT	1	7.35e-05	NA	NA	NA
rs9311485	202	0.288	AG/GT	1	4.9e-05	NA	NA	NA
rs2439434	206	0.414	AA/GG	1	1.7e-06	0	1.89660261905881e-05	0.999187320619535
rs2465101	206	0.414	AT/GA	1	2.8e-06	0	1.17452191860371e-05	0.999537805655762
rs2336669	209	0.293	AA/GG	1	2.41e-05	NA	NA	NA
rs2581803	210	0.412	AA/GG	1	2.97e-06	0	1.10994106380042e-05	0.999583476306536
rs6770957	210	0.291	AT/GC	1	2.52e-05	NA	NA	NA
rs2710326	210	0.412	AC/GT	1	2.98e-06	0	1.10636747135877e-05	0.999594539981249
rs4515041	211	0.414	AA/GT	1	2.89e-06	0	1.13940320383959e-05	0.999572376895898
rs7652131	212	0.293	AC/GT	1	2.4e-05	NA	NA	NA
rs4519686	213	0.288	AC/GT	1	3.42e-05	NA	NA	NA
rs2336670	213	0.414	AG/GT	1	2.4e-06	0	1.36181389252752e-05	0.999438575209667
rs9812543	215	0.293	AG/GA	1	2.65e-05	NA	NA	NA
rs11707576	216	0.288	AT/GC	1	2.67e-05	NA	NA	NA
rs9823697	217	0.412	AA/GG	1	1.25e-06	0	2.54905359159472e-05	0.998817742884347
rs2336671	217	0.288	AC/GT	1	2.56e-05	NA	NA	NA
rs2245424	218	0.414	AC/GG	1	2.08e-06	0	1.56241670692171e-05	0.999411229081661
rs6792578	219	0.288	AG/GA	1	2.24e-05	NA	NA	NA
rs6768844	219	0.286	AC/GT	1	2.31e-05	NA	NA	NA
rs2336672	223	0.412	AT/GC	1	2.78e-06	0	1.18262905214348e-05	0.999526060436576
rs9846976	223	0.288	AT/GC	1	4.11e-05	NA	NA	NA
rs6801235	224	0.414	AT/GC	1	2.74e-06	0	1.19919171048009e-05	0.999514234146055
rs9842974	226	0.288	AC/GA	1	2.97e-05	NA	NA	NA
rs2581816	229	0.414	AC/GT	1	1.76e-06	0	1.83442282765794e-05	0.999243278292506
rs2581819	231	0.414	AA/GC	1	3.57e-06	0	9.30373263788716e-06	0.999684483668911
rs2564930	232	0.414	AC/GT	1	2.88e-06	0	1.14319889107952e-05	0.999560982863859
rs2581820	235	0.288	AG/GA	1	4.04e-05	NA	NA	NA
rs2564931	235	0.118	AA/GG	1	0.0126	NA	NA	NA
rs2581821	236	0.253	AG/GT	1	4.58e-05	NA	NA	NA
rs2581822	237	0.253	AA/GG	1	4.62e-05	NA	NA	NA
rs2564932	237	0.253	AA/GC	1	4.2e-05	NA	NA	NA
rs2581823	237	0.288	AG/GC	1	3.19e-05	NA	NA	NA
rs2581824	237	0.118	AA/GC	1	0.012	NA	NA	NA
rs2564933	238	0.253	AC/GA	1	4.25e-05	NA	NA	NA
rs2564934	239	0.118	AA/GG	1	0.011	NA	NA	NA
rs2564936	240	0.118	AC/GA	1	0.0116	NA	NA	NA
rs2564937	241	0.118	AT/GC	1	0.011	NA	NA	NA
rs6771610	241	0.293	AT/GC	1	1.8e-05	NA	NA	NA
rs2564938	241	0.118	AT/GC	1	0.0114	NA	NA	NA
rs1529544	254	0.116	AA/GG	1	0.0061	NA	NA	NA
rs11715894	255	0.118	AA/GT	1	0.00754	NA	NA	NA
rs2581796	255	0.288	AG/GA	1	9.24e-06	NA	NA	NA
rs4687692	257	0.288	AC/GA	1	9.71e-06	NA	NA	NA
rs2564947	261	0.29	AT/GC	1	2.04e-05	NA	NA	NA
rs4687694	264	0.115	AC/GT	1	0.00807	NA	NA	NA
rs2581776	269	0.251	AA/GG	1	3.76e-05	NA	NA	NA
rs2581777	269	0.251	AC/GT	1	3.48e-05	NA	NA	NA
rs2581778	270	0.115	AA/GG	1	0.00702	NA	NA	NA
rs2244552	270	0.115	AG/GA	1	0.00761	NA	NA	NA
rs2244461	271	0.251	AA/GG	1	2.44e-05	NA	NA	NA
rs2581779	271	0.288	AC/GT	1	1.04e-05	NA	NA	NA
rs2581780	274	0.288	AT/GC	1	1.05e-05	NA	NA	NA
rs77058023	274	0.137	AT/GC	1	0.00572	NA	NA	NA
rs2564951	275	0.31	AT/GC	1	5.91e-06	NA	NA	NA
rs2255107	275	0.25	AT/GC	1	2.66e-07	NA	NA	NA
rs9847710	277	0.111	AC/GT	1	0.00576	NA	NA	NA
rs2581806	278	0.245	AG/GA	1	1.66e-05	NA	NA	NA
rs12489490	279	0.298	AC/GA	1	3.72e-06	NA	NA	NA
rs71301803	283	0.303	AC/GT	1	6.22e-06	NA	NA	NA
rs11709427	283	0.113	AT/GC	1	0.00608	NA	NA	NA
rs2564956	285	0.113	AT/GC	1	0.00621	NA	NA	NA
rs17304995	286	0.301	AA/GG	1	4.59e-06	NA	NA	NA
rs2581818	286	0.248	AA/GC	1	8.34e-06	NA	NA	NA
rs2581817	287	0.113	AC/GG	1	0.00551	NA	NA	NA
rs9818819	292	0.248	AG/GT	1	7.95e-06	NA	NA	NA
rs7613013	293	0.248	AG/GA	1	7.49e-06	NA	NA	NA
rs34230854	293	0.301	AC/GA	1	2.96e-06	NA	NA	NA
rs6808387	294	0.117	AC/GT	1	0.00556	NA	NA	NA
rs7644973	298	0.303	AC/GT	1	3.12e-06	NA	NA	NA
rs7647960	299	0.248	AG/GC	1	9.25e-06	NA	NA	NA
rs7617501	299	0.248	AC/GT	1	8.66e-06	NA	NA	NA
rs2581812	300	0.306	AA/GG	1	3.89e-06	NA	NA	NA
rs71301807	300	0.305	AC/GG	1	2.18e-06	NA	NA	NA
rs2581811	301	0.248	AC/GT	1	7.91e-06	NA	NA	NA
rs12488768	301	0.114	AC/GT	1	0.00622	NA	NA	NA
rs13088455	302	0.114	AC/GG	1	0.00662	NA	NA	NA
rs9831861	303	0.112	AT/GG	1	0.00671	NA	NA	NA
rs11923593	304	0.244	AG/GA	1	1.19e-05	NA	NA	NA
rs2581808	304	0.244	AT/GC	1	9.24e-06	NA	NA	NA
rs2581809	304	0.244	AC/GG	1	9.55e-06	NA	NA	NA
rs4687697	305	0.114	AC/GT	1	0.00696	NA	NA	NA
rs7647313	306	0.244	AA/GG	1	1.1e-05	NA	NA	NA
rs7625909	306	0.244	AT/GC	1	1.1e-05	NA	NA	NA
rs12632240	307	0.244	AT/GC	1	1.19e-05	NA	NA	NA
rs9870898	307	0.303	AA/GG	1	5.08e-06	NA	NA	NA
rs11712910	309	0.283	AA/GC	1	5.42e-06	NA	NA	NA
rs11923572	311	0.421	AT/GC	1	4.2e-07	0	7.28980289698208e-05	0.997995658084213
rs11915851	311	0.421	AG/GA	1	4.39e-07	0	6.98518424325768e-05	0.998065509926646
rs2581789	311	0.421	AT/GC	1	2.97e-07	0	0.000101852976039493	0.997560321704755
rs6794389	311	0.305	AA/GG	1	5.29e-06	NA	NA	NA
rs6805298	311	0.305	AG/GA	1	6.06e-06	NA	NA	NA
rs4687698	312	0.305	AC/GT	1	5.5e-06	NA	NA	NA
rs6445558	312	0.114	AG/GT	1	0.00712	NA	NA	NA
rs59989280	314	0.305	AT/GC	1	3.84e-06	NA	NA	NA
rs6789219	314	0.305	AC/GG	1	4.14e-06	NA	NA	NA
rs6770152	315	0.114	AG/GT	1	0.00779	NA	NA	NA
rs4687699	316	0.303	AC/GT	1	3.16e-06	NA	NA	NA
rs6799185	316	0.421	AC/GT	1	3.22e-07	0	9.42072499673674e-05	0.997754753166343
rs2581790	317	0.246	AC/GT	1	1.07e-05	NA	NA	NA
rs2115780	358	0.23	AA/GG	1	0.000182	NA	NA	NA
rs11713763	375	0.39	AG/GA	1	8.23e-07	NA	NA	NA
rs1080500	390	0.379	AG/GA	1	3.55e-07	NA	NA	NA
rs7634447	440	0.161	AA/GC	1	0.000529	NA	NA	NA
rs7643235	442	0.181	AT/GC	1	0.000134	NA	NA	NA
rs9845906	445	0.152	AC/GG	1	0.0475	NA	NA	NA
rs11721257	445	0.107	AA/GG	1	1.9e-07	NA	NA	NA
rs11713513	445	0.104	AG/GA	1	1.15e-07	NA	NA	NA
rs11130355	447	0.153	AG/GA	1	0.0383	NA	NA	NA
rs11919522	450	0.167	AG/GA	1	0.00022	NA	NA	NA
rs11721183	452	0.167	AT/GC	1	0.000179	NA	NA	NA
rs13100572	452	0.164	AG/GA	1	0.000158	NA	NA	NA
rs35938538	454	0.167	AC/GT	1	0.000182	NA	NA	NA
rs11717404	454	0.182	AC/GT	1	0.000112	NA	NA	NA
rs12152320	455	0.182	AA/GT	1	0.000131	NA	NA	NA
rs7426478	456	0.15	AT/GC	1	0.0429	NA	NA	NA
rs4320054	456	0.167	AG/GA	1	0.000186	NA	NA	NA
rs4687712	456	0.188	AG/GA	1	0.000119	NA	NA	NA
rs35416537	459	0.15	AG/GA	1	0.0565	NA	NA	NA
rs6769824	459	0.146	AG/GA	1	0.0602	NA	NA	NA
rs6772648	459	0.146	AC/GT	1	0.0604	NA	NA	NA
rs6806033	459	0.167	AT/GC	1	0.000208	NA	NA	NA
rs4687572	460	0.167	AT/GG	1	0.000178	NA	NA	NA
rs11130357	460	0.167	AA/GC	1	0.000157	NA	NA	NA
rs7620260	461	0.167	AG/GA	1	0.000156	NA	NA	NA
rs6445569	461	0.15	AC/GT	1	0.0648	NA	NA	NA
rs6764139	461	0.167	AA/GC	1	0.000155	NA	NA	NA
rs6764476	461	0.167	AT/GC	1	0.000154	NA	NA	NA
rs34041412	462	0.182	AT/GA	1	8.79e-05	NA	NA	NA
rs35209711	462	0.184	AA/GG	1	8.7e-05	NA	NA	NA
rs6779976	462	0.167	AG/GA	1	0.000166	NA	NA	NA
rs4687713	462	0.15	AT/GC	1	0.0807	NA	NA	NA
rs35029290	464	0.164	AA/GG	1	0.000218	NA	NA	NA
rs55762522	464	0.146	AG/GA	1	0.0641	NA	NA	NA
rs36031811	464	0.164	AA/GG	1	0.000271	NA	NA	NA
rs12374008	464	0.179	AC/GT	1	0.000114	NA	NA	NA
rs6445571	465	0.15	AT/GC	1	0.0599	NA	NA	NA
rs11715417	468	0.134	AG/GT	1	0.103	NA	NA	NA
rs7647990	471	0.138	AA/GG	1	0.104	NA	NA	NA
rs66499453	472	0.136	AA/GG	1	0.102	NA	NA	NA
rs2279321	475	0.136	AA/GG	1	0.111	NA	NA	NA
rs12629312	488	0.128	AA/GG	1	0.108	NA	NA	NA
rs12487632	490	0.136	AC/GT	1	0.000174	NA	NA	NA
rs7610113	491	0.143	AT/GC	1	0.0231	NA	NA	NA
rs12493802	493	0.141	AC/GT	1	0.000184	NA	NA	NA
rs9820979	493	0.144	AA/GG	1	0.0245	NA	NA	NA
rs7646760	493	0.143	AC/GA	1	0.0199	NA	NA	NA
rs12485313	494	0.147	AT/GG	1	0.0238	NA	NA	NA
rs7627444	495	0.142	AG/GC	1	0.000168	NA	NA	NA
rs7617474	495	0.147	AA/GG	1	0.019	NA	NA	NA
rs7630632	496	0.142	AG/GT	1	0.000126	NA	NA	NA
rs7625237	496	0.154	AT/GC	1	3.4e-05	NA	NA	NA
rs11720625	497	0.115	AC/GG	1	0.000325	NA	NA	NA
rs7637934	509	0.111	AG/GT	1	0.0132	NA	NA	NA
rs17052957	509	0.112	AT/GG	1	0.0135	NA	NA	NA
rs931254	511	0.112	AT/GC	1	0.0131	NA	NA	NA
rs9856552	512	0.112	AC/GT	1	0.0124	NA	NA	NA
rs7620395	526	0.108	AA/GC	1	0.0113	NA	NA	NA
rs13063111	541	0.1	AC/GA	1	0.00154	NA	NA	NA
rs7641238	547	0.111	AT/GC	1	0.00969	NA	NA	NA
rs6804620	550	0.11	AA/GG	1	0.0102	NA	NA	NA
rs2170675	550	0.111	AG/GT	1	0.01	NA	NA	NA
rs13100097	554	0.11	AT/GC	1	0.00973	NA	NA	NA
rs12637463	555	0.111	AG/GT	1	0.00932	NA	NA	NA
rs2358619	559	0.11	AT/GC	1	0.00994	NA	NA	NA
rs7374211	564	0.106	AA/GG	1	0.00944	NA	NA	NA
rs4404439	572	0.11	AC/GT	1	0.00885	NA	NA	NA
rs6806814	573	0.11	AG/GC	1	0.0101	NA	NA	NA
rs922958	575	0.11	AA/GG	1	0.00874	NA	NA	NA
rs4687723	576	0.11	AT/GC	1	0.00925	NA	NA	NA
rs6445576	577	0.11	AC/GT	1	0.00921	NA	NA	NA
rs6804517	585	0.108	AA/GG	1	0.00831	NA	NA	NA
rs1038395	589	0.11	AC/GT	1	0.0122	NA	NA	NA
rs7649934	590	0.11	AT/GC	1	0.0126	NA	NA	NA
rs12491493	591	0.11	AT/GG	1	0.0124	NA	NA	NA
rs62257012	598	0.11	AG/GA	1	0.00976	NA	NA	NA
rs2129011	609	0.11	AT/GA	1	0.0109	NA	NA	NA
rs2358734	610	0.11	AT/GC	1	0.00881	NA	NA	NA
rs2884525	612	0.11	AT/GC	1	0.00882	NA	NA	NA
rs11719367	612	0.11	AT/GG	1	0.00863	NA	NA	NA
rs6445579	624	0.11	AA/GG	1	0.0114	NA	NA	NA
rs752859	628	0.11	AT/GC	1	0.0109	NA	NA	NA
rs2171292	629	0.11	AT/GC	1	0.0133	NA	NA	NA
rs4687726	632	0.11	AA/GG	1	0.0135	NA	NA	NA
rs6445580	640	0.11	AA/GG	1	0.0109	NA	NA	NA
rs6790961	641	0.11	AA/GG	1	0.0108	NA	NA	NA
rs4370021	647	0.11	AA/GG	1	0.0118	NA	NA	NA
rs4687728	649	0.11	AT/GC	1	0.0109	NA	NA	NA
rs495024	650	0.106	AG/GA	1	0.0092	NA	NA	NA
rs7653192	651	0.11	AT/GC	1	0.0114	NA	NA	NA
rs11716719	654	0.11	AG/GC	1	0.0121	NA	NA	NA
rs542739	657	0.111	AC/GT	1	0.00598	NA	NA	NA
rs608439	657	0.111	AG/GC	1	0.00632	NA	NA	NA
rs4687578	658	0.111	AA/GG	1	0.0119	NA	NA	NA
rs660746	669	0.102	AG/GT	1	0.00139	NA	NA	NA
rs1531876	672	0.118	AA/GG	1	6e-06	NA	NA	NA
rs667217	681	0.1	AT/GC	1	0.0015	NA	NA	NA
rs664030	682	0.1	AT/GC	1	0.00155	NA	NA	NA
rs793197	687	0.11	AG/GA	1	0.00177	NA	NA	NA
rs3111308	693	0.11	AG/GC	1	0.00149	NA	NA	NA
rs647206	694	0.11	AT/GG	1	0.00158	NA	NA	NA
rs554326	696	0.106	AT/GC	1	0.00162	NA	NA	NA
rs2930177	698	0.106	AA/GG	1	0.00155	NA	NA	NA
