SNP	KB	R2	Alleles	F	P	inCredible	probNorm	cumSum
rs7959663	0	1	C	1	1.11e-10	1	0.161480222131922	0.161480222131922
rs117296249	-223	0.105	CC/GT	1	0.213	NA	NA	NA
rs73191165	-222	0.128	CC/GT	1	0.0275	NA	NA	NA
rs76010808	-221	0.105	CT/GC	1	0.154	NA	NA	NA
rs75425901	-220	0.105	CT/GC	1	0.165	NA	NA	NA
rs58802650	-215	0.102	CT/GC	1	0.0839	NA	NA	NA
rs61226647	-213	0.105	CG/GA	1	0.0587	NA	NA	NA
rs75305566	-212	0.105	CC/GT	1	0.0616	NA	NA	NA
rs58939692	-206	0.105	CC/GT	1	0.0562	NA	NA	NA
rs118115444	-200	0.121	CT/GC	1	0.0734	NA	NA	NA
rs11615167	-162	0.115	CG/GA	1	0.18	NA	NA	NA
rs12370035	-157	0.106	CT/GC	1	0.216	NA	NA	NA
rs12368972	-157	0.114	CC/GG	1	0.186	NA	NA	NA
rs73190620	-156	0.189	CT/GC	1	0.000119	NA	NA	NA
rs7294519	-152	0.128	CC/GA	1	0.227	NA	NA	NA
rs11836955	-152	0.128	CC/GG	1	0.223	NA	NA	NA
rs920223	-152	0.128	CA/GG	1	0.223	NA	NA	NA
rs920222	-152	0.128	CC/GT	1	0.223	NA	NA	NA
rs920221	-152	0.141	CG/GT	1	0.15	NA	NA	NA
rs920220	-152	0.132	CC/GT	1	0.215	NA	NA	NA
rs2196611	-151	0.128	CC/GT	1	0.222	NA	NA	NA
rs9668611	-151	0.128	CC/GT	1	0.221	NA	NA	NA
rs1866065	-145	0.127	CC/GA	1	0.178	NA	NA	NA
rs10735078	-144	0.15	CG/GC	1	0.167	NA	NA	NA
rs73190638	-142	0.204	CG/GC	1	8.11e-05	NA	NA	NA
rs2337858	-141	0.159	CC/GT	1	0.105	NA	NA	NA
rs4766590	-140	0.159	CT/GC	1	0.106	NA	NA	NA
rs1036516	-139	0.149	CG/GC	1	0.167	NA	NA	NA
rs116942688	-136	0.107	CT/GC	1	0.0354	NA	NA	NA
rs3948268	-135	0.149	CA/GG	1	0.176	NA	NA	NA
rs4766591	-134	0.149	CC/GT	1	0.18	NA	NA	NA
rs2118310	-133	0.15	CG/GA	1	0.19	NA	NA	NA
rs2053242	-130	0.149	CG/GA	1	0.17	NA	NA	NA
rs73190650	-128	0.198	CT/GC	1	9.91e-05	NA	NA	NA
rs7954795	-122	0.147	CG/GC	1	0.124	NA	NA	NA
rs4766593	-121	0.148	CT/GC	1	0.136	NA	NA	NA
rs1866061	-115	0.128	CC/GG	1	0.0376	NA	NA	NA
rs12184481	-112	0.215	CG/GA	1	0.0238	NA	NA	NA
rs7957869	-111	0.301	CC/GT	1	0.0688	NA	NA	NA
rs1121314	-111	0.323	CG/GA	1	0.0343	NA	NA	NA
rs1121313	-111	0.323	CA/GG	1	0.0369	NA	NA	NA
rs1992135	-111	0.323	CC/GT	1	0.0347	NA	NA	NA
rs1992134	-111	0.323	CC/GT	1	0.0363	NA	NA	NA
rs10850039	-110	0.249	CC/GA	1	0.015	NA	NA	NA
rs11066324	-109	0.323	CA/GG	1	0.0378	NA	NA	NA
rs68114343	-109	0.378	CG/GA	1	0.0552	NA	NA	NA
rs11611879	-108	0.378	CA/GG	1	0.055	NA	NA	NA
rs10850042	-106	0.249	CC/GT	1	0.0133	NA	NA	NA
rs10850044	-106	0.25	CG/GA	1	0.0121	NA	NA	NA
rs10744780	-106	0.25	CG/GA	1	0.0108	NA	NA	NA
rs2879055	-106	0.234	CA/GC	1	0.0186	NA	NA	NA
rs12582463	-105	0.234	CT/GC	1	0.021	NA	NA	NA
rs7136285	-105	0.25	CC/GT	1	0.00844	NA	NA	NA
rs55764195	-103	0.378	CA/GG	1	0.0493	NA	NA	NA
rs10850056	-103	0.234	CC/GT	1	0.0199	NA	NA	NA
rs10850058	-103	0.234	CA/GG	1	0.0204	NA	NA	NA
rs10774655	-102	0.234	CC/GT	1	0.0193	NA	NA	NA
rs7131797	-102	0.25	CC/GG	1	0.0111	NA	NA	NA
rs7308529	-102	0.25	CC/GT	1	0.0107	NA	NA	NA
rs6606702	-102	0.246	CG/GA	1	0.00954	NA	NA	NA
rs7956905	-101	0.252	CA/GG	1	0.0102	NA	NA	NA
rs10850060	-101	0.252	CC/GT	1	0.00971	NA	NA	NA
rs7294746	-100	0.378	CA/GG	1	0.0512	NA	NA	NA
rs7306883	-100	0.236	CT/GC	1	0.0192	NA	NA	NA
rs7295041	-100	0.351	CA/GG	1	0.119	NA	NA	NA
rs10850063	-99.7	0.351	CA/GG	1	0.13	NA	NA	NA
rs10774656	-99.3	0.378	CG/GA	1	0.0515	NA	NA	NA
rs10774657	-98.4	0.384	CA/GG	1	0.0321	NA	NA	NA
rs7964706	-96.5	0.235	CG/GA	1	0.00834	NA	NA	NA
rs10850065	-96.4	0.502	CA/GG	1	0.000155	0	1.89885673060275e-07	1
rs7968387	-96.3	0.328	CG/GT	1	1.13e-05	NA	NA	NA
rs11066360	-96.3	0.52	CG/GC	1	8.06e-05	0	3.51872099012028e-07	0.999999810114327
rs34450456	-95.8	0.377	CT/GA	1	6.71e-06	NA	NA	NA
rs11066368	-94	0.417	CA/GG	1	2.43e-07	0	9.10861820425528e-05	0.998413866530224
rs4486687	-93.6	0.415	CA/GT	1	2.57e-07	0	8.62884165560684e-05	0.999031300042061
rs5013021	-93.6	0.308	CA/GC	1	0.00051	NA	NA	NA
rs11608488	-92.7	0.629	CA/GC	1	1.65e-06	0	1.43794570022092e-05	0.999760657874957
rs7970666	-90.9	0.423	CG/GT	1	1.55e-07	1	0.000140669001323066	0.983220154674195
rs10850070	-90.5	0.423	CG/GA	1	1.19e-07	1	0.000181648871949166	0.981270267209045
rs9332412	-89.6	0.333	CG/GA	1	0.000108	NA	NA	NA
rs2304549	-89.5	0.423	CG/GA	1	1.22e-07	1	0.000177325199322213	0.98162491760769
rs2304548	-89.2	0.423	CG/GT	1	1.22e-07	1	0.000177325199322213	0.981447592408368
rs60819157	-88.6	0.423	CA/GG	1	1.1e-07	1	0.000196012193637234	0.981088618337096
rs12228876	-87.6	0.333	CA/GC	1	0.000118	NA	NA	NA
rs2075435	-87.5	0.417	CT/GC	1	2e-07	0	0.000109945552824144	0.994413842322913
rs2075434	-87.3	0.647	CA/GG	1	1.49e-06	0	1.58608739316412e-05	0.999746278417955
rs11066394	-85.2	0.651	CA/GC	1	8.62e-07	0	2.68554110772168e-05	0.999634850212392
rs12817730	-85	0.647	CA/GG	1	9.18e-07	0	2.52761208013511e-05	0.999660126333193
rs10850074	-83.8	0.334	CC/GT	1	7.1e-05	NA	NA	NA
rs12822899	-83.4	0.647	CG/GA	1	9.42e-07	0	2.46558120407629e-05	0.999684782145234
rs11611957	-82.6	0.334	CG/GA	1	6.85e-05	NA	NA	NA
rs34315524	-81.5	0.642	CG/GT	1	1.72e-06	0	1.38165481739826e-05	0.999788606992616
rs11066411	-80.2	0.642	CG/GA	1	1.09e-06	0	2.1424807775634e-05	0.999730417544023
rs7305165	-80.1	0.334	CA/GG	1	5.62e-05	NA	NA	NA
rs61936484	-78.4	0.521	CG/GA	1	1.48e-07	1	0.000147098440195937	0.982081392989359
rs11066422	-77.2	0.304	CG/GA	1	0.000199	NA	NA	NA
rs2338097	-76.7	0.322	CG/GT	1	6.84e-05	NA	NA	NA
rs7952909	-75.8	0.304	CA/GT	1	0.000232	NA	NA	NA
rs7972346	-75.6	0.322	CG/GC	1	7.22e-05	NA	NA	NA
rs12231326	-75.5	0.614	CG/GC	1	2.26e-06	0	1.06288273962989e-05	0.999893910673427
rs10850086	-74.3	0.614	CA/GG	1	2.33e-06	0	1.03220319469323e-05	0.999914554737321
rs11066440	-70.9	0.526	CC/GA	1	1.6e-07	1	0.000136415870845215	0.98390724256275
rs6606703	-70.7	0.322	CT/GC	1	6.38e-05	NA	NA	NA
rs7980223	-70.7	0.611	CC/GT	1	2.33e-06	0	1.03220319469323e-05	0.999904232705374
rs6606704	-70.3	0.322	CC/GT	1	7.27e-05	NA	NA	NA
rs983307	-69.3	0.304	CG/GT	1	0.000215	NA	NA	NA
rs73190700	-67.7	0.226	CA/GG	1	0.000125	NA	NA	NA
rs10850090	-67.3	0.523	CG/GA	1	1.61e-07	1	0.000135596463835486	0.984314851361267
rs11066446	-67.1	0.523	CG/GC	1	1.57e-07	1	0.000138935742636596	0.983359090416832
rs55702807	-66	0.614	CC/GT	1	2.11e-06	0	1.13534697426776e-05	0.999849973576484
rs7307504	-65.4	0.614	CC/GT	1	2.18e-06	0	1.10031201297286e-05	0.999872278725901
rs1988002	-65	0.611	CG/GA	1	2.18e-06	0	1.10031201297286e-05	0.999883281846031
rs1988001	-64.9	0.523	CT/GA	1	1.69e-07	1	0.000129385097512404	0.986155071093862
rs1119271	-64.6	0.322	CT/GA	1	7.78e-05	NA	NA	NA
rs1004627	-63.5	0.521	CC/GT	1	2.07e-07	0	0.000106350203797658	0.995392421157686
rs1550206	-63.5	0.322	CG/GA	1	8.71e-05	NA	NA	NA
rs10850110	-59.6	0.332	CA/GG	1	0.00551	NA	NA	NA
rs759971	-58.3	0.32	CT/GA	1	7.48e-05	NA	NA	NA
rs11611277	-57.7	0.338	CA/GC	1	0.00648	NA	NA	NA
rs34201785	-57.2	0.614	CT/GC	1	2.05e-06	0	1.16724558543839e-05	0.999838620106742
rs11066471	-56.3	0.614	CC/GT	1	1.99e-06	0	1.20103177635717e-05	0.999826947650887
rs12821085	-56	0.614	CC/GT	1	2.12e-06	0	1.13020292872297e-05	0.999861275605772
rs6606705	-54.2	0.32	CT/GG	1	4.33e-05	NA	NA	NA
rs6606706	-54.2	0.32	CT/GC	1	4.05e-05	NA	NA	NA
rs6606707	-54.1	0.32	CG/GT	1	6.3e-05	NA	NA	NA
rs7298292	-54	0.614	CG/GA	1	1.86e-06	0	1.28157009621284e-05	0.999814937333124
rs7976839	-53.8	0.32	CA/GC	1	6.82e-05	NA	NA	NA
rs7958220	-53.4	0.406	CC/GT	1	6.91e-08	1	0.000307454551769976	0.980600688073883
rs7138357	-52.1	0.302	CG/GA	1	0.00017	NA	NA	NA
rs7300290	-51.8	0.406	CG/GT	1	5.72e-08	1	0.000369237884368559	0.97929878897998
rs12579285	-51.7	0.406	CC/GT	1	6.23e-08	1	0.000339911572748528	0.979638700552729
rs6606708	-51.2	0.302	CC/GT	1	0.000167	NA	NA	NA
rs35697139	-50.6	0.32	CC/GG	1	5.49e-05	NA	NA	NA
rs2075433	-50.4	0.302	CG/GA	1	0.000177	NA	NA	NA
rs11611358	-48.8	0.614	CG/GA	1	1.76e-06	0	1.35146395461607e-05	0.999802121632162
rs7957928	-48.4	0.302	CC/GG	1	0.000278	NA	NA	NA
rs7978210	-48.4	0.32	CC/GT	1	7.75e-05	NA	NA	NA
rs7958071	-48.3	0.302	CA/GG	1	0.000275	NA	NA	NA
rs7974872	-48.2	0.614	CG/GA	1	2.58e-06	0	9.35992580158693e-06	0.99993356190764
rs10850130	-47.9	0.32	CC/GA	1	7.5e-05	NA	NA	NA
rs4766468	-47.8	0.614	CG/GC	1	2.5e-06	0	9.64724451709277e-06	0.999924201981838
rs4766469	-47.5	0.32	CG/GC	1	7.96e-05	NA	NA	NA
rs4766470	-47.5	0.614	CT/GC	1	2.72e-06	0	8.89706846289407e-06	0.999942458976103
rs10850131	-47.3	0.32	CT/GC	1	7.65e-05	NA	NA	NA
rs11610131	-46.7	0.614	CA/GG	1	2.78e-06	0	8.7127161282345e-06	0.999951171692231
rs12581071	-46.4	0.614	CC/GT	1	2.89e-06	0	8.3942607808106e-06	0.999959565953012
rs73192598	-45.1	0.223	CT/GA	1	0.00043	NA	NA	NA
rs11066498	-44	0.32	CG/GA	1	7.93e-05	NA	NA	NA
rs9943699	-43.5	0.406	CC/GG	1	7.29e-08	1	0.000291918069575807	0.980892606143459
rs9943753	-43.4	0.165	CG/GA	1	0.00168	NA	NA	NA
rs11066503	-41.9	0.324	CG/GA	1	0.000103	NA	NA	NA
rs4766594	-41.8	0.619	CA/GG	1	4.33e-06	0	5.69670044813504e-06	0.999999050668302
rs12830533	-41.3	0.619	CC/GG	1	4.17e-06	0	5.90597940427274e-06	0.999993353967854
rs12811377	-41.2	0.619	CG/GA	1	3.82e-06	0	6.42364710334753e-06	0.999981119588687
rs7965056	-41.1	0.306	CA/GG	1	0.000379	NA	NA	NA
rs9888353	-40.8	0.324	CA/GG	1	0.000107	NA	NA	NA
rs11066505	-39.9	0.325	CG/GA	1	0.000105	NA	NA	NA
rs12425103	-39.7	0.619	CT/GC	1	3.88e-06	0	6.32839976331258e-06	0.99998744798845
rs12582083	-37.8	0.619	CG/GA	1	3.56e-06	0	6.87274556626985e-06	0.999974695941583
rs6606709	-37.7	0.324	CC/GA	1	9.51e-05	NA	NA	NA
rs4766595	-37.4	0.324	CT/GA	1	1e-04	NA	NA	NA
rs1469944	-36.8	0.619	CT/GA	1	2.94e-06	0	8.257243005085e-06	0.999967823196017
rs7967632	-36.4	0.324	CG/GC	1	9.35e-05	NA	NA	NA
rs7315991	-35.8	0.34	CC/GT	1	0.000281	NA	NA	NA
rs6606711	-35.1	0.562	CG/GA	1	2.15e-08	1	0.000953842438515959	0.975722074042916
rs2196612	-34.8	0.565	CG/GA	1	2.84e-08	1	0.000728048063022498	0.977185710836678
rs7316486	-34.8	0.561	CG/GA	1	3.47e-08	1	0.000599445302815905	0.978441563480329
rs6606712	-32.9	0.401	CG/GA	1	6.9e-05	0	4.07573925562419e-07	0.999999458242228
rs11066522	-32.9	0.693	CG/GC	1	8.59e-09	1	0.00232575875750628	0.972955429912394
rs11066523	-32.5	0.693	CT/GC	1	4.64e-09	1	0.00423378182612795	0.938091066646729
rs1812103	-32.2	0.693	CT/GC	1	5.36e-09	1	0.00367936330215266	0.957955500184933
rs930356	-32	0.693	CC/GT	1	6.01e-09	1	0.00329165264435403	0.964701036407357
rs4766598	-31.1	0.924	CG/GA	1	2.91e-09	1	0.0066676149953613	0.878675838443533
rs73194218	-31	0.243	CG/GA	1	0.0157	NA	NA	NA
rs4766471	-30.9	0.924	CA/GG	1	3.17e-09	1	0.00613453841683163	0.903766774729226
rs4766472	-30.8	0.924	CG/GC	1	3.14e-09	1	0.00619159675023536	0.897632236312395
rs60945232	-30	0.924	CG/GA	1	3.11e-09	1	0.00624974202131406	0.891440639562159
rs11066526	-29.9	0.693	CC/GG	1	4.97e-09	1	0.00395998811058776	0.950362117434587
rs61934479	-29.3	0.924	CG/GA	1	2.47e-09	1	0.00782178157227549	0.843223573841593
rs68094047	-29.2	0.924	CT/GC	1	2.11e-09	1	0.00911898668664948	0.784990743817592
rs12581635	-29	0.693	CA/GG	1	2.85e-09	1	0.0068042660203736	0.872008223448172
rs12581637	-28.9	0.924	CA/GG	1	2.05e-09	1	0.00937890007439148	0.775871757130943
rs7978201	-28.6	0.929	CT/GC	1	2.13e-09	1	0.00903556369395972	0.794026307511552
rs12582256	-27.8	0.925	CA/GG	1	1.82e-09	1	0.0105318776091152	0.766492857056551
rs55829213	-27.2	0.247	CA/GG	1	0.00964	NA	NA	NA
rs4766599	-26.8	0.254	CG/GC	1	0.616	NA	NA	NA
rs2217972	-26.8	0.925	CT/GC	1	1.39e-09	1	0.0136956400350502	0.731317857935334
rs2217971	-26.7	0.925	CC/GG	1	1.46e-09	1	0.0130552302439711	0.744373088179305
rs1866066	-26.1	0.386	CT/GA	1	4.17e-05	NA	NA	NA
rs2075440	-25.3	0.386	CG/GA	1	4.09e-05	NA	NA	NA
rs2075439	-25	0.698	CG/GA	1	2.39e-09	1	0.00807667989332453	0.819505144142772
rs10774690	-24.7	0.698	CA/GG	1	2.46e-09	1	0.00785274829661171	0.835401792269318
rs10774691	-24.5	0.698	CT/GC	1	2.26e-09	1	0.00852888142035717	0.811428464249447
rs9668180	-23.8	0.386	CG/GT	1	4.07e-05	NA	NA	NA
rs9669684	-23.7	0.698	CT/GC	1	2.49e-09	1	0.00776058516650709	0.8509841590081
rs9668192	-23.5	0.386	CA/GT	1	3.51e-05	NA	NA	NA
rs10850134	-22.9	0.698	CC/GG	1	2.68e-09	1	0.00722423960803155	0.858208398616132
rs7953142	-22.2	0.698	CT/GC	1	2.77e-09	1	0.00699555881166675	0.865203957427798
rs10774692	-22	0.692	CT/GG	1	2.98e-09	1	0.00651505909731182	0.885190897540845
rs7970482	-22	0.686	CA/GG	1	2.17e-09	1	0.00887327531753828	0.80289958282909
rs71456692	-21.1	0.264	CT/GC	1	1.53e-06	NA	NA	NA
rs7137190	-18.3	0.383	CC/GG	1	4.58e-05	NA	NA	NA
rs10850135	-17.8	0.692	CA/GC	1	3.22e-09	1	0.00604177475456032	0.909808549483787
rs12424599	-17.8	0.934	CG/GA	1	2.4e-09	1	0.00804389982993388	0.827549043972706
rs10774695	-16.3	0.692	CA/GG	1	1.21e-09	1	0.0156781157784634	0.703111938254942
rs7958625	-15.1	0.692	CT/GA	1	1.14e-09	1	0.0166159555671108	0.687433822476478
rs12817055	-14.3	0.929	CT/GC	1	8.22e-10	1	0.0228575495140748	0.670817866909367
rs11611370	-14.1	0.692	CA/GG	1	1.31e-09	1	0.0145102796453421	0.717622217900284
rs7308864	-13.2	0.275	CG/GA	1	1.77e-05	NA	NA	NA
rs7313056	-12.9	0.365	CC/GT	1	7.2e-06	NA	NA	NA
rs2164744	-12.3	0.503	CC/GT	1	6.23e-09	1	0.00317853113443782	0.967879567541795
rs7972069	-12.2	0.503	CT/GC	1	5.72e-09	1	0.00345388357806937	0.961409383763003
rs6606717	-11.1	0.276	CC/GA	1	1.36e-05	NA	NA	NA
rs73194247	-11.1	0.25	CC/GT	1	0.00584	NA	NA	NA
rs2075432	-10.1	0.365	CG/GA	1	6.45e-06	NA	NA	NA
rs2075431	-9.75	0.501	CT/GC	1	5.03e-09	1	0.00391401944819399	0.954276136882781
rs10850137	-9.57	0.655	CG/GC	1	7.23e-09	1	0.00275010361309325	0.970629671154888
rs2164743	-9.2	0.503	CT/GC	1	4.58e-09	1	0.00428774580948991	0.933857284820602
rs10774696	-8.61	0.503	CT/GC	1	4.19e-09	1	0.00467567444101066	0.924915483991488
rs10850139	-8.43	0.503	CC/GA	1	4.7e-09	1	0.00418117834407278	0.942272244990802
rs10774697	-8.39	0.503	CG/GA	1	4.76e-09	1	0.00412988433319672	0.946402129323999
rs10850141	-8.24	0.655	CT/GC	1	1.11e-08	1	0.0018128016920055	0.9747682316044
rs7956194	-6.54	0.505	CA/GG	1	4.21e-09	1	0.00465405501962346	0.929569539011112
rs7973253	-6.25	0.505	CG/GA	1	3.75e-09	1	0.00520885174043606	0.920239809550478
rs11608355	-5.08	0.692	CC/GT	1	2.41e-10	1	0.0757050481883843	0.44559562541319
rs7132057	-4.09	0.692	CC/GA	1	3.73e-10	1	0.0494187434227968	0.607515579429876
rs11066591	-3.84	0.692	CA/GG	1	3.49e-10	1	0.0527339611464364	0.558096836007079
rs35393419	-2.56	0.934	CT/GC	1	3.07e-10	1	0.0597672494474524	0.505362874860643
rs3742021	-1.25	0.645	CC/GT	1	1.37e-10	1	0.131457549352775	0.292937771484697
rs3742020	-1.11	0.692	CC/GT	1	4.58e-10	1	0.0404447379654166	0.647960317395293
rs3825393	-0.993	0.182	CC/GT	1	0.00378	NA	NA	NA
rs7969719	-0.79	0.695	CT/GC	1	2.37e-10	1	0.0769528057401092	0.369890577224806
rs888190	1.01	0.325	CA/GG	1	5.97e-05	NA	NA	NA
rs12821585	1.99	0.261	CC/GT	1	4.78e-07	NA	NA	NA
rs6663	2.24	0.359	CA/GG	1	1.7e-06	NA	NA	NA
rs73194266	3.16	0.254	CT/GC	1	0.00865	NA	NA	NA
rs73194269	4.12	0.257	CG/GA	1	0.00942	NA	NA	NA
rs1477117	4.41	0.574	CA/GG	1	4.85e-07	0	4.67453783308559e-05	0.999533908029599
rs4766601	5.71	0.356	CC/GG	1	2.76e-06	NA	NA	NA
rs9943689	5.97	0.314	CA/GG	1	6.95e-07	NA	NA	NA
rs73194272	6.28	0.226	CC/GT	1	0.0204	NA	NA	NA
rs12833054	6.59	0.553	CA/GG	1	9.6e-07	0	2.42105910140081e-05	0.999708992736248
rs12578648	7.38	0.545	CG/GA	1	1.68e-06	0	1.41325694841606e-05	0.999774790444442
rs6606721	7.63	0.579	CA/GG	1	1.87e-07	0	0.000117324978588601	0.991305252241788
rs4766603	7.74	0.579	CC/GT	1	2.16e-07	0	0.000102064873300731	0.996119985838477
rs4766604	7.81	0.579	CC/GT	1	2.03e-07	0	0.000108374802529435	0.995178718172328
rs35018715	8.77	0.579	CC/GT	1	2.14e-07	0	0.000102986503567825	0.996017920965176
rs10774708	8.79	0.275	CG/GA	1	7.57e-07	NA	NA	NA
rs35590455	9.15	0.579	CG/GA	1	1.88e-07	0	0.000116721672526683	0.99200618558301
rs2302709	9.33	0.579	CG/GA	1	1.88e-07	0	0.000116721672526683	0.991539298892903
rs2302708	9.36	0.579	CC/GA	1	1.78e-07	1	0.000123054870370783	0.988303071430266
rs2302707	9.43	0.579	CA/GG	1	1.78e-07	1	0.000123054870370783	0.988180016559895
rs2302706	9.66	0.579	CG/GA	1	1.88e-07	0	0.000116721672526683	0.992239628928064
rs11615949	9.98	0.579	CA/GG	1	1.78e-07	1	0.000123054870370783	0.988426126300636
rs11610840	10	0.579	CC/GT	1	1.8e-07	1	0.000121732819251967	0.989159167318386
rs1073779	10.4	0.579	CT/GC	1	1.78e-07	1	0.000123054870370783	0.988672236041378
rs115893703	10.4	0.257	CG/GA	1	0.0137	NA	NA	NA
rs1073780	10.8	0.574	CC/GT	1	2.19e-07	0	0.000100713501193801	0.996220699339671
rs2338104	10.8	0.276	CG/GC	1	6.27e-07	NA	NA	NA
rs4766605	11.3	0.579	CA/GC	1	1.61e-07	1	0.000135596463835486	0.984179254897431
rs11609019	11.6	0.579	CA/GG	1	1.78e-07	1	0.000123054870370783	0.988549181171007
rs12822891	11.6	0.579	CG/GA	1	1.8e-07	1	0.000121732819251967	0.989037434499134
rs7313797	11.8	0.39	CC/GT	1	1.82e-09	NA	NA	NA
rs12819142	11.9	0.574	CT/GG	1	2.19e-07	0	0.000100713501193801	0.996422126342059
rs12823587	12	0.579	CG/GA	1	1.8e-07	1	0.000121732819251967	0.98940263295689
rs11612500	12.8	0.579	CC/GT	1	1.8e-07	1	0.000121732819251967	0.989280900137638
rs11613021	13.6	0.579	CG/GT	1	1.8e-07	1	0.000121732819251967	0.98879396886063
rs11613023	13.7	0.579	CC/GT	1	1.8e-07	1	0.000121732819251967	0.989524365776142
rs2302705	14.3	0.579	CT/GC	1	1.93e-07	0	0.000113797487891165	0.99362675921711
rs1558804	14.4	0.39	CG/GA	1	1.96e-09	NA	NA	NA
rs2302704	14.4	0.579	CG/GA	1	1.82e-07	1	0.000120439378119311	0.989644805154261
rs2302703	14.5	0.579	CA/GG	1	1.8e-07	1	0.000121732819251967	0.988915701679882
rs4766473	16.2	0.579	CT/GC	1	1.88e-07	0	0.000116721672526683	0.99235635060059
rs34737994	17.3	0.579	CT/GC	1	1.86e-07	0	0.000117934670359171	0.990717407965304
rs34038572	17.3	0.579	CG/GA	1	1.88e-07	0	0.000116721672526683	0.992122907255537
rs12818120	17.5	0.579	CT/GC	1	1.88e-07	0	0.000116721672526683	0.992589793945644
rs12818537	17.8	0.579	CT/GC	1	1.88e-07	0	0.000116721672526683	0.992823237290697
rs56144717	17.9	0.579	CC/GT	1	2.36e-07	0	9.36950208693228e-05	0.997674451562087
rs55902232	17.9	0.579	CA/GG	1	1.88e-07	0	0.000116721672526683	0.991889463910483
rs9943724	18.5	0.573	CA/GG	1	1.88e-07	0	0.000116721672526683	0.99165602056543
rs12831026	19.3	0.579	CT/GC	1	1.88e-07	0	0.000116721672526683	0.992473072273117
rs7136048	19.6	0.579	CG/GA	1	1.88e-07	0	0.000116721672526683	0.99270651561817
rs918107	19.8	0.579	CC/GT	1	1.82e-07	1	0.000120439378119311	0.98976524453238
rs918106	20	0.276	CT/GC	1	7.68e-07	NA	NA	NA
rs11066737	20.4	0.579	CA/GG	1	1.94e-07	0	0.000113230460273371	0.993739989677384
rs6606723	20.7	0.579	CG/GC	1	1.84e-07	0	0.000119173623248708	0.990124024347765
rs6606724	20.8	0.579	CC/GT	1	1.84e-07	0	0.000119173623248708	0.990243197971014
rs61941585	20.9	0.574	CT/GC	1	2.33e-07	0	9.48603096085166e-05	0.997486287928669
rs6606725	21	0.39	CA/GC	1	2.55e-09	NA	NA	NA
rs56209061	21.3	0.254	CA/GG	1	0.0126	NA	NA	NA
rs9943764	21.4	0.579	CA/GG	1	1.92e-07	0	0.00011437032951322	0.993399164241328
rs7316375	22.6	0.579	CC/GG	1	1.9e-07	0	0.00011553381822919	0.99305489576075
rs7969313	22.9	0.579	CG/GA	1	2.11e-07	0	0.000104401188231507	0.995707079566752
rs12819658	23.3	0.579	CT/GA	1	1.95e-07	0	0.000112669158107877	0.994191227611981
rs4766474	23.7	0.579	CC/GG	1	1.86e-07	0	0.000117934670359171	0.990953277306022
rs4766475	24	0.579	CA/GG	1	1.86e-07	0	0.000117934670359171	0.990835342635663
rs7315846	24.2	0.579	CC/GT	1	1.93e-07	0	0.000113797487891165	0.993512961729219
rs7139106	24.3	0.579	CA/GG	1	1.95e-07	0	0.000112669158107877	0.993965889295765
rs2058804	24.6	0.276	CG/GA	1	8.07e-07	NA	NA	NA
rs12822974	24.8	0.579	CT/GG	1	2.01e-07	0	0.000109416841147667	0.99452325916406
rs11066782	26.2	0.579	CT/GC	1	2.01e-07	0	0.000109416841147667	0.994960926528651
rs35422737	27.1	0.579	CG/GA	1	1.87e-07	0	0.000117324978588601	0.991422577220377
rs36094325	27.2	0.579	CT/GA	1	2.01e-07	0	0.000109416841147667	0.994632676005208
rs34538615	27.5	0.579	CC/GA	1	2.01e-07	0	0.000109416841147667	0.995070343369799
rs33997929	27.7	0.579	CT/GC	1	2.01e-07	0	0.000109416841147667	0.994742092846356
rs11613718	28	0.579	CT/GC	1	2.11e-07	0	0.000104401188231507	0.99560267837852
rs11615336	30.4	0.579	CA/GC	1	1.95e-07	0	0.000112669158107877	0.994078558453873
rs1045582	31.4	0.574	CT/GG	1	1.64e-07	1	0.000133197287798737	0.984448048649065
rs142936386	32.1	0.261	CA/GT	1	0.0124	NA	NA	NA
rs11609921	34	0.574	CG/GA	1	1.64e-07	1	0.000133197287798737	0.984714443224663
rs61941591	35.6	0.574	CC/GA	1	1.88e-07	0	0.000116721672526683	0.991772742237957
rs1543896	35.7	0.27	CT/GG	1	9.95e-07	NA	NA	NA
rs12822282	38.8	0.574	CA/GG	1	1.7e-07	1	0.000128649158829883	0.986541018570352
rs12826754	38.9	0.574	CG/GA	1	1.74e-07	1	0.000125788708197887	0.987683054981231
rs12579916	40.2	0.574	CG/GT	1	1.75e-07	1	0.000125093714551289	0.987808148695783
rs2241215	41.1	0.27	CG/GA	1	1.16e-06	NA	NA	NA
rs11610558	41.5	0.574	CT/GC	1	1.87e-07	0	0.000117324978588601	0.9911879272632
rs7976796	43.6	0.574	CT/GC	1	1.87e-07	0	0.000117324978588601	0.991070602284611
rs61941592	46.1	0.574	CA/GG	1	2.08e-07	0	0.000105856032602446	0.995498277190288
rs7311488	46.5	0.574	CG/GC	1	1.89e-07	0	0.000116124651824224	0.992939361942521
rs2287192	47.2	0.574	CA/GG	1	1.85e-07	0	0.000118550850341085	0.990599473294945
rs11614551	47.3	0.574	CA/GG	1	1.85e-07	0	0.000118550850341085	0.990480922444604
rs2287191	47.4	0.574	CT/GC	1	1.91e-07	0	0.000114949075532115	0.993169844836282
rs73196271	49.6	0.261	CG/GC	1	0.0129	NA	NA	NA
rs74978040	50	0.101	CA/GG	1	0.183	NA	NA	NA
rs4766606	50	0.574	CG/GC	1	1.73e-07	1	0.000126491611291902	0.987178494342252
rs4766476	50.3	0.574	CG/GA	1	1.71e-07	1	0.000127921695243014	0.986925511119668
rs61941631	51.1	0.574	CT/GC	1	1.73e-07	1	0.000126491611291902	0.987431477564836
rs2270361	51.5	0.574	CC/GG	1	1.73e-07	1	0.000126491611291902	0.987304985953544
rs56244055	51.8	0.574	CA/GG	1	1.73e-07	1	0.000126491611291902	0.98705200273096
rs11611011	52.6	0.574	CT/GC	1	1.71e-07	1	0.000127921695243014	0.986797589424425
rs7298565	53.2	0.27	CA/GG	1	9.29e-07	NA	NA	NA
rs7311187	53.5	0.27	CT/GC	1	8.1e-07	NA	NA	NA
rs55735873	54.3	0.261	CT/GC	1	0.0142	NA	NA	NA
rs2241213	54.5	0.27	CG/GA	1	7.57e-07	NA	NA	NA
rs7955932	56.9	0.574	CA/GG	1	1.83e-07	1	0.000119803096068151	0.990004850724517
rs6606727	57.1	0.574	CA/GT	1	1.76e-07	1	0.000124406496870668	0.987932555192653
rs6606728	57.1	0.574	CT/GC	1	1.83e-07	1	0.000119803096068151	0.989885047628448
rs11611012	60.8	0.527	CA/GG	1	4.29e-08	1	0.000487987615282587	0.978929551095612
rs7310945	61.6	0.574	CA/GG	1	1.76e-07	1	0.000124406496870668	0.988056961689524
rs7971160	62.4	0.574	CA/GT	1	1.65e-07	1	0.000132416653561266	0.985112473819584
rs34662493	62.8	0.268	CG/GA	1	1.06e-07	NA	NA	NA
rs3815575	63.5	0.287	CT/GC	1	0.000983	NA	NA	NA
rs3742018	64.8	0.574	CT/GC	1	1.67e-07	1	0.00013088300298473	0.98537577347613
rs2241210	65.8	0.27	CG/GA	1	8.02e-07	NA	NA	NA
rs7965599	69	0.561	CT/GC	1	1.51e-07	1	0.000144271097115237	0.982369935183589
rs2879107	69	0.27	CG/GA	1	7.99e-07	NA	NA	NA
rs11067030	71	0.561	CT/GC	1	1.74e-07	1	0.000125788708197887	0.987557266273033
rs7956788	76.6	0.27	CC/GT	1	7.43e-07	NA	NA	NA
rs73196285	77	0.261	CT/GC	1	0.011	NA	NA	NA
rs2241208	78.4	0.28	CC/GG	1	6.53e-07	NA	NA	NA
rs7139198	79.7	0.561	CT/GC	1	1.54e-07	1	0.000141552251113814	0.982937933421758
rs11609871	80.6	0.561	CG/GC	1	1.59e-07	1	0.000137245425024484	0.983770826691905
rs10744826	81.1	0.27	CG/GC	1	6.63e-07	NA	NA	NA
rs11610418	81.5	0.561	CT/GC	1	1.51e-07	1	0.000144271097115237	0.982225664086474
rs2241206	84.5	0.557	CC/GT	1	1.91e-07	0	0.000114949075532115	0.993284793911815
rs2241205	84.5	0.275	CA/GG	1	0.00101	NA	NA	NA
rs2287184	85.9	0.574	CC/GT	1	1.6e-07	1	0.000136415870845215	0.984043658433596
rs4766608	86.8	0.561	CT/GC	1	1.67e-07	1	0.00013088300298473	0.985506656479115
rs2241204	87.7	0.574	CA/GG	1	1.65e-07	1	0.000132416653561266	0.984980057166023
rs2058807	88.9	0.27	CC/GT	1	6.42e-07	NA	NA	NA
rs4766609	88.9	0.574	CG/GA	1	1.68e-07	1	0.000130129661105237	0.98563678614022
rs1045255	89.6	0.27	CC/GG	1	6.17e-07	NA	NA	NA
rs1045256	89.6	0.561	CA/GG	1	1.59e-07	1	0.000137245425024484	0.983633581266881
rs14863	89.8	0.561	CT/GC	1	1.54e-07	1	0.000141552251113814	0.982796381170644
rs1045263	89.8	0.574	CG/GA	1	1.59e-07	1	0.000137245425024484	0.983496335841856
rs1617	89.9	0.57	CA/GG	1	1.95e-07	0	0.000112669158107877	0.994303896770088
rs1001382	90.6	0.27	CC/GT	1	6.17e-07	NA	NA	NA
rs1543897	90.8	0.27	CT/GA	1	6.03e-07	NA	NA	NA
rs2004359	92.5	0.27	CT/GG	1	6.56e-07	NA	NA	NA
rs2004358	92.7	0.561	CA/GC	1	1.65e-07	1	0.000132416653561266	0.985244890473145
rs34785014	93	0.557	CT/GC	1	2.31e-07	0	9.56537161618818e-05	0.997296172289153
rs7979816	93	0.561	CA/GG	1	1.53e-07	1	0.000142446867970652	0.98251238205156
rs7954512	93.2	0.561	CA/GG	1	1.64e-07	1	0.000133197287798737	0.984847640512461
rs7965773	93.2	0.561	CT/GC	1	1.64e-07	1	0.000133197287798737	0.984581245936864
rs7954766	93.4	0.556	CC/GG	1	1.54e-07	1	0.000141552251113814	0.983079485672872
rs12821045	94.8	0.561	CA/GG	1	1.7e-07	1	0.000128649158829883	0.986669667729182
rs12831657	94.9	0.514	CC/GT	1	2.81e-08	1	0.000735588730740312	0.976457662773656
rs7956536	96.1	0.27	CT/GC	1	6.42e-07	NA	NA	NA
rs7956557	96.2	0.561	CT/GC	1	1.69e-07	1	0.000129385097512404	0.98602568599635
rs729784	96.9	0.561	CT/GG	1	1.69e-07	1	0.000129385097512404	0.985896300898838
rs731178	97.3	0.27	CT/GC	1	6.79e-07	NA	NA	NA
rs6606731	98.2	0.509	CA/GT	1	5.59e-07	0	4.0763499081219e-05	0.99957467152868
rs55979482	98.6	0.261	CT/GC	1	0.0132	NA	NA	NA
rs11612538	98.8	0.104	CA/GG	1	0.196	NA	NA	NA
rs6606732	100	0.272	CA/GG	1	6.61e-07	NA	NA	NA
rs888194	103	0.384	CG/GC	1	2.17e-09	NA	NA	NA
rs1075467	103	0.272	CA/GG	1	7.6e-07	NA	NA	NA
rs117273061	103	0.199	CG/GA	1	0.597	NA	NA	NA
rs4766477	103	0.557	CG/GA	1	2.28e-07	0	9.68695089773135e-05	0.99691194333462
rs4766611	103	0.272	CG/GA	1	7.99e-07	NA	NA	NA
rs12828090	104	0.55	CC/GG	1	1.84e-07	0	0.000119173623248708	0.990362371594263
rs76118041	104	0.546	CA/GG	1	2.38e-07	0	9.29342273018455e-05	0.997954775831127
rs7304862	105	0.272	CG/GT	1	8.34e-07	NA	NA	NA
rs12321904	105	0.289	CT/GG	1	6.71e-07	NA	NA	NA
rs7974321	106	0.501	CC/GT	1	6.89e-07	0	3.33232726344264e-05	0.999607994801315
rs10850358	107	0.272	CG/GA	1	9.28e-07	NA	NA	NA
rs12817689	108	0.561	CG/GA	1	2.13e-07	0	0.00010345370662563	0.995914934461609
rs2241201	108	0.277	CG/GC	1	0.00148	NA	NA	NA
rs35145546	108	0.561	CG/GC	1	2.44e-07	0	9.07255194957597e-05	0.99850459204972
rs34921355	109	0.544	CT/GC	1	2.05e-07	0	0.000107352781560356	0.995286070953888
rs11067231	109	0.267	CA/GC	1	7.93e-07	NA	NA	NA
rs877710	110	0.267	CG/GC	1	8.71e-07	NA	NA	NA
rs9593	111	0.267	CT/GA	1	9.98e-07	NA	NA	NA
rs888192	111	0.267	CG/GA	1	9.51e-07	NA	NA	NA
rs12828717	111	0.497	CT/GC	1	3.16e-08	1	0.000656407340834721	0.977842118177513
rs2058806	112	0.267	CA/GC	1	1.06e-06	NA	NA	NA
rs35072126	112	0.544	CA/GG	1	2.31e-07	0	9.56537161618818e-05	0.997200518572992
rs2287182	113	0.242	CT/GC	1	0.596	NA	NA	NA
rs7964021	113	0.267	CC/GG	1	1.48e-06	NA	NA	NA
rs12580090	113	0.539	CT/GC	1	2.4e-07	0	9.218591511418e-05	0.998139147661356
rs7953014	114	0.267	CG/GA	1	1.18e-06	NA	NA	NA
rs2058805	114	0.267	CC/GT	1	1.25e-06	NA	NA	NA
rs11610545	115	0.539	CA/GG	1	2.22e-07	0	9.93980867002532e-05	0.996620922515459
rs2287181	115	0.539	CA/GG	1	2.22e-07	0	9.93980867002532e-05	0.996521524428759
rs2287180	115	0.539	CA/GG	1	2.32e-07	0	9.52553299076257e-05	0.997391427619061
rs7134594	116	0.267	CT/GC	1	1.27e-06	NA	NA	NA
rs61940468	116	0.473	CT/GC	1	2.29e-07	0	9.64607611046885e-05	0.99710486485683
rs12578365	116	0.539	CA/GG	1	2.34e-07	0	9.44686125479535e-05	0.997580756541217
rs736344	117	0.267	CG/GA	1	1.48e-06	NA	NA	NA
rs34899324	117	0.539	CA/GG	1	2.49e-07	0	8.89649828856777e-05	0.998682522015491
rs7970557	118	0.539	CT/GC	1	3.11e-07	0	7.1773416898508e-05	0.999487162651268
rs10850379	118	0.404	CT/GC	1	3.74e-09	1	0.00522240832625495	0.915030957810042
rs10850380	118	0.267	CG/GA	1	2.09e-06	NA	NA	NA
rs7301541	119	0.539	CA/GG	1	3.03e-07	0	7.36023032522498e-05	0.99941538923437
rs874171	120	0.535	CT/GC	1	2.99e-07	0	7.45528481406218e-05	0.999341786931117
rs874170	121	0.267	CT/GC	1	2.17e-06	NA	NA	NA
rs12830693	122	0.535	CT/GG	1	2.89e-07	0	7.70424365853585e-05	0.999191207547532
rs11614986	124	0.539	CG/GA	1	2.55e-07	0	8.6942061821255e-05	0.998945011625505
rs4499061	125	0.539	CT/GG	1	2.52e-07	0	8.79416718871988e-05	0.998770463687378
rs2111216	126	0.2	CG/GA	1	0.00118	NA	NA	NA
rs12314392	126	0.379	CG/GA	1	6.5e-09	NA	NA	NA
rs6606734	129	0.267	CG/GT	1	1.7e-06	NA	NA	NA
rs4766612	130	0.535	CA/GG	1	2.53e-07	0	8.76058763055215e-05	0.998858069563684
rs66499479	131	0.172	CT/GA	1	3.26e-06	NA	NA	NA
rs7954144	132	0.267	CG/GA	1	1.9e-06	NA	NA	NA
rs4766613	132	0.539	CA/GG	1	2.36e-07	0	9.36950208693228e-05	0.997768146582956
rs10774779	133	0.104	CA/GT	1	2.95e-05	NA	NA	NA
rs3742015	133	0.378	CC/GT	1	6.08e-09	NA	NA	NA
rs61940514	135	0.539	CT/GC	1	2.11e-07	0	0.000104401188231507	0.995811480754983
rs2287218	135	0.539	CT/GC	1	2.36e-07	0	9.36950208693228e-05	0.997861841603825
rs3782899	136	0.539	CA/GG	1	1.94e-07	0	0.000113230460273371	0.993853220137657
rs11615637	139	0.539	CA/GG	1	2.41e-07	0	9.18163434128647e-05	0.998322780348181
rs2270375	140	0.293	CG/GA	1	0.000917	NA	NA	NA
rs11067359	141	0.301	CA/GG	1	6.39e-06	NA	NA	NA
rs3782898	141	0.539	CC/GG	1	2.49e-07	0	8.89649828856777e-05	0.998593557032605
rs3782894	142	0.266	CT/GG	1	2.26e-06	NA	NA	NA
rs11609445	143	0.539	CA/GG	1	2.41e-07	0	9.18163434128647e-05	0.998230964004769
rs11611484	143	0.539	CT/GC	1	2.68e-07	0	8.2865068885734e-05	0.999114165110947
rs11067376	143	0.528	CG/GA	1	1.65e-09	1	0.0115878912681311	0.755960979447436
rs35191208	145	0.539	CT/GC	1	2.28e-07	0	9.68695089773135e-05	0.996815073825643
rs2270374	145	0.529	CA/GG	1	2.93e-07	0	7.60265354445164e-05	0.999267234082977
rs17183465	145	0.539	CA/GT	1	2.4e-07	0	9.218591511418e-05	0.998046961746241
rs3742014	149	0.505	CT/GC	1	2.29e-07	0	9.64607611046885e-05	0.997008404095725
rs10850435	149	0.283	CC/GG	1	2.81e-06	NA	NA	NA
rs66513915	151	0.539	CT/GA	1	2.19e-07	0	0.000100713501193801	0.996321412840865
rs61940517	151	0.539	CT/GC	1	2.27e-07	0	9.72818012065086e-05	0.996718204316666
rs4766479	151	0.535	CT/GC	1	1.7e-07	1	0.000128649158829883	0.986283720252692
rs4766480	151	0.535	CG/GC	1	1.7e-07	1	0.000128649158829883	0.986412369411522
rs34866786	153	0.289	CT/GC	1	0.000753	NA	NA	NA
rs35092346	153	0.289	CA/GG	1	0.000772	NA	NA	NA
rs9888325	153	0.269	CT/GG	1	1.29e-06	NA	NA	NA
rs17670606	153	0.289	CA/GG	1	0.000675	NA	NA	NA
rs11612666	153	0.289	CG/GT	1	0.000713	NA	NA	NA
rs11609850	154	0.53	CA/GG	1	1.53e-07	1	0.000142446867970652	0.982654828919531
rs11609896	154	0.269	CA/GG	1	1.2e-06	NA	NA	NA
rs73200412	154	0.289	CC/GT	1	0.000651	NA	NA	NA
rs73200413	155	0.261	CA/GG	1	0.0147	NA	NA	NA
rs34046851	155	0.289	CG/GA	1	0.000651	NA	NA	NA
rs17607959	155	0.535	CT/GA	1	1.4e-07	1	0.000155220938616262	0.981780138546306
rs12830574	156	0.289	CT/GC	1	0.000638	NA	NA	NA
rs10850443	156	0.27	CG/GA	1	1.26e-06	NA	NA	NA
rs35571652	156	0.289	CG/GC	1	6e-04	NA	NA	NA
rs61940557	157	0.535	CT/GC	1	1.41e-07	1	0.000154156002856748	0.981934294549163
rs73200418	157	0.261	CT/GC	1	0.0145	NA	NA	NA
rs10161126	158	0.265	CG/GA	1	1.12e-06	NA	NA	NA
rs35160901	158	0.492	CG/GA	1	2.01e-07	0	0.000109416841147667	0.994851509687503
rs67325197	160	0.488	CA/GG	1	1.68e-07	1	0.000130129661105237	0.985766915801325
rs12579995	162	0.482	CA/GG	1	6.69e-08	1	0.000317243755895046	0.980293233522113
rs12579997	162	0.482	CC/GG	1	6.28e-08	1	0.000337289213489435	0.979975989766218
rs12318133	163	0.124	CG/GA	1	0.0258	NA	NA	NA
rs7314406	166	0.129	CT/GA	1	3.15e-05	NA	NA	NA
rs4766481	168	0.338	CA/GG	1	8.76e-05	NA	NA	NA
rs7312605	170	0.298	CC/GA	1	1.66e-06	NA	NA	NA
rs7965152	172	0.233	CA/GG	1	1.83e-05	NA	NA	NA
rs10507234	172	0.306	CC/GG	1	3e-06	NA	NA	NA
rs79486107	172	0.155	CT/GC	1	1.68e-06	NA	NA	NA
rs1819873	172	0.259	CC/GA	1	5.44e-05	NA	NA	NA
rs11609480	173	0.273	CC/GT	1	1.77e-07	NA	NA	NA
rs35287743	173	0.132	CT/GG	1	1.36e-06	NA	NA	NA
rs12830053	174	0.302	CC/GT	1	2.28e-06	NA	NA	NA
rs10774803	174	0.213	CC/GT	1	5.63e-06	NA	NA	NA
rs12582466	174	0.309	CA/GG	1	2.75e-06	NA	NA	NA
rs73200433	174	0.207	CA/GG	1	0.0988	NA	NA	NA
rs10850481	175	0.216	CG/GA	1	5.66e-06	NA	NA	NA
rs73200435	176	0.204	CA/GG	1	0.27	NA	NA	NA
rs4766615	176	0.125	CG/GA	1	0.00745	NA	NA	NA
rs11608727	177	0.27	CG/GT	1	1.28e-07	NA	NA	NA
rs4766482	178	0.234	CT/GC	1	2.18e-05	NA	NA	NA
rs11614508	178	0.145	CA/GG	1	1.06e-05	NA	NA	NA
rs2160594	180	0.279	CC/GA	1	2.38e-06	NA	NA	NA
rs73200440	181	0.201	CA/GG	1	0.153	NA	NA	NA
rs73200441	181	0.19	CT/GC	1	0.122	NA	NA	NA
rs73200442	182	0.201	CA/GG	1	0.155	NA	NA	NA
rs10850503	182	0.129	CG/GA	1	5.09e-05	NA	NA	NA
rs12828104	184	0.234	CT/GG	1	1.62e-05	NA	NA	NA
rs56339499	185	0.198	CA/GG	1	0.138	NA	NA	NA
rs752014	185	0.258	CG/GA	1	1.49e-05	NA	NA	NA
rs752015	185	0.166	CG/GC	1	8.66e-06	NA	NA	NA
rs7960944	193	0.169	CC/GT	1	0.000729	NA	NA	NA
rs11832371	196	0.192	CA/GG	1	0.0656	NA	NA	NA
rs1344543	198	0.178	CC/GT	1	0.0579	NA	NA	NA
rs73200455	198	0.171	CA/GT	1	0.0327	NA	NA	NA
rs1344542	198	0.178	CA/GG	1	0.0567	NA	NA	NA
rs1344541	198	0.102	CG/GA	1	0.00154	NA	NA	NA
rs11614658	198	0.27	CC/GT	1	1.37e-05	NA	NA	NA
rs12309873	199	0.175	CA/GG	1	9.37e-05	NA	NA	NA
rs10850533	199	0.147	CC/GG	1	0.0811	NA	NA	NA
rs12321021	199	0.395	CA/GT	1	6.33e-07	NA	NA	NA
rs66473852	200	0.116	CC/GG	1	0.14	NA	NA	NA
