SNP	KB	R2	Alleles	F	P	inCredible	probNorm	cumSum
rs8188099	0	1	T	1	3.71e-08	1	0.025017232692763	0.025017232692763
rs4865723	-37.7	0.604	TT/AC	1	0.000822	0	1.77722255515008e-06	0.999830236009595
rs12658565	-37.7	0.214	TG/AC	1	0.575	NA	NA	NA
rs4865727	-37.5	0.984	TC/AA	1	1.37e-07	1	0.00705844874526806	0.531027129576802
rs12521033	-37.5	0.606	TA/AG	1	0.000542	0	2.61762155267367e-06	0.999246581901488
rs4865728	-37.5	0.604	TT/AG	1	0.000799	0	1.82464418815075e-06	0.999767139247904
rs7293422	-37.4	0.604	TA/AG	1	0.000771	0	1.8860726396649e-06	0.999680215798065
rs12521903	-37.3	0.604	TC/AG	1	0.000772	0	1.88380441165262e-06	0.999683983406888
rs12657934	-37.3	0.229	TG/AA	1	0.51	NA	NA	NA
rs10940514	-37.3	0.604	TG/AT	1	0.00077	0	1.88834657884331e-06	0.999678329725425
rs1687594	-37.2	0.151	TA/AC	1	0.00182	NA	NA	NA
rs1687595	-37.2	0.343	TG/AA	1	0.164	NA	NA	NA
rs10940520	-37.2	0.604	TT/AG	1	0.000741	0	1.95687705324483e-06	0.999620769964791
rs10940533	-36.9	0.606	TT/AC	1	0.000799	0	1.82464418815075e-06	0.999768963892093
rs140086047	-36.3	0.162	TG/AC	1	0.632	NA	NA	NA
rs12188257	-36.2	0.604	TT/AC	1	0.000757	0	1.91843760210779e-06	0.999653647906314
rs13160767	-36.1	0.604	TT/AC	1	0.000672	0	2.14293304447963e-06	0.999488344390453
rs9688065	-36	0.604	TA/AT	1	6e-04	0	2.38118086352927e-06	0.999330079915779
rs12520174	-36	0.576	TT/AG	1	1.57e-05	0	7.4061424734373e-05	0.998963368008918
rs9688258	-35.9	0.606	TC/AT	1	0.000587	0	2.43023150027004e-06	0.999303571778186
rs2609419	-35.1	0.327	TT/AC	1	0.101	NA	NA	NA
rs11740458	-35	0.984	TG/AA	1	1.42e-07	1	0.0068179057725629	0.572698882491138
rs11747651	-34.6	0.598	TT/AC	1	0.000628	0	2.28223284541571e-06	0.999400233812428
rs10940646	-34.6	0.604	TA/AC	1	0.000687	0	2.09940463658255e-06	0.999515823373283
rs2609418	-34	0.16	TC/AT	1	0.0112	NA	NA	NA
rs10064915	-33.9	0.327	TA/AG	1	0.101	NA	NA	NA
rs4415115	-33.5	0.604	TG/AT	1	0.000712	0	2.03081359501058e-06	0.99955504331197
rs4379243	-33.5	0.604	TG/AC	1	0.000749	0	1.93745829868259e-06	0.999634385391337
rs8185119	-33.2	0.595	TG/AT	1	0.000738	0	1.96426430149889e-06	0.999609021328137
rs13185684	-33	0.159	TG/AT	1	0.00154	NA	NA	NA
rs10067381	-32.4	0.593	TA/AC	1	0.000671	0	2.14590203218696e-06	0.999484055555377
rs13175165	-32	0.595	TG/AA	1	0.000591	0	2.41491600508596e-06	0.999318095614266
rs13153474	-31.8	0.159	TC/AT	1	0.00157	NA	NA	NA
rs2168922	-31.5	0.956	TT/AA	1	1.33e-07	1	0.00726369984482934	0.502489201025536
rs71623911	-31.4	0.159	TC/AA	1	0.00157	NA	NA	NA
rs2125463	-31.3	0.972	TA/AT	1	1.63e-07	1	0.0059665467238323	0.701992380182449
rs34634456	-29.9	0.159	TA/AG	1	0.00157	NA	NA	NA
rs12523073	-29.7	0.984	TG/AA	1	1.88e-07	1	0.00519769444134675	0.750565825453523
rs141406561	-29.1	0.159	TA/AG	1	0.00146	NA	NA	NA
rs375896736	-28.7	0.159	TA/AG	1	0.00159	NA	NA	NA
rs10067527	-28.5	0.984	TC/AA	1	1.51e-07	1	0.00642448881420409	0.659027545555192
rs4865761	-28.2	0.604	TT/AC	1	0.00062	0	2.30961876290806e-06	0.999391057157983
rs10940090	-27.1	0.604	TC/AT	1	0.000713	0	2.02816701194192e-06	0.999557071478982
rs34850873	-27.1	0.159	TT/AC	1	0.00187	NA	NA	NA
rs10054827	-26.9	0.604	TG/AA	1	0.000716	0	2.02027027873352e-06	0.999573249413259
rs34482469	-26.8	0.159	TA/AG	1	0.00169	NA	NA	NA
rs4249603	-26.4	0.984	TG/AT	1	1.61e-07	1	0.00603820157034562	0.690023677057428
rs4446513	-26	0.98	TG/AA	1	1.36e-07	1	0.00710864680825345	0.523968680831534
rs1674519	-25.8	0.151	TA/AG	1	0.00187	NA	NA	NA
rs13170014	-25.7	0.159	TA/AG	1	0.0017	NA	NA	NA
rs10075571	-24.9	0.339	TC/AA	1	0.162	NA	NA	NA
rs145444095	-24.4	0.339	TG/AA	1	0.167	NA	NA	NA
rs4865551	-23.8	0.604	TA/AC	1	0.000661	0	2.17607097376598e-06	0.999468950198385
rs34570647	-23.8	0.159	TT/AG	1	0.00188	NA	NA	NA
rs4865778	-23.7	0.588	TC/AT	1	0.00074	0	1.95933301657824e-06	0.999612942456578
rs4865552	-23.7	0.956	TG/AC	1	1.37e-07	1	0.00705844874526806	0.545144027067338
rs10471784	-23.2	0.601	TT/AC	1	0.000694	0	2.07971615417062e-06	0.999530426199092
rs147264668	-22.7	0.217	TA/AG	1	0.31	NA	NA	NA
rs8188203	-22	0.984	TT/AC	1	1.51e-07	1	0.00642448881420409	0.665452034369397
rs35345124	-21.9	0.159	TC/AG	1	0.00193	NA	NA	NA
rs4865797	-21	0.604	TG/AA	1	0.000704	0	2.05224867028329e-06	0.99954279165514
rs4865799	-20.5	0.604	TC/AT	1	0.000716	0	2.02027027873352e-06	0.99957122914298
rs7293410	-20.4	0.604	TG/AA	1	0.000716	0	2.02027027873352e-06	0.999567188602422
rs7293312	-20.4	0.598	TA/AC	1	0.000652	0	2.2039901534688e-06	0.999436145902075
rs4865801	-20.1	0.606	TC/AT	1	0.000694	0	2.07971615417062e-06	0.999532505915246
rs13174038	-19.4	0.151	TT/AG	1	0.00252	NA	NA	NA
rs10053631	-19.4	0.984	TA/AC	1	1.39e-07	1	0.00696018674024061	0.552104213807578
rs13174192	-19.4	0.151	TA/AG	1	0.00189	NA	NA	NA
rs35278921	-19.4	0.159	TA/AG	1	0.00185	NA	NA	NA
rs10053639	-19.3	0.984	TA/AT	1	1.42e-07	1	0.0068179057725629	0.593152599808827
rs13162159	-17.8	0.604	TT/AC	1	0.000694	0	2.07971615417062e-06	0.999528346482938
rs34443016	-17.4	0.602	TC/AT	1	0.000691	0	2.08810670488239e-06	0.999524184261607
rs4865567	-17.3	0.599	TA/AG	1	0.000702	0	2.05768145123505e-06	0.999536629483842
rs8188289	-17.1	0.599	TC/AA	1	0.000715	0	2.0228953833122e-06	0.999565168332144
rs34596501	-17	0.157	TG/AA	1	0.00155	NA	NA	NA
rs8188037	-16.4	0.608	TC/AG	1	0.000667	0	2.15786431696089e-06	0.999477608907897
rs9800240	-14.3	0.608	TG/AT	1	0.000581	0	2.45358831922242e-06	0.999276738445613
rs9800133	-14.3	0.608	TA/AT	1	0.000685	0	2.10510158325297e-06	0.999511621719563
rs139228317	-14.2	0.972	TG/AA	1	9.86e-08	1	0.00970356633139518	0.163033676921774
rs74826802	-13.5	0.988	TG/AC	1	1.15e-07	1	0.00836104312310007	0.33268494293708
rs147455286	-13.2	0.988	TG/AA	1	1.26e-07	1	0.00765374732099951	0.420120335378408
rs137952180	-12.2	0.159	TA/AG	1	0.00155	NA	NA	NA
rs111903896	-12	0.159	TC/AT	1	0.00179	NA	NA	NA
rs74924253	-10.7	0.159	TT/AC	1	0.00183	NA	NA	NA
rs4865912	-10.6	0.608	TT/AC	1	8e-04	0	1.82252743501904e-06	0.999770786419528
rs113726241	-10.5	0.159	TT/AG	1	0.00186	NA	NA	NA
rs4865913	-10.3	0.602	TC/AT	1	0.000915	0	1.60908982415918e-06	0.999972354879163
rs4865914	-10.1	0.611	TT/AC	1	0.000761	0	1.90907267679548e-06	0.999657475416593
rs113047096	-9.77	0.159	TT/AC	1	0.00192	NA	NA	NA
rs35620350	-9.52	0.159	TA/AG	1	0.00155	NA	NA	NA
rs2353222	-9.2	0.984	TG/AT	1	1.48e-07	1	0.00655039229978835	0.626655505835739
rs8188146	-8.92	0.608	TC/AT	1	0.000732	0	1.97921488970072e-06	0.999597210923249
rs11953016	-8.62	0.611	TT/AA	1	0.000727	0	1.99185645302435e-06	0.99958726935935
rs11953045	-8.57	0.988	TT/AG	1	1.59e-07	1	0.00611163091915906	0.677947273916737
rs35295454	-8.28	0.608	TT/AC	1	0.000703	0	2.05496131368053e-06	0.999538684445156
rs4865600	-8.1	0.603	TG/AC	1	0.000729	0	1.98677965104391e-06	0.99959523170836
rs55993390	-7.78	0.464	TA/AT	1	7.94e-06	0	0.000141987409242958	0.998756869674701
rs12656528	-7.77	0.166	TC/AA	1	0.0108	NA	NA	NA
rs8188273	-7.3	0.608	TT/AC	1	0.000721	0	2.0072506873821e-06	0.999579276352087
rs2199093	-6.73	0.603	TT/AC	1	0.000682	0	2.11370775564853e-06	0.999496854476944
rs13155708	-6.24	0.611	TT/AA	1	0.000715	0	2.0228953833122e-06	0.999561122541377
rs13178037	-6.16	0.608	TG/AT	1	0.000713	0	2.02816701194192e-06	0.999559099645994
rs13182703	-5.61	0.159	TT/AG	1	0.00179	NA	NA	NA
rs7293501	-5.49	0.611	TC/AA	1	0.000719	0	2.01243745323676e-06	0.999575261850712
rs62386133	-5.46	0.217	TT/AC	1	0.354	NA	NA	NA
rs7293495	-5.03	0.608	TG/AT	1	0.000721	0	2.0072506873821e-06	0.999577269101399
rs7293387	-4.9	0.327	TT/AC	1	0.101	NA	NA	NA
rs142506087	-4.81	0.217	TA/AG	1	0.355	NA	NA	NA
rs4865966	-4.42	0.603	TA/AG	1	0.000691	0	2.08810670488239e-06	0.999520008048198
rs34427429	-3.97	0.159	TT/AC	1	0.00179	NA	NA	NA
rs34601010	-3.95	0.159	TT/AG	1	0.00198	NA	NA	NA
rs7293386	-3.52	0.608	TG/AA	1	0.000734	0	1.97420502861888e-06	0.999599185128278
rs2883116	-3.29	0.603	TA/AT	1	0.000703	0	2.05496131368053e-06	0.999540739406469
rs4305678	-2.57	0.608	TG/AA	1	0.000724	0	1.99952264429055e-06	0.999583280542485
rs10039014	-1.69	0.972	TC/AT	1	1.01e-07	1	0.00948028984667381	0.182086005535767
rs8188217	-1.25	0.988	TC/AT	1	1.28e-07	1	0.00753801870313004	0.457925260116408
rs8175378	-0.569	0.996	TT/AC	1	4.04e-08	1	0.0230330567545489	0.0723070083917152
rs4302633	-0.486	0.617	TA/AG	1	0.000442	0	3.16598731819659e-06	0.999225899485308
rs4308516	0.112	0.604	TA/AC	1	0.000448	0	3.12639337770761e-06	0.999229025878686
rs13190399	0.38	0.159	TT/AC	1	0.0015	NA	NA	NA
rs12521333	0.429	0.617	TA/AG	1	0.000448	0	3.12639337770761e-06	0.999232152272064
rs12520167	0.632	1	TT/AA	1	3.83e-08	1	0.0242567189444033	0.0492739516371663
rs28843689	2.75	0.611	TG/AA	1	0.000805	0	1.81202014325767e-06	0.99979077109129
rs4866006	2.9	0.603	TC/AG	1	0.000707	0	2.04415539306111e-06	0.999548934897512
rs4865633	3.03	0.606	TG/AC	1	0.000757	0	1.91843760210779e-06	0.999651729468712
rs71265359	3.34	0.159	TT/AC	1	0.00166	NA	NA	NA
rs2199098	4.86	0.606	TT/AC	1	0.000779	0	1.86808491592893e-06	0.999697122795163
rs533835034	5.2	0.156	TA/AG	1	0.0142	NA	NA	NA
rs7293452	5.78	0.611	TG/AC	1	0.000791	0	1.84176493578073e-06	0.99973233458477
rs7293476	5.87	0.608	TC/AT	1	0.000786	0	1.85263691612049e-06	0.99971572401156
rs8188195	6.29	0.608	TA/AG	1	0.000781	0	1.86364381115446e-06	0.999702720385494
rs75628053	6.9	0.988	TC/AA	1	1.42e-07	1	0.0068179057725629	0.579516788263701
rs7293462	6.96	0.611	TA/AG	1	0.000791	0	1.84176493578073e-06	0.999730492819835
rs10075463	8.2	0.988	TT/AA	1	1.4e-07	1	0.00691209260766836	0.559016306415247
rs35648370	8.23	0.166	TG/AA	1	0.0134	NA	NA	NA
rs7293396	8.75	0.608	TC/AT	1	0.000797	0	1.82889313974497e-06	0.999759832173249
rs34928038	8.85	0.159	TT/AC	1	0.00143	NA	NA	NA
rs7293378	8.96	0.606	TG/AA	1	0.000796	0	1.83102537626492e-06	0.999747025656797
rs7293304	9.13	0.608	TA/AC	1	0.000823	0	1.77521903966182e-06	0.999833788451189
rs8188045	11.3	0.327	TT/AC	1	0.11	NA	NA	NA
rs34822379	12.1	0.159	TC/AG	1	0.0017	NA	NA	NA
rs55635241	13.1	0.611	TC/AT	1	0.000858	0	1.70794993246532e-06	0.999919031672983
rs62386411	13.3	0.168	TC/AT	1	0.0135	NA	NA	NA
rs11742067	13.6	0.608	TA/AC	1	0.000807	0	1.80785256737796e-06	0.999796198811556
rs11514621	14.6	0.608	TC/AT	1	0.000789	0	1.84609769915736e-06	0.99972496102854
rs13358828	14.6	0.608	TG/AC	1	0.000789	0	1.84609769915736e-06	0.99972680712624
rs12055065	14.8	0.608	TG/AA	1	0.000789	0	1.84609769915736e-06	0.999723114930841
rs8185347	15.1	0.608	TA/AG	1	0.000781	0	1.86364381115446e-06	0.999706447673117
rs4866008	15.8	0.988	TT/AC	1	1.28e-07	1	0.00753801870313004	0.450387241413278
rs2199089	15.9	0.608	TA/AG	1	0.000787	0	1.85045180758075e-06	0.999717574463368
rs4426958	16	0.972	TG/AC	1	1.03e-07	1	0.00930205770033188	0.20069012093643
rs2199099	17.2	0.608	TG/AA	1	0.000585	0	2.43796544835495e-06	0.999296277223115
rs12517502	17.4	0.611	TG/AT	1	0.000801	0	1.82041580511547e-06	0.999776251890203
rs4866012	17.9	0.603	TT/AA	1	0.00079	0	1.84392865927544e-06	0.999728651054899
rs111452432	18	0.159	TG/AA	1	0.00184	NA	NA	NA
rs2125464	19.4	0.984	TG/AA	1	1.25e-07	1	0.00771297904647807	0.412466588057409
rs2125456	19.8	0.606	TT/AC	1	0.000793	0	1.83745335904821e-06	0.999736013803065
rs4865637	19.8	0.606	TT/AA	1	0.000793	0	1.83745335904821e-06	0.999739688709783
rs4865638	20.1	0.988	TT/AA	1	1.5e-07	1	0.00646590564263021	0.652603056740988
rs4866014	20.1	0.984	TC/AA	1	1.52e-07	1	0.00638360862818105	0.671835642997578
rs2199085	20.5	0.988	TG/AA	1	1.32e-07	1	0.00731692620577988	0.495225501180706
rs11953687	20.7	0.608	TA/AC	1	0.000815	0	1.79138056562006e-06	0.999810607925566
rs11952137	20.8	0.608	TT/AC	1	0.00081	0	1.80163861022769e-06	0.999807023122598
rs10062087	21.6	0.611	TT/AC	1	0.000845	0	1.73230509694273e-06	0.999896716678381
rs10057362	21.6	0.611	TC/AA	1	0.000856	0	1.7116502144795e-06	0.999913904122904
rs10057429	21.7	0.608	TC/AT	1	0.000825	0	1.7712261318478e-06	0.999835559677321
rs13177150	23.5	0.159	TA/AG	1	0.00157	NA	NA	NA
rs13177308	23.5	0.159	TA/AG	1	0.00189	NA	NA	NA
rs7293339	24	0.608	TT/AC	1	0.000845	0	1.73230509694273e-06	0.99989151976309
rs113375774	24.5	0.159	TC/AT	1	0.00178	NA	NA	NA
rs34549889	24.6	0.159	TA/AG	1	0.0015	NA	NA	NA
rs34937333	24.7	0.159	TC/AT	1	0.00178	NA	NA	NA
rs10079057	25.3	0.98	TG/AA	1	5.8e-08	1	0.0162225985588022	0.0885296069505175
rs2219452	26.4	0.599	TC/AT	1	0.000469	0	2.99557005571782e-06	0.999238267736441
rs4554275	26.6	0.604	TA/AC	1	0.000449	0	3.11989432105091e-06	0.999235272166385
rs71631431	26.8	0.159	TT/AC	1	0.00184	NA	NA	NA
rs13171072	28	0.157	TA/AG	1	0.00203	NA	NA	NA
rs8188005	28.2	0.608	TT/AC	1	0.000814	0	1.79342240259436e-06	0.999808816545
rs8188210	28.2	0.608	TC/AT	1	0.000956	0	1.54505340528933e-06	0.999977054394921
rs11952529	28.5	0.69	TC/AT	1	8.17e-05	0	1.54696163382017e-05	0.999205555907481
rs2219453	29.3	0.606	TG/AA	1	0.00089	0	1.65093879241088e-06	0.999959342811996
rs2219454	29.4	0.964	TC/AT	1	1e-07	1	0.00957203876731851	0.172605715689093
rs12658984	29.4	0.603	TG/AT	1	0.000878	0	1.67184602734299e-06	0.999947749910239
rs12655271	29.5	0.976	TC/AT	1	1.43e-07	1	0.00677178535103045	0.599924385159857
rs2168920	30.5	0.608	TG/AT	1	0.000829	0	1.7632963410323e-06	0.999839090225606
rs35333117	30.5	0.159	TA/AG	1	0.00187	NA	NA	NA
rs34494179	30.6	0.157	TG/AA	1	0.00219	NA	NA	NA
rs113242756	31	0.159	TT/AC	1	0.00156	NA	NA	NA
rs4555872	31.1	0.159	TT/AC	1	0.00177	NA	NA	NA
rs71631434	31.7	0.159	TA/AC	1	0.00179	NA	NA	NA
rs8188088	32.1	0.988	TC/AT	1	1.28e-07	1	0.00753801870313004	0.465463278819538
rs471535	32.5	0.603	TC/AG	1	0.000765	0	1.89980271097321e-06	0.99966318639156
rs472278	32.5	0.988	TC/AT	1	1.23e-07	1	0.00783428738841214	0.389267478467653
rs473120	32.6	0.611	TG/AT	1	0.000872	0	1.68250867584572e-06	0.999942721965874
rs115526328	33.2	0.159	TT/AC	1	0.00168	NA	NA	NA
rs11750668	33.3	0.988	TA/AG	1	1.62e-07	1	0.00600215640118887	0.696025833458617
rs11749165	33.4	0.608	TT/AC	1	0.000875	0	1.67715963956549e-06	0.999946078064212
rs375204450	34.1	0.159	TA/AT	1	0.00171	NA	NA	NA
rs11950897	34.6	0.458	TG/AA	1	2.04e-05	0	5.77081431649569e-05	0.999021076152083
rs534123	34.7	0.611	TC/AT	1	0.000845	0	1.73230509694273e-06	0.999889787457993
rs482120	35.1	0.608	TG/AA	1	0.000885	0	1.65958337452874e-06	0.99995273389269
rs539656	35.4	0.327	TA/AG	1	0.125	NA	NA	NA
rs489555	35.9	0.608	TG/AA	1	0.00083	0	1.76132546862457e-06	0.999846139469225
rs566064	35.9	0.611	TA/AG	1	0.000867	0	1.6915034356275e-06	0.99993598116153
rs4866025	36.2	0.212	TG/AA	1	0.709	NA	NA	NA
rs485101	36.9	0.608	TA/AG	1	0.000845	0	1.73230509694273e-06	0.999888055152896
rs35886372	36.9	0.116	TT/AC	1	0.506	NA	NA	NA
rs34199557	37.5	0.159	TA/AG	1	0.00175	NA	NA	NA
rs2353227	38	0.608	TC/AT	1	0.000844	0	1.73420868188261e-06	0.999886322847799
rs34972141	38.5	0.159	TT/AC	1	0.002	NA	NA	NA
rs527170	38.9	0.988	TT/AA	1	1.49e-07	1	0.0065078698099944	0.633163375645734
rs114393576	39.2	0.124	TG/AA	1	0.00119	NA	NA	NA
rs115939391	39.2	0.159	TT/AA	1	0.002	NA	NA	NA
rs138359496	39.2	0.159	TA/AG	1	0.00206	NA	NA	NA
rs140463836	39.3	0.608	TA/AG	1	0.000854	0	1.71536729071423e-06	0.99990876917226
rs141072789	39.4	0.688	TG/AA	1	8.14e-05	0	1.5523499495926e-05	0.999190086291143
rs554849	39.7	0.608	TT/AC	1	0.000889	0	1.6526601710416e-06	0.999956039213032
rs36153600	40.2	0.166	TG/AA	1	0.0127	NA	NA	NA
rs36172500	40.5	0.159	TC/AT	1	0.00206	NA	NA	NA
rs530430	40.9	0.603	TT/AG	1	0.000849	0	1.72473421968462e-06	0.99990016614682
rs531198	40.9	0.608	TT/AG	1	0.000874	0	1.67893869798968e-06	0.999944400904572
rs559096	43.1	0.611	TC/AT	1	0.000845	0	1.73230509694273e-06	0.999894984373284
rs560861	43.2	0.608	TG/AA	1	0.000856	0	1.7116502144795e-06	0.999910480822475
rs561028	43.3	0.604	TC/AG	1	0.000856	0	1.7116502144795e-06	0.999912192472689
rs1674490	43.4	0.322	TC/AT	1	0.129	NA	NA	NA
rs112445519	43.7	0.14	TT/AC	1	0.916	NA	NA	NA
rs564641	43.7	0.604	TC/AT	1	0.000856	0	1.7116502144795e-06	0.999915615773118
rs13156366	43.9	0.159	TA/AC	1	0.00199	NA	NA	NA
rs1624576	44.2	0.322	TA/AC	1	0.128	NA	NA	NA
rs10053659	44.5	0.604	TC/AT	1	0.000843	0	1.73611664340524e-06	0.999882854430435
rs28885684	44.9	0.604	TA/AC	1	0.000843	0	1.73611664340524e-06	0.999881118313792
rs7293389	45.2	0.598	TC/AA	1	0.000849	0	1.72473421968462e-06	0.9998984414126
rs7293370	45.9	0.143	TA/AG	1	0.00159	NA	NA	NA
rs474857	46.1	0.596	TT/AC	1	0.000865	0	1.69512955047575e-06	0.999924118880792
rs61541847	46.5	0.159	TT/AC	1	0.00205	NA	NA	NA
rs34743636	46.7	0.16	TC/AT	1	0.00205	NA	NA	NA
rs501838	46.7	0.561	TC/AG	1	0.000518	0	2.73046163094516e-06	0.999243964279935
rs547563	46.9	0.599	TT/AC	1	0.00085	0	1.72285229077966e-06	0.999903611851402
rs12054888	46.9	0.16	TA/AG	1	0.0127	NA	NA	NA
rs71631441	46.9	0.159	TG/AC	1	0.00179	NA	NA	NA
rs35402905	47	0.16	TT/AC	1	0.0021	NA	NA	NA
rs504520	47	0.599	TA/AC	1	0.000803	0	1.81620783990383e-06	0.999781704716602
rs62387287	47.9	0.16	TT/AC	1	0.0127	NA	NA	NA
rs577986	47.9	0.599	TC/AA	1	0.000822	0	1.77722255515008e-06	0.99983201323215
rs561081	49.9	0.322	TG/AA	1	0.13	NA	NA	NA
rs7293350	50.7	0.16	TA/AG	1	0.00228	NA	NA	NA
rs35602990	50.8	0.16	TA/AG	1	0.00231	NA	NA	NA
rs4554274	51.1	0.599	TC/AT	1	0.000833	0	1.75544037045185e-06	0.999853165144965
rs2199090	51.4	0.599	TA/AT	1	0.000837	0	1.74765718209712e-06	0.999865429855393
rs13182254	51.5	0.159	TA/AT	1	0.00221	NA	NA	NA
rs4865652	52	0.212	TT/AC	1	0.71	NA	NA	NA
rs56280974	52.2	0.599	TA/AT	1	0.00085	0	1.72285229077966e-06	0.999901888999111
rs13175454	52.5	0.16	TT/AC	1	0.0128	NA	NA	NA
rs535113	52.7	0.599	TG/AC	1	0.00085	0	1.72285229077966e-06	0.999905334703692
rs34627828	52.9	0.16	TT/AC	1	0.0128	NA	NA	NA
rs501104	53.2	0.599	TT/AC	1	0.000865	0	1.69512955047575e-06	0.999922423751242
rs496108	53.3	0.98	TC/AT	1	1.49e-07	1	0.0065078698099944	0.639671245455728
rs56772592	53.5	0.599	TC/AT	1	0.000865	0	1.69512955047575e-06	0.999932594528544
rs10066460	53.7	0.599	TT/AC	1	0.000865	0	1.69512955047575e-06	0.999934289658095
rs4865508	54.4	0.964	TC/AT	1	9.49e-08	1	0.0100695675303829	0.14356904230091
rs498951	55.2	0.98	TG/AA	1	1.28e-07	1	0.00753801870313004	0.473001297522668
rs13183410	57.7	0.16	TT/AC	1	0.0128	NA	NA	NA
rs535100	57.8	0.599	TA/AG	1	0.000802	0	1.81830927964474e-06	0.999779888508762
rs60416360	57.9	0.159	TG/AA	1	0.00213	NA	NA	NA
rs34765996	58	0.159	TT/AC	1	0.00176	NA	NA	NA
rs35453547	58.2	0.159	TC/AG	1	0.00162	NA	NA	NA
rs35797623	58.3	0.159	TT/AC	1	0.00208	NA	NA	NA
rs34629161	58.4	0.16	TT/AC	1	0.0128	NA	NA	NA
rs497656	58.5	0.599	TA/AG	1	0.000797	0	1.82889313974497e-06	0.99975251660069
rs35659543	58.5	0.159	TG/AA	1	0.00212	NA	NA	NA
rs506817	58.5	0.507	TG/AA	1	0.00163	0	9.44011979024219e-07	0.999997678108333
rs581218	59.1	0.599	TG/AT	1	0.000809	0	1.80370496590697e-06	0.99979981036909
rs1831151	59.3	0.159	TC/AG	1	0.00212	NA	NA	NA
rs577482	59.6	0.98	TA/AG	1	1.3e-07	1	0.0074257976315686	0.487908574974927
rs553798	60.9	0.599	TT/AC	1	0.000809	0	1.80370496590697e-06	0.999801614074056
rs114269748	61.5	0.159	TA/AG	1	0.00152	NA	NA	NA
rs56215759	61.7	0.599	TA/AT	1	0.000749	0	1.93745829868259e-06	0.999632447933038
rs111477142	62	0.212	TT/AC	1	0.709	NA	NA	NA
rs116471219	62.1	0.16	TT/AC	1	0.0129	NA	NA	NA
rs4865654	62.1	0.596	TG/AA	1	0.000788	0	1.8482720752761e-06	0.999719422735443
rs4865655	62.1	0.596	TC/AA	1	0.000795	0	1.83316281212906e-06	0.999745194631421
rs34890742	62.1	0.159	TT/AC	1	0.00184	NA	NA	NA
rs11738711	62.6	0.602	TG/AA	1	0.000691	0	2.08810670488239e-06	0.999522096154903
rs554675	63.2	0.322	TT/AC	1	0.14	NA	NA	NA
rs72768421	63.5	0.98	TT/AC	1	9.09e-08	1	0.0104982400255998	0.133499474770527
rs511188	65	0.98	TC/AT	1	1.03e-07	1	0.00930205770033188	0.209992178636762
rs112084644	65.4	0.125	TG/AA	1	0.795	NA	NA	NA
rs368163991	66.8	0.159	TC/AG	1	0.00187	NA	NA	NA
rs4030776	67.8	0.593	TG/AA	1	0.000746	0	1.94469300959992e-06	0.99962856819956
rs12518978	69.8	0.599	TT/AG	1	0.000752	0	1.93027955936134e-06	0.999640183396389
rs35747990	69.8	0.159	TA/AC	1	0.00213	NA	NA	NA
rs12519021	69.9	0.599	TT/AC	1	0.000767	0	1.89520288245221e-06	0.999666979094328
rs10063435	70.1	0.322	TC/AT	1	0.14	NA	NA	NA
rs2199092	71	0.599	TT/AA	1	0.000817	0	1.78731142642153e-06	0.999814184580572
rs2352789	71.7	0.599	TG/AA	1	0.000817	0	1.78731142642153e-06	0.999815971891998
rs2352788	71.9	0.599	TG/AA	1	0.000832	0	1.75739749955244e-06	0.999849654264224
rs4579297	72.5	0.602	TG/AA	1	0.000834	0	1.7534877901453e-06	0.999860183001286
rs7293426	72.7	0.98	TT/AA	1	1.24e-07	1	0.00777315149679944	0.397040629964453
rs481222	73	0.602	TC/AT	1	0.000834	0	1.7534877901453e-06	0.999858429513496
rs9291743	73.7	0.322	TC/AT	1	0.141	NA	NA	NA
rs8188272	73.9	0.599	TG/AC	1	0.000832	0	1.75739749955244e-06	0.999847896866724
rs528987	74.8	0.322	TA/AT	1	0.141	NA	NA	NA
rs4865670	75	0.593	TT/AC	1	0.000804	0	1.81411146728149e-06	0.999783518828069
rs569555	75.7	0.599	TC/AT	1	0.000802	0	1.81830927964474e-06	0.999778070199482
rs7293379	76.3	0.593	TT/AC	1	0.000858	0	1.70794993246532e-06	0.999917323723051
rs7293380	76.4	0.599	TT/AC	1	0.000757	0	1.91843760210779e-06	0.999655566343916
rs7293449	76.5	0.599	TG/AT	1	0.000785	0	1.85482742104525e-06	0.999712016547223
rs78487925	76.6	0.596	TA/AG	1	0.000794	0	1.83530546660302e-06	0.999743361468609
rs4593314	78	0.599	TG/AA	1	0.000779	0	1.86808491592893e-06	0.999698990880079
rs8188183	78.3	0.322	TT/AC	1	0.141	NA	NA	NA
rs549751	78.7	0.599	TC/AA	1	0.000872	0	1.68250867584572e-06	0.999941039457198
rs13186330	78.8	0.159	TA/AG	1	0.00177	NA	NA	NA
rs555284	79.3	0.602	TG/AA	1	0.000838	0	1.7457226374503e-06	0.999872418549577
rs555458	79.3	0.98	TC/AT	1	1.12e-07	1	0.00857767196878988	0.307315492488632
rs13153514	79.6	0.159	TA/AG	1	0.0022	NA	NA	NA
rs510897	79.6	0.98	TT/AG	1	1.15e-07	1	0.00836104312310007	0.34104598606018
rs507396	79.9	0.98	TG/AA	1	1.19e-07	1	0.00808894622197307	0.357426218692375
rs71631449	80.2	0.159	TT/AC	1	0.00213	NA	NA	NA
rs1841103	80.5	0.599	TT/AG	1	0.000842	0	1.73802899680127e-06	0.999879382197148
rs1841104	80.5	0.593	TA/AG	1	0.000806	0	1.80993384940294e-06	0.99979258102514
rs13163473	81.1	0.159	TT/AG	1	0.00179	NA	NA	NA
rs504773	81.2	0.599	TT/AA	1	0.000852	0	1.71910127713407e-06	0.999907053804969
rs1328254	81.6	0.98	TC/AT	1	1.43e-07	1	0.00677178535103045	0.613467955861918
rs1458763	82.1	0.602	TC/AA	1	0.000869	0	1.68789349588431e-06	0.999937669055026
rs13184005	82.2	0.16	TT/AC	1	0.0126	NA	NA	NA
rs1458765	82.7	0.602	TT/AA	1	0.000869	0	1.68789349588431e-06	0.999939356948522
rs1458766	83	0.599	TC/AT	1	0.000806	0	1.80993384940294e-06	0.999794390958989
rs11960661	83.1	0.98	TC/AG	1	1.35e-07	1	0.00715957711184155	0.51686003402328
rs489407	83.3	0.98	TA/AT	1	1.28e-07	1	0.00753801870313004	0.442849222710148
rs491470	83.5	0.98	TC/AT	1	1.27e-07	1	0.00759543431430476	0.427715769692713
rs514195	83.7	0.599	TT/AC	1	0.000865	0	1.69512955047575e-06	0.999925814010343
rs550896	84	0.322	TT/AC	1	0.142	NA	NA	NA
rs13157137	84.5	0.16	TT/AC	1	0.0143	NA	NA	NA
rs13165415	84.9	0.16	TG/AA	1	0.0149	NA	NA	NA
rs1674512	85.3	0.599	TG/AA	1	0.000865	0	1.69512955047575e-06	0.999927509139893
rs494974	85.5	0.322	TG/AA	1	0.141	NA	NA	NA
rs552892	85.6	0.599	TA/AG	1	0.000865	0	1.69512955047575e-06	0.999929204269443
rs1674514	85.8	0.602	TT/AA	1	0.000889	0	1.6526601710416e-06	0.999954386552861
rs62387328	86.4	0.16	TT/AG	1	0.0144	NA	NA	NA
rs35143031	87.4	0.159	TT/AC	1	0.00237	NA	NA	NA
rs539986	89.3	0.602	TC/AT	1	0.000889	0	1.6526601710416e-06	0.999957691873203
rs570250	90.3	0.324	TT/AC	1	0.143	NA	NA	NA
rs572664	90.3	0.98	TT/AC	1	1.27e-07	1	0.00759543431430476	0.435311204007018
rs34802994	90.4	0.16	TA/AG	1	0.0149	NA	NA	NA
rs7731565	90.6	0.159	TT/AG	1	0.00217	NA	NA	NA
rs7721061	90.8	0.159	TC/AT	1	0.00226	NA	NA	NA
rs7713267	91.2	0.159	TG/AC	1	0.00216	NA	NA	NA
rs492337	91.3	0.98	TA/AC	1	1.29e-07	1	0.00748147982068972	0.480482777343358
rs13178367	91.4	0.159	TC/AT	1	0.00226	NA	NA	NA
rs495138	91.6	0.599	TA/AG	1	0.000818	0	1.78528408934503e-06	0.999824898312445
rs496230	91.7	0.599	TC/AT	1	0.000818	0	1.78528408934503e-06	0.999823113028356
rs526329	92.7	0.599	TC/AG	1	0.000833	0	1.75544037045185e-06	0.999856676025706
rs524184	92.8	0.602	TT/AA	1	0.00084	0	1.74186694073493e-06	0.999875906139155
rs6892142	93.1	0.593	TA/AG	1	0.000844	0	1.73420868188261e-06	0.999884588639117
rs6868713	93.3	0.599	TG/AA	1	0.000818	0	1.78528408934503e-06	0.999817757176088
rs555704	93.6	0.602	TT/AG	1	0.000833	0	1.75544037045185e-06	0.999854920585335
rs74863498	93.6	0.159	TT/AC	1	0.00221	NA	NA	NA
rs578636	93.8	0.322	TA/AG	1	0.139	NA	NA	NA
rs579279	93.9	0.599	TG/AT	1	0.000833	0	1.75544037045185e-06	0.999851409704595
rs4865674	94.1	0.964	TG/AT	1	1.06e-07	1	0.00904713557143976	0.237471887221374
rs567248	94.2	0.593	TG/AA	1	0.00104	0	1.42916410479474e-06	0.999982964386272
rs563750	94.6	0.599	TT/AA	1	0.000818	0	1.78528408934503e-06	0.999821327744266
rs13167940	94.8	0.16	TA/AG	1	0.0137	NA	NA	NA
rs4865516	95.1	0.69	TC/AT	1	3.17e-05	0	3.79450804712124e-05	0.999101004628482
rs34391426	95.6	0.159	TA/AG	1	0.00223	NA	NA	NA
rs34238217	95.7	0.16	TA/AG	1	0.0182	NA	NA	NA
rs4865675	95.9	0.602	TG/AA	1	0.000894	0	1.64409059479578e-06	0.999962632699662
rs4865676	95.9	0.602	TA/AC	1	0.000893	0	1.64579707124808e-06	0.999960988609067
rs507761	96.1	0.599	TG/AA	1	0.000699	0	2.06588714433714e-06	0.999534571802391
rs506919	96.2	0.602	TG/AT	1	0.000722	0	2.00466775391007e-06	0.99958128101984
rs62387335	96.3	0.16	TA/AG	1	0.0156	NA	NA	NA
rs494540	96.8	0.599	TG/AT	1	0.000727	0	1.99185645302435e-06	0.999591253072256
rs471455	97	0.599	TC/AG	1	0.000727	0	1.99185645302435e-06	0.999593244928709
rs10039331	97.1	0.599	TT/AC	1	0.000727	0	1.99185645302435e-06	0.999589261215803
rs6449705	97.2	0.322	TA/AG	1	0.113	NA	NA	NA
rs10051338	97.6	0.599	TG/AC	1	0.000637	0	2.25222166391199e-06	0.999418354272361
rs4296842	98	0.322	TT/AG	1	0.115	NA	NA	NA
rs4403224	98.4	0.16	TA/AG	1	0.0157	NA	NA	NA
rs10471624	99.7	0.593	TG/AC	1	0.00065	0	2.21029623862519e-06	0.999431734773423
rs149804199	100	0.159	TC/AT	1	0.00273	NA	NA	NA
rs113734638	101	0.599	TG/AA	1	0.00067	0	2.14887961536335e-06	0.999481909653345
rs75080106	102	0.322	TA/AC	1	0.113	NA	NA	NA
rs1328253	103	0.98	TG/AA	1	1.03e-07	1	0.00930205770033188	0.219294236337094
rs13360551	104	0.599	TA/AG	1	0.000624	0	2.29584065005701e-06	0.999395659156725
rs16879036	104	0.16	TA/AC	1	0.0164	NA	NA	NA
rs13187868	106	0.159	TA/AT	1	0.00291	NA	NA	NA
rs1858343	107	0.602	TA/AG	1	0.000708	0	2.04147241518816e-06	0.999550976369927
rs1858344	107	0.602	TT/AA	1	0.000643	0	2.23266712724574e-06	0.999425084815087
rs4865685	107	0.599	TA/AT	1	0.000646	0	2.22302201868758e-06	0.999427307837106
rs6449779	107	0.599	TG/AT	1	0.000669	0	2.15186583182237e-06	0.999479760773729
rs13174525	108	0.155	TG/AT	1	0.0161	NA	NA	NA
rs6449782	108	0.976	TG/AT	1	9.8e-08	1	0.00976106828946948	0.153330110590379
rs34205014	109	0.159	TA/AG	1	0.00353	NA	NA	NA
rs35971576	109	0.159	TT/AC	1	0.00344	NA	NA	NA
rs4865519	110	0.599	TA/AG	1	0.000648	0	2.21664007902367e-06	0.999429524477185
rs10075822	112	0.98	TC/AT	1	1.08e-07	1	0.0088849396671461	0.24635682688852
rs147829318	112	0.159	TT/AC	1	0.00307	NA	NA	NA
rs10050481	112	0.599	TA/AG	1	0.000667	0	2.15786431696089e-06	0.99947545104358
rs35436516	115	0.16	TA/AG	1	0.0155	NA	NA	NA
rs2353221	116	0.599	TC/AA	1	0.000574	0	2.48143660181081e-06	0.99926934601462
rs6449802	116	0.602	TC/AA	1	0.000583	0	2.44575088076909e-06	0.999284079610441
rs7724645	116	0.599	TC/AT	1	0.000577	0	2.4694213367607e-06	0.999271815435957
rs7709906	116	0.602	TG/AC	1	0.000583	0	2.44575088076909e-06	0.999286525361321
rs7736990	117	0.596	TT/AC	1	0.000573	0	2.48546881907085e-06	0.999264383141416
rs10079897	117	0.596	TT/AG	1	0.000577	0	2.4694213367607e-06	0.999274284857294
rs7448495	117	0.602	TA/AG	1	0.000582	0	2.44966306635765e-06	0.999279188108679
rs2137129	118	0.602	TT/AA	1	0.000561	0	2.53494305742667e-06	0.999256877542993
rs2011540	118	0.593	TC/AA	1	0.000662	0	2.17301430260726e-06	0.999471123212688
rs10461515	118	0.16	TA/AC	1	0.0141	NA	NA	NA
rs12513730	119	0.602	TC/AT	1	0.000571	0	2.4935743665561e-06	0.999261897672597
rs10051529	120	0.589	TC/AA	1	0.000587	0	2.43023150027004e-06	0.999301141546686
rs4865521	120	0.322	TT/AA	1	0.107	NA	NA	NA
rs4865698	120	0.599	TC/AT	1	0.000474	0	2.96608186392882e-06	0.999241233818305
rs4865699	120	0.599	TC/AT	1	0.000589	0	2.42254852179539e-06	0.999310839423752
rs4865522	120	0.98	TG/AA	1	1.13e-07	1	0.00850420366267394	0.315819696151306
rs4865523	120	0.322	TT/AC	1	0.104	NA	NA	NA
rs4865700	120	0.599	TC/AG	1	0.000589	0	2.42254852179539e-06	0.999313261972274
rs10940075	121	0.599	TA/AG	1	0.000633	0	2.26545775843741e-06	0.999413839917151
rs12523375	121	0.68	TG/AA	1	6.04e-05	0	2.05866229879793e-05	0.999174562791647
rs13178993	122	0.596	TT/AC	1	0.000589	0	2.42254852179539e-06	0.999305994326708
rs35563950	123	0.16	TG/AA	1	0.0134	NA	NA	NA
rs62387343	124	0.16	TC/AG	1	0.0136	NA	NA	NA
rs147725116	124	0.98	TT/AA	1	1.11e-07	1	0.00865244387417832	0.281507704676874
rs117039422	124	0.599	TC/AT	1	0.000606	0	2.35923109083048e-06	0.999344326612071
rs58178891	124	0.593	TT/AC	1	0.000682	0	2.11370775564853e-06	0.999501081892455
rs4605784	125	0.593	TA/AT	1	0.000676	0	2.13114229979411e-06	0.999492612553459
rs10461519	125	0.599	TC/AT	1	0.000656	0	2.19148989348208e-06	0.999440535113452
rs10461390	125	0.599	TC/AA	1	0.000657	0	2.18838789939724e-06	0.99944710027715
rs10461391	125	0.602	TA/AT	1	0.000663	0	2.16996657542029e-06	0.999473293179263
rs10037889	125	0.599	TG/AA	1	0.000657	0	2.18838789939724e-06	0.999444911889251
rs10041903	125	0.599	TT/AC	1	0.000657	0	2.18838789939724e-06	0.999442723501351
rs34434894	126	0.157	TC/AA	1	0.00367	NA	NA	NA
rs4331898	127	0.599	TA/AG	1	0.000659	0	2.18221130777472e-06	0.999466774127412
rs7442966	127	0.98	TG/AT	1	1.34e-07	1	0.00721125588590294	0.509700456911439
rs7447926	127	0.599	TT/AC	1	0.000657	0	2.18838789939724e-06	0.999451477052949
rs5011669	128	0.599	TG/AA	1	0.000657	0	2.18838789939724e-06	0.999453665440848
rs1511737	129	0.602	TT/AA	1	0.000683	0	2.11083088465977e-06	0.99950319272334
rs13165145	129	0.159	TT/AG	1	0.00367	NA	NA	NA
rs35700380	130	0.16	TA/AT	1	0.0125	NA	NA	NA
rs1511738	130	0.599	TA/AG	1	0.000657	0	2.18838789939724e-06	0.99944928866505
rs10068272	130	0.98	TT/AC	1	1.13e-07	1	0.00850420366267394	0.32432389981398
rs10066635	131	0.948	TA/AT	1	1.25e-07	1	0.00771297904647807	0.404753609010931
rs34836131	131	0.153	TT/AA	1	0.00356	NA	NA	NA
rs7446951	132	0.596	TG/AA	1	0.000651	0	2.2071384979803e-06	0.999433941911921
rs10042601	132	0.593	TT/AA	1	0.000616	0	2.32357043876436e-06	0.99938874753922
rs13154127	132	0.159	TT/AC	1	0.00442	NA	NA	NA
rs10940129	132	0.98	TT/AC	1	1.12e-07	1	0.00857767196878988	0.298737820519842
rs12188175	132	0.599	TC/AT	1	0.000658	0	2.18529505111153e-06	0.999458036030951
rs10062032	133	0.599	TG/AA	1	0.000658	0	2.18529505111153e-06	0.999464591916104
rs13182255	133	0.153	TA/AG	1	0.00442	NA	NA	NA
rs10074359	133	0.599	TT/AC	1	0.000658	0	2.18529505111153e-06	0.999455850735899
rs1606224	134	0.599	TT/AC	1	0.000658	0	2.18529505111153e-06	0.999460221326002
rs7341010	134	0.599	TG/AT	1	0.000658	0	2.18529505111153e-06	0.999462406621053
rs12697055	134	0.599	TG/AA	1	0.000671	0	2.14590203218696e-06	0.999486201457409
rs35290633	136	0.159	TG/AA	1	0.00367	NA	NA	NA
rs9291925	137	0.599	TC/AT	1	0.000601	0	2.37749304035379e-06	0.99933958988794
rs7722742	137	0.599	TA/AG	1	0.000601	0	2.37749304035379e-06	0.999332457408819
rs71631455	137	0.159	TT/AC	1	0.00429	NA	NA	NA
rs6449961	137	0.599	TG/AA	1	0.000601	0	2.37749304035379e-06	0.9993372123949
rs6876902	137	0.602	TC/AT	1	0.000607	0	2.35561373318196e-06	0.999351393453271
rs62387346	138	0.16	TG/AA	1	0.0141	NA	NA	NA
rs13158039	138	0.159	TT/AC	1	0.00429	NA	NA	NA
rs34596323	139	0.16	TC/AT	1	0.0142	NA	NA	NA
rs62387347	139	0.16	TA/AG	1	0.0141	NA	NA	NA
rs34107321	139	0.159	TC/AA	1	0.00436	NA	NA	NA
rs34645496	139	0.593	TC/AT	1	0.000585	0	2.43796544835495e-06	0.999291401292218
rs35330444	139	0.593	TT/AC	1	0.000585	0	2.43796544835495e-06	0.999293839257666
rs13167672	139	0.159	TT/AC	1	0.00367	NA	NA	NA
rs34188804	139	0.16	TG/AA	1	0.0142	NA	NA	NA
rs35945829	140	0.159	TC/AG	1	0.00373	NA	NA	NA
rs6875734	140	0.593	TT/AC	1	0.000638	0	2.24893779935845e-06	0.99942060321016
rs13360100	140	0.964	TC/AT	1	7.84e-08	1	0.0121150921954263	0.100644699145944
rs57146640	141	0.599	TT/AC	1	0.000614	0	2.33061240281656e-06	0.999379439184646
rs10940170	141	0.599	TC/AT	1	0.000614	0	2.33061240281656e-06	0.999377108572243
rs10940171	141	0.98	TG/AT	1	1.03e-07	1	0.00930205770033188	0.191388063236098
rs35538193	141	0.159	TT/AG	1	0.00436	NA	NA	NA
rs7705284	142	0.599	TC/AT	1	0.000614	0	2.33061240281656e-06	0.999370116735035
rs7705285	142	0.98	TG/AT	1	1.05e-07	1	0.00913051531284007	0.228424751649934
rs35470674	142	0.16	TG/AA	1	0.0143	NA	NA	NA
rs34577403	143	0.16	TC/AT	1	0.0143	NA	NA	NA
rs10054503	143	0.599	TC/AT	1	0.000614	0	2.33061240281656e-06	0.999372447347438
rs13179157	144	0.16	TA/AG	1	0.0144	NA	NA	NA
rs1033109	144	0.593	TT/AC	1	0.000609	0	2.34841359852041e-06	0.999358449488524
rs1033108	144	0.599	TG/AA	1	0.000614	0	2.33061240281656e-06	0.999381769797049
rs1344339	145	0.599	TT/AA	1	0.000688	0	2.09656820976488e-06	0.999517919941493
rs71631457	145	0.159	TA/AC	1	0.00379	NA	NA	NA
rs6863840	145	0.599	TG/AC	1	0.000614	0	2.33061240281656e-06	0.99937477795984
rs6871761	145	0.599	TC/AA	1	0.000608	0	2.35200792101574e-06	0.999356101074925
rs71631459	145	0.159	TG/AA	1	0.00379	NA	NA	NA
rs6868380	145	0.593	TT/AC	1	0.000586	0	2.43409207110375e-06	0.999298711315186
rs6877713	146	0.599	TG/AA	1	0.000633	0	2.26545775843741e-06	0.999407043543876
rs6897412	146	0.599	TC/AT	1	0.000633	0	2.26545775843741e-06	0.999411574459393
rs4337857	146	0.599	TA/AC	1	0.000633	0	2.26545775843741e-06	0.999409309001634
rs34185098	147	0.593	TG/AC	1	0.000615	0	2.32708586632142e-06	0.999384096882915
rs111912087	147	0.216	TA/AG	1	0.421	NA	NA	NA
rs34601168	147	0.599	TG/AA	1	0.000638	0	2.24893779935845e-06	0.99942285214796
rs35740733	147	0.599	TA/AG	1	0.000621	0	2.30615809171765e-06	0.999393363316075
rs34573392	147	0.159	TA/AG	1	0.00442	NA	NA	NA
rs35250488	148	0.98	TT/AC	1	1.08e-07	1	0.0088849396671461	0.264126706222812
rs35567312	148	0.166	TT/AC	1	0.00265	NA	NA	NA
rs6858973	148	0.98	TG/AA	1	1.1e-07	1	0.00872855457988347	0.272855260802696
rs13188318	149	0.16	TA/AC	1	0.0161	NA	NA	NA
rs138085314	149	0.159	TG/AA	1	0.00372	NA	NA	NA
rs10054464	150	0.964	TA/AT	1	8.45e-08	1	0.0112671938444443	0.111911892990388
rs143266087	152	0.16	TA/AG	1	0.0126	NA	NA	NA
rs10039622	153	0.599	TG/AA	1	0.000614	0	2.33061240281656e-06	0.999367786122632
rs10040323	153	0.98	TC/AT	1	1.08e-07	1	0.0088849396671461	0.255241766555666
rs10064702	153	0.599	TG/AT	1	0.000613	0	2.33415010159441e-06	0.999363124897826
rs2055909	154	0.98	TC/AG	1	1.11e-07	1	0.00865244387417832	0.290160148551052
rs62387893	155	0.326	TT/AG	1	0.1	NA	NA	NA
rs13160697	156	0.599	TC/AG	1	0.000625	0	2.29242285783644e-06	0.999397951579583
rs34635048	157	0.159	TG/AA	1	0.00395	NA	NA	NA
rs13154900	157	0.159	TC/AT	1	0.0158	NA	NA	NA
rs10940235	157	0.682	TG/AT	1	0.000182	0	7.27021556152053e-06	0.99922273349799
rs2055908	159	0.322	TA/AG	1	0.111	NA	NA	NA
rs2055907	160	0.212	TG/AA	1	0.461	NA	NA	NA
rs35594374	160	0.159	TG/AA	1	0.00409	NA	NA	NA
rs6874697	161	0.98	TG/AA	1	1.16e-07	1	0.00829128641022188	0.349337272470402
rs13172932	162	0.593	TG/AA	1	0.000583	0	2.44575088076909e-06	0.99928163385956
rs12697079	164	0.599	TT/AG	1	0.000614	0	2.33061240281656e-06	0.999365455510229
rs6861461	165	0.602	TG/AA	1	0.000607	0	2.35561373318196e-06	0.999346682225804
rs13185707	165	0.602	TT/AC	1	0.000607	0	2.35561373318196e-06	0.999349037839538
rs12332500	166	0.602	TC/AT	1	0.000607	0	2.35561373318196e-06	0.999353749067004
rs4496712	166	0.599	TA/AG	1	0.000601	0	2.37749304035379e-06	0.99934196738098
rs12514818	166	0.96	TC/AT	1	8.59e-08	1	0.0110893417545388	0.123001234744927
rs7710841	167	0.599	TT/AC	1	0.000611	0	2.34125920109894e-06	0.999360790747725
rs7723479	167	0.597	TG/AT	1	0.000631	0	2.27213684465328e-06	0.999404778086117
rs7723480	167	0.597	TA/AT	1	0.000631	0	2.27213684465328e-06	0.999402505949273
rs7722623	167	0.599	TG/AA	1	0.000601	0	2.37749304035379e-06	0.999334834901859
rs13153162	167	0.159	TA/AG	1	0.00468	NA	NA	NA
rs10940242	168	0.599	TG/AT	1	0.000585	0	2.43796544835495e-06	0.99928896332677
rs12651834	168	0.593	TA/AG	1	0.000544	0	2.60865466401223e-06	0.999249190556152
rs10039233	168	0.599	TG/AA	1	0.000559	0	2.5433891192871e-06	0.999254342599936
rs13174293	169	0.599	TT/AC	1	0.000574	0	2.48143660181081e-06	0.999266864578018
rs62386166	169	0.216	TT/AC	1	0.405	NA	NA	NA
rs35066865	169	0.16	TA/AG	1	0.0132	NA	NA	NA
rs35220247	169	0.159	TA/AG	1	0.00462	NA	NA	NA
rs34616519	170	0.593	TA/AG	1	0.000544	0	2.60865466401223e-06	0.999251799210816
rs6892613	170	0.599	TT/AC	1	0.00059	0	2.41872598719498e-06	0.999315680698261
rs2137132	171	0.98	TG/AC	1	1.2e-07	1	0.00802371414925669	0.365449932841632
rs2137133	171	0.16	TA/AG	1	0.0142	NA	NA	NA
rs2137134	171	0.602	TA/AT	1	0.000615	0	2.32708586632142e-06	0.999386423968782
rs35319490	171	0.159	TC/AT	1	0.00476	NA	NA	NA
rs1849196	171	0.216	TA/AC	1	0.417	NA	NA	NA
rs1039798	172	0.593	TG/AA	1	0.000563	0	2.52655523782656e-06	0.999259404098231
rs1995795	173	0.98	TC/AT	1	1.2e-07	1	0.00802371414925669	0.373473646990888
rs6450056	173	0.599	TA/AG	1	0.000634	0	2.26213354591663e-06	0.999416102050697
rs10072182	173	0.593	TT/AA	1	0.000592	0	2.41111851304294e-06	0.999320506732779
rs6874829	174	0.98	TT/AC	1	1.21e-07	1	0.00795954408835287	0.381433191079241
rs7442762	175	0.593	TT/AG	1	0.000594	0	2.4035607515269e-06	0.999325313854282
rs13180931	175	0.157	TG/AT	1	0.0163	NA	NA	NA
rs4637546	175	0.596	TC/AT	1	0.000683	0	2.11083088465977e-06	0.999505303554225
rs10073530	175	0.591	TA/AC	1	0.000705	0	2.04954348975861e-06	0.999544841198629
rs10073591	176	0.596	TA/AC	1	0.000693	0	2.08250517641502e-06	0.999526266766784
rs7730857	178	0.599	TA/AG	1	0.000705	0	2.04954348975861e-06	0.999546890742119
rs62386168	178	0.159	TA/AG	1	0.0164	NA	NA	NA
rs10071725	179	0.599	TG/AA	1	0.000674	0	2.13702070532463e-06	0.999490481411159
rs10063069	179	0.326	TA/AG	1	0.109	NA	NA	NA
rs10073802	179	0.324	TG/AT	1	0.11	NA	NA	NA
rs79692515	179	0.159	TA/AC	1	0.0164	NA	NA	NA
rs7721808	180	0.98	TT/AA	1	1.41e-07	1	0.00686467030332847	0.565880976718575
rs1812994	181	0.98	TG/AT	1	1.43e-07	1	0.00677178535103045	0.606696170510888
rs3860733	181	0.159	TT/AC	1	0.00396	NA	NA	NA
rs115065312	181	0.217	TT/AC	1	0.422	NA	NA	NA
rs7732000	181	0.599	TG/AA	1	0.000686	0	2.10224908292719e-06	0.999513723968646
rs13185587	182	0.98	TC/AA	1	1.5e-07	1	0.00646590564263021	0.646137151098358
rs13167360	182	0.159	TT/AG	1	0.0166	NA	NA	NA
rs3849670	182	0.98	TG/AC	1	1.46e-07	1	0.00663715767403261	0.620105113535951
rs3849669	182	0.599	TC/AA	1	0.000737	0	1.96673967461156e-06	0.999605092799534
rs303235	183	0.964	TC/AT	1	1.61e-07	1	0.00603820157034562	0.683985475487082
rs10079493	184	0.599	TA/AC	1	0.00071	0	2.0361284474291e-06	0.999553012498375
rs12659303	186	0.593	TA/AG	1	0.000738	0	1.96426430149889e-06	0.999607057063836
rs11959569	186	0.599	TT/AA	1	0.000745	0	1.94711713266023e-06	0.99962662350655
rs34982640	186	0.159	TT/AG	1	0.00433	NA	NA	NA
rs57137858	186	0.602	TC/AT	1	0.000753	0	1.92789897096564e-06	0.99964211129536
rs144739663	187	0.159	TA/AG	1	0.00436	NA	NA	NA
rs147817578	187	0.159	TG/AT	1	0.0179	NA	NA	NA
rs62386174	187	0.14	TC/AT	1	0.944	NA	NA	NA
rs71631462	187	0.159	TC/AT	1	0.0181	NA	NA	NA
rs10471362	188	0.98	TG/AA	1	1.87e-07	1	0.00522456006532713	0.740143570946849
rs62386175	188	0.599	TG/AC	1	0.000747	0	1.94227517939954e-06	0.999630510474739
rs4030569	188	0.976	TC/AA	1	1.42e-07	1	0.0068179057725629	0.586334694036264
rs4030570	188	0.976	TC/AT	1	1.67e-07	1	0.00582830799417292	0.707820688176622
rs4031137	189	0.594	TG/AA	1	0.000741	0	1.95687705324483e-06	0.999616856210684
rs34741488	189	0.599	TA/AG	1	0.000838	0	1.7457226374503e-06	0.999874164272214
rs4549528	189	0.976	TC/AT	1	1.95e-07	1	0.00501723325353014	0.776162795138551
rs303237	190	0.964	TT/AC	1	2.05e-07	1	0.00478049143659946	0.820307918094807
rs3950451	190	0.976	TC/AA	1	1.91e-07	1	0.00511875950710558	0.766026802377915
rs12651909	190	0.976	TT/AC	1	2.04e-07	1	0.00480313727374173	0.815527426658207
rs10055539	190	0.98	TC/AA	1	1.98e-07	1	0.0049437392695781	0.796059752517629
rs6450063	191	0.599	TG/AT	1	0.000736	0	1.96922156940619e-06	0.99960312605986
rs140704422	191	0.159	TT/AC	1	0.00438	NA	NA	NA
rs3860732	192	0.594	TT/AC	1	0.000842	0	1.73802899680127e-06	0.999877644168152
rs4030571	192	0.599	TT/AG	1	0.000829	0	1.7632963410323e-06	0.999840853521947
rs4571473	192	0.98	TT/AA	1	1.89e-07	1	0.00517110870864293	0.760908042870809
rs4030572	192	0.98	TG/AA	1	1.86e-07	1	0.00525171004920097	0.734919010881522
rs71631463	193	0.159	TA/AT	1	0.00477	NA	NA	NA
rs4030573	193	0.976	TG/AT	1	1.91e-07	1	0.00511875950710558	0.77114556188502
rs4030574	193	0.324	TC/AT	1	0.116	NA	NA	NA
rs4030575	193	0.159	TA/AG	1	0.0179	NA	NA	NA
rs13180579	194	0.593	TG/AC	1	0.000818	0	1.78528408934503e-06	0.999819542460177
rs10054749	199	0.324	TA/AG	1	0.105	NA	NA	NA
rs12109228	200	0.593	TA/AC	1	0.000816	0	1.7893435793852e-06	0.999812397269145
rs62386223	200	0.159	TG/AC	1	0.0181	NA	NA	NA
rs71631464	200	0.159	TG/AA	1	0.00497	NA	NA	NA
rs36047540	202	0.159	TA/AT	1	0.019	NA	NA	NA
rs10043101	203	0.593	TG/AT	1	0.000744	0	1.94954757346831e-06	0.999624676389418
rs10042504	203	0.599	TG/AA	1	0.000716	0	2.02027027873352e-06	0.999569208872701
rs35703604	204	0.156	TT/AC	1	0.00481	NA	NA	NA
rs2089605	204	0.98	TG/AA	1	1.77e-07	1	0.00550964302238517	0.71899474661375
rs113327629	204	0.216	TT/AC	1	0.427	NA	NA	NA
rs34749302	204	0.599	TT/AC	1	0.000865	0	1.69512955047575e-06	0.999930899398994
rs34229766	204	0.159	TA/AG	1	0.0188	NA	NA	NA
rs35005767	205	0.159	TT/AA	1	0.00426	NA	NA	NA
rs62386226	205	0.212	TA/AG	1	0.684	NA	NA	NA
rs7446360	206	0.98	TT/AC	1	1.95e-07	1	0.00501723325353014	0.781180028392081
rs10076490	206	0.976	TC/AA	1	1.87e-07	1	0.00522456006532713	0.745368131012177
rs150818750	207	0.159	TG/AA	1	0.00474	NA	NA	NA
rs6869871	207	0.984	TG/AA	1	2.44e-07	1	0.00404006829377471	0.915484213898007
rs143985797	208	0.159	TC/AG	1	0.00416	NA	NA	NA
rs4643959	208	0.98	TA/AT	1	2.01e-07	1	0.00487240539577549	0.80585188398869
rs4340921	208	0.98	TC/AT	1	2.18e-07	1	0.004504717849326	0.843458045897603
rs4398636	209	0.599	TG/AA	1	0.00091	0	1.61728136106038e-06	0.999969131795035
rs6868677	209	0.599	TA/AC	1	0.000882	0	1.66481570246689e-06	0.999949414725941
rs34832270	212	0.16	TC/AT	1	0.0187	NA	NA	NA
rs10512892	212	0.102	TT/AG	1	0.0112	NA	NA	NA
rs62365876	213	0.104	TA/AG	1	0.909	NA	NA	NA
rs2883164	214	0.976	TT/AC	1	3.01e-07	1	0.00329858580557073	0.966898466071877
rs3933097	215	0.593	TG/AT	1	0.000864	0	1.69694870798215e-06	0.999920728621691
rs1052977	215	0.876	TA/AT	1	2.01e-07	1	0.00487240539577549	0.810724289384465
rs4030567	216	0.322	TT/AC	1	0.121	NA	NA	NA
rs7712749	217	0.98	TT/AG	1	2.14e-07	1	0.00458605814619262	0.834387884255756
rs17800685	218	0.159	TA/AG	1	0.00451	NA	NA	NA
rs2036902	218	0.599	TG/AA	1	0.00121	0	1.24248554039784e-06	0.999992216469816
rs2036901	218	0.98	TT/AC	1	2.88e-07	1	0.00344225430546534	0.960191901196122
rs7717982	218	0.599	TA/AG	1	0.000827	0	1.76725194326163e-06	0.999837326929265
rs3860731	219	0.593	TT/AC	1	0.00106	0	1.40419656735345e-06	0.999984368582839
rs13172025	219	0.976	TA/AG	1	2.15e-07	1	0.00456544379252122	0.838953328048277
rs13182357	221	0.591	TC/AG	1	0.00107	0	1.39205185655779e-06	0.999985760634696
rs17192300	221	0.159	TC/AT	1	0.00491	NA	NA	NA
rs2271236	222	0.976	TG/AA	1	4.33e-07	1	0.00232224408842263	0.971685925485134
rs1967289	223	0.46	TT/AC	1	0.02	0	9.88210177817959e-08	0.999999910814972
rs7712849	224	0.596	TC/AG	1	0.000929	0	1.58660815984123e-06	0.999973941487323
rs303219	224	0.956	TG/AC	1	2.06e-07	1	0.00475806203903328	0.82506598013384
rs62365887	225	0.976	TT/AC	1	1.97e-07	1	0.00496799242798525	0.786148020820066
rs62365888	226	0.216	TC/AT	1	0.422	NA	NA	NA
rs34044167	227	0.98	TG/AA	1	1.86e-07	1	0.00525171004920097	0.729667300832321
rs13185634	228	0.159	TG/AT	1	0.00459	NA	NA	NA
rs7729211	229	0.32	TG/AA	1	0.119	NA	NA	NA
rs17192503	229	0.159	TG/AA	1	0.00505	NA	NA	NA
rs1962207	230	0.159	TA/AG	1	0.00466	NA	NA	NA
rs1010676	230	0.591	TC/AT	1	0.000837	0	1.74765718209712e-06	0.999868925169757
rs13357429	230	0.596	TA/AC	1	0.000897	0	1.63899328666529e-06	0.999964271692949
rs35858778	230	0.591	TA/AG	1	0.000837	0	1.74765718209712e-06	0.999870672826939
rs13184466	230	0.591	TA/AC	1	0.000835	0	1.75153974260575e-06	0.999861934541029
rs2668024	231	0.96	TT/AC	1	1.72e-07	1	0.00566441541474297	0.713485103591365
rs16879113	231	0.16	TG/AT	1	0.0145	NA	NA	NA
rs13159506	232	0.976	TG/AA	1	2.3e-07	1	0.00427741643061445	0.869491770794857
rs4495185	232	0.596	TT/AC	1	0.000912	0	1.61399430388534e-06	0.999970745789339
rs34945845	233	0.596	TC/AG	1	0.000907	0	1.62223827860073e-06	0.999965893931227
rs6893317	235	0.159	TC/AT	1	0.00516	NA	NA	NA
rs7709512	236	0.159	TC/AT	1	0.00516	NA	NA	NA
rs6450098	237	0.596	TC/AT	1	0.000829	0	1.7632963410323e-06	0.999842616818288
rs6450099	237	0.596	TT/AC	1	0.000845	0	1.73230509694273e-06	0.999893252068187
rs13155227	237	0.123	TT/AC	1	0.721	NA	NA	NA
rs62365896	239	0.596	TC/AT	1	0.00083	0	1.76132546862457e-06	0.999844378143756
rs13173678	239	0.976	TC/AT	1	1.89e-07	1	0.00517110870864293	0.755736934162166
rs34730675	240	0.16	TT/AG	1	0.0142	NA	NA	NA
rs34906853	240	0.16	TT/AC	1	0.0145	NA	NA	NA
rs1812936	241	0.591	TC/AG	1	0.000751	0	1.9326662940161e-06	0.99963825311683
rs13189140	242	0.159	TT/AA	1	0.00528	NA	NA	NA
rs13182174	242	0.16	TT/AC	1	0.0151	NA	NA	NA
rs12110262	244	0.32	TT/AC	1	0.117	NA	NA	NA
rs71631467	246	0.159	TG/AA	1	0.00611	NA	NA	NA
rs6450107	247	0.596	TA/AG	1	0.000804	0	1.81411146728149e-06	0.999785332939537
rs9292005	247	0.596	TC/AT	1	0.000809	0	1.80370496590697e-06	0.999805221483988
rs35647517	247	0.153	TC/AT	1	0.0055	NA	NA	NA
rs62365900	249	0.214	TA/AC	1	0.399	NA	NA	NA
rs13154421	250	0.159	TT/AC	1	0.00559	NA	NA	NA
rs62365901	251	0.599	TT/AG	1	8e-04	0	1.82252743501904e-06	0.999772608946963
rs62365902	251	0.599	TC/AG	1	0.000793	0	1.83745335904821e-06	0.999737851256424
rs1811742	252	0.596	TG/AA	1	0.000778	0	1.87031376834324e-06	0.999695254710248
rs58756661	253	0.596	TG/AT	1	0.000796	0	1.83102537626492e-06	0.99975068770755
rs363983	255	0.159	TG/AC	1	0.00656	NA	NA	NA
rs28661824	256	0.976	TA/AG	1	2.33e-07	1	0.0042241932734806	0.886476948084163
rs28445612	256	0.976	TA/AC	1	2.29e-07	1	0.00429546245310442	0.860918891911138
rs28528780	258	0.596	TC/AA	1	0.000789	0	1.84609769915736e-06	0.999721268833142
rs28500170	258	0.599	TG/AA	1	0.000769	0	1.89062625103934e-06	0.999672660126344
rs16879094	259	0.596	TG/AT	1	0.000776	0	1.87478817812223e-06	0.999691509608301
rs13159894	260	0.16	TC/AA	1	0.0149	NA	NA	NA
rs34902459	260	0.16	TG/AA	1	0.0144	NA	NA	NA
rs13157992	261	0.599	TT/AC	1	0.00114	0	1.31282322808152e-06	0.999989731498736
rs4082836	261	0.976	TA/AG	1	2.29e-07	1	0.00429546245310442	0.865214354364242
rs2353436	262	0.976	TG/AA	1	2.49e-07	1	0.00396167041655171	0.92741564009966
rs6860503	263	0.591	TA/AG	1	0.000767	0	1.89520288245221e-06	0.999670769500093
rs61133464	263	0.159	TG/AA	1	0.00705	NA	NA	NA
rs1849201	264	0.217	TA/AC	1	0.43	NA	NA	NA
rs303231	264	0.96	TA/AG	1	1.97e-07	1	0.00496799242798525	0.791116013248051
rs1849200	265	0.976	TC/AT	1	2.37e-07	1	0.00415529251344426	0.903184028568114
rs1606226	265	0.976	TG/AC	1	2.37e-07	1	0.00415529251344426	0.899028736054669
rs13158256	265	0.159	TC/AT	1	0.00655	NA	NA	NA
rs34433187	266	0.591	TA/AG	1	0.000754	0	1.92552450484198e-06	0.999645964718836
rs77792625	266	0.214	TA/AG	1	0.37	NA	NA	NA
rs13169411	267	0.159	TC/AA	1	0.0067	NA	NA	NA
rs7720960	267	0.596	TG/AA	1	0.00075	0	1.93505919904312e-06	0.999636320450536
rs1849197	267	0.596	TC/AT	1	0.000767	0	1.89520288245221e-06	0.999668874297211
rs62365928	268	0.138	TG/AA	1	0.854	NA	NA	NA
rs6899048	268	0.976	TA/AG	1	2.33e-07	1	0.0042241932734806	0.890701141357644
rs6863108	268	0.596	TC/AG	1	0.000762	0	1.9067463401834e-06	0.999659382162933
rs2353437	269	0.976	TG/AA	1	2.3e-07	1	0.00427741643061445	0.873769187225471
rs13180267	269	0.596	TG/AA	1	0.000799	0	1.82464418815075e-06	0.999765314603716
rs2102454	269	0.976	TC/AA	1	2.32e-07	1	0.00424178379260573	0.878010971018077
rs62365929	270	0.588	TT/AC	1	0.000684	0	2.10796217221281e-06	0.999507411516397
rs2202836	274	0.159	TC/AT	1	0.00668	NA	NA	NA
rs62365933	274	0.152	TG/AC	1	0.012	NA	NA	NA
rs147128333	274	0.976	TG/AA	1	2.38e-07	1	0.00413842353524563	0.907322452103359
rs28676351	276	0.596	TC/AT	1	0.000741	0	1.95687705324483e-06	0.999614899333631
rs10041893	277	0.596	TT/AA	1	0.000973	0	1.52003618331962e-06	0.999978574431104
rs56778427	277	0.956	TA/AG	1	2.07e-07	1	0.00473584597572329	0.829801826109563
rs62365936	278	0.209	TA/AG	1	0.622	NA	NA	NA
rs13172257	279	0.964	TC/AA	1	4.8e-07	1	0.00210251213728255	0.976080055118674
rs60769185	280	0.32	TA/AT	1	0.107	NA	NA	NA
rs3860734	280	0.159	TT/AC	1	0.00669	NA	NA	NA
rs62365939	280	0.138	TG/AA	1	0.866	NA	NA	NA
rs10044979	281	0.593	TC/AT	1	0.000804	0	1.81411146728149e-06	0.999787147051004
rs77927340	281	0.209	TA/AG	1	0.65	NA	NA	NA
rs10045034	281	0.593	TC/AT	1	0.000809	0	1.80370496590697e-06	0.999803417779022
rs10074196	281	0.972	TA/AC	1	2.47e-07	1	0.0039926547043757	0.919476868602383
rs34044048	282	0.593	TA/AC	1	0.000805	0	1.81202014325767e-06	0.999788959071147
rs34293593	282	0.159	TT/AC	1	0.0153	NA	NA	NA
rs13188249	282	0.159	TG/AA	1	0.00647	NA	NA	NA
rs6897525	283	0.591	TG/AA	1	0.000781	0	1.86364381115446e-06	0.999704584029306
rs62365940	284	0.16	TT/AA	1	0.0161	NA	NA	NA
rs13186891	284	0.976	TT/AC	1	2.39e-07	1	0.00412169350087301	0.911444145604232
rs59940663	284	0.596	TA/AG	1	0.000766	0	1.8974998859361e-06	0.999665083891446
rs57300567	284	0.599	TT/AC	1	0.000763	0	1.9044259155027e-06	0.999661286588849
rs62365943	284	0.32	TT/AC	1	0.108	NA	NA	NA
rs34586987	284	0.596	TT/AA	1	0.000769	0	1.89062625103934e-06	0.999676441378846
rs10074607	284	0.596	TC/AG	1	0.000769	0	1.89062625103934e-06	0.999674550752595
rs2883163	285	0.591	TC/AT	1	0.000715	0	2.0228953833122e-06	0.99956314543676
rs2353438	285	0.596	TC/AT	1	0.000685	0	2.10510158325297e-06	0.99950951661798
rs34272500	286	0.591	TC/AT	1	0.000654	0	2.19772148368231e-06	0.999438343623559
rs6874538	286	0.596	TG/AA	1	0.000755	0	1.92315613712864e-06	0.999647887874973
rs56957990	286	0.157	TC/AG	1	0.00677	NA	NA	NA
rs4388215	286	0.596	TT/AG	1	0.000755	0	1.92315613712864e-06	0.99964981103111
rs62365944	286	0.214	TT/AC	1	0.39	NA	NA	NA
rs6450132	288	0.596	TA/AG	1	0.000735	0	1.9717100119921e-06	0.99960115683829
rs6450133	288	0.596	TC/AG	1	0.000594	0	2.4035607515269e-06	0.99932291029353
rs7448824	288	0.596	TA/AG	1	0.000599	0	2.38488063322753e-06	0.999327698734915
rs6450134	288	0.976	TC/AT	1	1.37e-07	1	0.00705844874526806	0.53808557832207
rs7378969	288	0.596	TT/AC	1	0.000885	0	1.65958337452874e-06	0.999951074309316
rs7380816	289	0.976	TC/AT	1	2.36e-07	1	0.00417230218358136	0.894873443541225
rs7732941	289	0.976	TC/AA	1	2.26e-07	1	0.00435054347608181	0.856623429458033
rs7736775	289	0.599	TC/AG	1	0.00078	0	1.86586160382371e-06	0.999700856741683
rs2353959	290	0.96	TA/AG	1	1.8e-07	1	0.00542084416937028	0.72441559078312
rs6450137	291	0.596	TG/AT	1	0.000772	0	1.88380441165262e-06	0.999687751015711
rs7728419	291	0.596	TG/AC	1	0.000772	0	1.88380441165262e-06	0.9996858672113
rs4029989	291	0.596	TC/AT	1	0.000772	0	1.88380441165262e-06	0.999682099602476
rs4277861	291	0.476	TG/AA	1	0.000772	0	1.88380441165262e-06	0.999689634820123
rs62365946	292	0.137	TT/AC	1	0.825	NA	NA	NA
rs10059354	292	0.596	TA/AG	1	0.000589	0	2.42254852179539e-06	0.99930841687523
rs10061339	293	0.596	TT/AC	1	0.000791	0	1.84176493578073e-06	0.999734176349706
rs13180852	293	0.596	TA/AG	1	0.000776	0	1.87478817812223e-06	0.999693384396479
rs10058578	293	0.214	TC/AT	1	0.383	NA	NA	NA
rs34243952	294	0.16	TC/AT	1	0.0153	NA	NA	NA
rs4145844	295	0.596	TA/AG	1	0.000739	0	1.96179542409827e-06	0.999610983123561
rs34950042	296	0.596	TA/AG	1	0.000741	0	1.95687705324483e-06	0.999622726841844
rs3845167	297	0.596	TA/AC	1	0.000741	0	1.95687705324483e-06	0.999618813087738
rs2353960	298	0.96	TT/AA	1	2.25e-07	1	0.00436922504861441	0.852272885981952
rs7714849	298	0.976	TC/AT	1	2.69e-07	1	0.00367678716920948	0.942624019098312
rs13184225	299	0.159	TG/AA	1	0.00692	NA	NA	NA
rs1344364	300	0.159	TG/AC	1	0.00734	NA	NA	NA
rs145966798	303	0.96	TG/AA	1	2.32e-07	1	0.00424178379260573	0.882252754810683
rs13184661	306	0.596	TT/AA	1	0.000796	0	1.83102537626492e-06	0.999748856682174
rs6862198	306	0.32	TA/AG	1	0.109	NA	NA	NA
rs34774804	306	0.596	TT/AC	1	0.000793	0	1.83745335904821e-06	0.999741526163142
rs34992228	306	0.16	TT/AA	1	0.0158	NA	NA	NA
rs10214007	307	0.765	TC/AT	1	8.54e-06	0	0.000132436909483107	0.998889306584184
rs35371759	307	0.16	TA/AG	1	0.0161	NA	NA	NA
rs1016621	307	0.596	TA/AG	1	8e-04	0	1.82252743501904e-06	0.999774431474398
rs13187179	307	0.16	TA/AC	1	0.0162	NA	NA	NA
rs1016620	307	0.596	TA/AG	1	0.000753	0	1.92789897096564e-06	0.999644039194331
rs2016360	308	0.976	TG/AA	1	2.91e-07	1	0.00340797907018459	0.963599880266306
rs2353961	308	0.596	TA/AG	1	0.000785	0	1.85482742104525e-06	0.999713871374644
rs7378983	308	0.976	TC/AA	1	2.79e-07	1	0.00354943029259454	0.949747627053735
rs7379514	309	0.596	TA/AG	1	0.000682	0	2.11370775564853e-06	0.9994989681847
rs6884426	309	0.588	TT/AC	1	0.000725	0	1.99696041197088e-06	0.999585277502897
rs11743881	309	0.972	TG/AT	1	2.82e-07	1	0.00351295701784811	0.953260584071583
rs35759951	310	0.159	TT/AA	1	0.00817	NA	NA	NA
rs10755228	310	0.596	TC/AT	1	0.000807	0	1.80785256737796e-06	0.999798006664124
rs13182308	310	0.596	TT/AA	1	0.000784	0	1.85702334260632e-06	0.999710161719802
rs34371354	311	0.596	TA/AG	1	0.000677	0	2.12821572993056e-06	0.999494740769189
rs55843201	311	0.596	TT/AC	1	0.000784	0	1.85702334260632e-06	0.999708304696459
rs55874223	311	0.976	TC/AT	1	2.77e-07	1	0.00357417766282918	0.946198196761141
rs56251178	311	0.596	TG/AA	1	0.000797	0	1.82889313974497e-06	0.999763489959528
rs7708054	311	0.596	TG/AA	1	0.000797	0	1.82889313974497e-06	0.999756174386969
rs7708228	312	0.972	TG/AA	1	2.84e-07	1	0.00348906281907291	0.956749646890656
rs62365270	312	0.16	TT/AC	1	0.0166	NA	NA	NA
rs35366217	312	0.159	TT/AC	1	0.00653	NA	NA	NA
rs56348429	313	0.596	TG/AA	1	0.000797	0	1.82889313974497e-06	0.999761661066388
rs2081163	313	0.96	TG/AA	1	2.21e-07	1	0.00444561503573422	0.847903660933337
rs112332597	313	0.159	TG/AA	1	0.00741	NA	NA	NA
rs2353962	314	0.596	TA/AT	1	0.000797	0	1.82889313974497e-06	0.999758003280109
rs4029992	314	0.599	TG/AC	1	0.000797	0	1.82889313974497e-06	0.999754345493829
rs13166697	315	0.159	TA/AT	1	0.00707	NA	NA	NA
rs6450162	315	0.596	TC/AG	1	0.000908	0	1.62058244668644e-06	0.999967514513674
rs4971258	315	0.96	TG/AA	1	2.5e-07	1	0.00394636125133729	0.931362001350997
rs62365273	315	0.137	TC/AT	1	0.746	NA	NA	NA
rs7706105	318	0.596	TT/AC	1	0.00082	0	1.78124379373558e-06	0.999826679556239
rs71631474	318	0.159	TG/AA	1	0.0074	NA	NA	NA
rs11948302	319	0.596	TA/AT	1	0.000821	0	1.77923080085119e-06	0.99982845878704
rs10940334	319	0.596	TC/AA	1	0.000837	0	1.74765718209712e-06	0.999867177512575
rs10940335	319	0.596	TT/AC	1	0.000837	0	1.74765718209712e-06	0.999863682198211
rs6450164	319	0.976	TC/AT	1	2.61e-07	1	0.0037855839009332	0.938947231929102
rs71631475	319	0.159	TA/AC	1	0.00776	NA	NA	NA
rs4563580	320	0.884	TA/AG	1	2.47e-06	0	0.000434605875136393	0.998614882265458
rs1962832	320	0.976	TT/AC	1	4.88e-07	1	0.00206925994130556	0.978149315059979
rs11948752	321	0.96	TC/AT	1	1.99e-07	1	0.00491972607528509	0.800979478592914
rs58931923	321	0.159	TC/AT	1	0.00656	NA	NA	NA
rs1833900	321	0.596	TC/AG	1	0.000941	0	1.56785419282036e-06	0.999975509341516
rs10940336	322	0.596	TG/AA	1	0.000983	0	1.50571184735234e-06	0.999980080142952
rs11953641	324	0.96	TT/AA	1	2.48e-07	1	0.00397710108072519	0.923453969683108
rs1559285	326	0.596	TC/AT	1	0.00113	0	1.32355949828854e-06	0.999988418675507
rs35601537	326	0.596	TA/AG	1	0.00122	0	1.23307555445886e-06	0.999993449545371
rs12653454	326	0.976	TA/AG	1	4.39e-07	1	0.0022916174962576	0.973977542981391
rs10940346	327	0.96	TG/AA	1	2.6e-07	1	0.00379964667717185	0.935161648028169
rs7380318	327	0.599	TT/AG	1	0.00129	0	1.17116379565762e-06	0.999994620709167
rs7379456	327	0.584	TC/AT	1	0.00151	0	1.01287648925795e-06	0.999996734096354
rs6450172	328	0.586	TC/AT	1	0.00138	0	1.10051069812312e-06	0.999995721219865
rs13189219	329	0.157	TC/AT	1	0.0254	NA	NA	NA
rs10940348	331	0.314	TG/AC	1	0.138	NA	NA	NA
rs34861721	333	0.157	TC/AT	1	0.008	NA	NA	NA
rs12374536	334	0.313	TA/AG	1	0.13	NA	NA	NA
rs56387400	334	0.956	TT/AC	1	7.45e-07	1	0.00137628847107472	0.988667370788391
rs13188729	334	0.314	TG/AA	1	0.138	NA	NA	NA
rs10940350	335	0.314	TT/AC	1	0.138	NA	NA	NA
rs1820173	337	0.956	TG/AT	1	6.93e-07	1	0.00147565377093116	0.984457441092174
rs10461567	337	0.157	TC/AG	1	0.0195	NA	NA	NA
rs13153671	337	0.157	TT/AC	1	0.00851	NA	NA	NA
rs10755230	340	0.314	TA/AG	1	0.126	NA	NA	NA
rs12520874	340	0.956	TC/AA	1	7.14e-07	1	0.00143381281023975	0.985891253902414
rs11749530	341	0.314	TA/AG	1	0.126	NA	NA	NA
rs10755231	342	0.314	TT/AC	1	0.109	NA	NA	NA
rs13160401	344	0.157	TC/AT	1	0.00914	NA	NA	NA
rs7708897	345	0.956	TA/AG	1	7.5e-07	1	0.00136744829034664	0.990034819078737
rs6450177	345	0.314	TG/AA	1	0.125	NA	NA	NA
rs6450178	346	0.314	TA/AT	1	0.125	NA	NA	NA
rs7380505	346	0.956	TA/AG	1	6.9e-07	1	0.00148183539971587	0.982981787321243
rs13180788	346	0.314	TA/AT	1	0.127	NA	NA	NA
rs6894696	347	0.311	TA/AG	1	0.119	NA	NA	NA
rs34910821	348	0.157	TA/AG	1	0.00923	NA	NA	NA
rs11746545	348	0.581	TG/AA	1	0.00102	0	1.45507921530676e-06	0.999981535222167
rs10050562	348	0.212	TA/AG	1	0.426	NA	NA	NA
rs13158018	348	0.314	TT/AC	1	0.126	NA	NA	NA
rs13154499	349	0.157	TC/AA	1	0.0089	NA	NA	NA
rs62365276	349	0.157	TG/AA	1	0.0167	NA	NA	NA
rs141905699	349	0.157	TT/AC	1	0.017	NA	NA	NA
rs189000152	349	0.956	TT/AC	1	6.07e-07	1	0.00167664750930695	0.979825962569286
rs4512089	349	0.314	TA/AG	1	0.126	NA	NA	NA
rs11748409	350	0.314	TG/AA	1	0.128	NA	NA	NA
rs76329678	351	0.936	TA/AG	1	4.07e-07	1	0.00246521532483405	0.969363681396711
rs9763768	351	0.157	TA/AT	1	0.0096	NA	NA	NA
rs1423644	352	0.314	TG/AA	1	0.14	NA	NA	NA
rs13153771	353	0.155	TA/AG	1	0.0118	NA	NA	NA
rs13157854	353	0.155	TT/AG	1	0.0123	NA	NA	NA
rs7380858	354	0.948	TT/AC	1	6.08e-07	1	0.00167398935224106	0.981499951921527
rs7706248	354	0.574	TG/AA	1	0.00112	0	1.33448131357655e-06	0.999987095116009
rs10940359	355	0.936	TA/AT	1	9.89e-07	0	0.00104766443966652	0.993714365556229
rs62365278	355	0.132	TG/AA	1	0.765	NA	NA	NA
rs34975243	355	0.151	TC/AG	1	0.0139	NA	NA	NA
rs79742113	356	0.151	TA/AG	1	0.0152	NA	NA	NA
rs7728093	357	0.311	TA/AG	1	0.124	NA	NA	NA
rs1423645	357	0.917	TC/AT	1	8.01e-07	0	0.00128348010293724	0.992666701116563
rs16882277	358	0.156	TA/AG	1	0.0118	NA	NA	NA
rs6894239	358	0.311	TA/AG	1	0.135	NA	NA	NA
rs13163580	358	0.151	TT/AG	1	0.014	NA	NA	NA
rs6894594	358	0.314	TA/AG	1	0.133	NA	NA	NA
rs4499779	358	0.316	TA/AG	1	0.135	NA	NA	NA
rs35539945	358	0.151	TC/AT	1	0.0344	NA	NA	NA
rs34855470	358	0.151	TA/AT	1	0.0336	NA	NA	NA
rs34163762	358	0.151	TT/AC	1	0.0339	NA	NA	NA
rs34710691	358	0.151	TG/AC	1	0.0145	NA	NA	NA
rs13168249	358	0.357	TA/AG	1	6.51e-05	NA	NA	NA
rs34217185	359	0.151	TT/AC	1	0.0144	NA	NA	NA
rs62365279	359	0.156	TC/AG	1	0.0132	NA	NA	NA
rs7710145	359	0.94	TT/AC	1	1.06e-06	0	0.000980033636975107	0.99567443283018
rs7705554	359	0.94	TA/AC	1	1.06e-06	0	0.000980033636975107	0.994694399193204
rs145335968	360	0.151	TA/AG	1	0.0151	NA	NA	NA
rs13156300	361	0.151	TA/AC	1	0.0166	NA	NA	NA
rs9686162	361	0.925	TC/AT	1	7.61e-07	0	0.0013484019348884	0.991383221013626
rs79258756	361	0.151	TG/AA	1	0.0158	NA	NA	NA
rs6868823	362	0.925	TC/AG	1	7.32e-07	1	0.00139982841490176	0.987291082317316
rs6881519	362	0.569	TA/AG	1	0.00121	0	1.24248554039784e-06	0.999990973984276
rs6886513	362	0.94	TT/AC	1	1.14e-06	0	0.000913760341038531	0.996588193171218
rs12655807	365	0.314	TT/AG	1	0.13	NA	NA	NA
rs7704686	366	0.94	TT/AA	1	1.97e-06	0	0.000540042490152635	0.997128235661371
rs35591533	366	0.151	TC/AT	1	0.0168	NA	NA	NA
rs7700324	366	0.314	TA/AT	1	0.172	NA	NA	NA
rs6874016	366	0.921	TA/AT	1	2e-06	0	0.000532258433188132	0.997660494094559
rs11739291	367	0.925	TC/AT	1	2.05e-06	0	0.000519782295762833	0.998180276390322
rs6880644	368	0.314	TA/AG	1	0.188	NA	NA	NA
rs3857298	369	0.426	TA/AT	1	0.0199	0	9.92543664787339e-08	0.999999811993954
rs6450183	370	0.186	TA/AG	1	0.306	NA	NA	NA
rs6889373	370	0.426	TC/AG	1	0.00961	0	1.88719407520607e-07	0.999998490968491
rs6450185	371	0.184	TT/AC	1	0.364	NA	NA	NA
rs6450186	372	0.426	TG/AC	1	0.00914	0	1.9735322871852e-07	0.999998302249083
rs1833903	373	0.183	TC/AT	1	0.321	NA	NA	NA
rs10070776	373	0.106	TG/AA	1	0.0222	NA	NA	NA
rs2002550	373	0.186	TA/AC	1	0.345	NA	NA	NA
rs2009482	374	0.728	TA/AG	1	2.85e-05	0	4.1983395927483e-05	0.999063059548011
rs34256697	374	0.107	TG/AC	1	0.0224	NA	NA	NA
rs889314	374	0.186	TA/AG	1	0.336	NA	NA	NA
rs2003307	374	0.186	TG/AA	1	0.347	NA	NA	NA
rs13187983	375	0.107	TA/AG	1	0.024	NA	NA	NA
rs12659073	375	0.394	TT/AC	1	0.00976	NA	NA	NA
rs13182488	376	0.107	TA/AT	1	0.0253	NA	NA	NA
rs6890876	376	0.186	TT/AG	1	0.339	NA	NA	NA
rs6876696	376	0.186	TG/AA	1	0.335	NA	NA	NA
rs12655280	376	0.139	TT/AC	1	0.0435	NA	NA	NA
rs34002233	377	0.107	TT/AC	1	0.0229	NA	NA	NA
rs1423647	377	0.186	TT/AC	1	0.385	NA	NA	NA
rs1423648	377	0.202	TC/AG	1	0.378	NA	NA	NA
rs13159524	377	0.186	TA/AG	1	0.359	NA	NA	NA
rs4290975	378	0.184	TA/AC	1	0.365	NA	NA	NA
rs10065526	378	0.184	TC/AT	1	0.348	NA	NA	NA
rs35446134	378	0.136	TT/AC	1	0.0677	NA	NA	NA
rs1364023	378	0.189	TC/AT	1	0.425	NA	NA	NA
rs12657678	381	0.369	TC/AA	1	0.0132	NA	NA	NA
rs10050458	382	0.184	TT/AA	1	0.396	NA	NA	NA
rs10050633	382	0.184	TT/AC	1	0.399	NA	NA	NA
rs12659667	383	0.384	TA/AC	1	0.00843	NA	NA	NA
rs10940390	383	0.184	TA/AG	1	0.417	NA	NA	NA
rs1833904	383	0.184	TC/AT	1	0.392	NA	NA	NA
rs13165648	386	0.137	TC/AA	1	0.0705	NA	NA	NA
rs4865843	386	0.698	TA/AG	1	5.04e-05	0	2.44372909649073e-05	0.999153976168659
rs4865844	386	0.184	TG/AA	1	0.399	NA	NA	NA
rs13177122	387	0.136	TA/AC	1	0.0391	NA	NA	NA
rs4865847	389	0.184	TT/AC	1	0.473	NA	NA	NA
rs6862802	391	0.184	TC/AT	1	0.449	NA	NA	NA
rs4605740	391	0.372	TC/AT	1	0.0161	NA	NA	NA
rs4610419	392	0.184	TT/AA	1	0.461	NA	NA	NA
rs2042343	392	0.184	TC/AT	1	0.489	NA	NA	NA
rs13355434	392	0.109	TT/AC	1	0.049	NA	NA	NA
rs7721806	393	0.377	TA/AG	1	0.0138	NA	NA	NA
rs7704183	393	0.372	TG/AT	1	0.0168	NA	NA	NA
rs7731983	394	0.184	TT/AC	1	0.422	NA	NA	NA
rs7727359	394	0.184	TA/AG	1	0.422	NA	NA	NA
rs962424	394	0.186	TA/AG	1	0.408	NA	NA	NA
rs4865855	395	0.184	TT/AC	1	0.421	NA	NA	NA
rs6450219	395	0.184	TA/AG	1	0.427	NA	NA	NA
rs6898102	395	0.694	TA/AG	1	4.28e-05	0	2.85342492120249e-05	0.999129538877694
rs9292065	396	0.184	TT/AC	1	0.502	NA	NA	NA
rs11741135	396	0.372	TT/AC	1	0.0163	NA	NA	NA
rs1550981	398	0.275	TC/AA	1	0.478	NA	NA	NA
rs1963472	398	0.184	TA/AC	1	0.417	NA	NA	NA
rs2354168	399	0.184	TT/AA	1	0.444	NA	NA	NA
rs1037194	400	0.389	TG/AC	1	0.0843	NA	NA	NA
rs10454829	402	0.372	TC/AT	1	0.0171	NA	NA	NA
rs10454830	402	0.372	TT/AG	1	0.0177	NA	NA	NA
rs7723800	402	0.181	TA/AG	1	0.391	NA	NA	NA
rs11744698	403	0.698	TC/AG	1	0.000131	0	9.90737494751211e-06	0.999215463282429
rs12187591	403	0.365	TG/AC	1	0.0151	NA	NA	NA
rs62365311	405	0.136	TT/AC	1	0.0299	NA	NA	NA
rs60226866	407	0.124	TA/AT	1	0.0339	NA	NA	NA
rs6883718	408	0.104	TG/AA	1	0.0425	NA	NA	NA
rs6887758	408	0.103	TG/AA	1	0.043	NA	NA	NA
rs113389783	408	0.13	TT/AA	1	0.688	NA	NA	NA
rs10447119	409	0.173	TT/AC	1	0.116	NA	NA	NA
rs10940417	412	0.145	TG/AA	1	0.0651	NA	NA	NA
rs10461587	413	0.101	TG/AT	1	0.0511	NA	NA	NA
rs7731651	413	0.145	TC/AA	1	0.0676	NA	NA	NA
rs6893665	414	0.104	TC/AA	1	0.0458	NA	NA	NA
rs4276955	415	0.104	TG/AA	1	0.0451	NA	NA	NA
rs10805461	418	0.103	TC/AT	1	0.0464	NA	NA	NA
rs10940426	418	0.173	TA/AG	1	0.129	NA	NA	NA
rs62365345	420	0.197	TC/AG	1	0.131	NA	NA	NA
rs72753733	422	0.11	TG/AA	1	0.532	NA	NA	NA
rs4572006	422	0.101	TG/AA	1	0.0555	NA	NA	NA
rs6863162	423	0.101	TG/AA	1	0.0566	NA	NA	NA
rs67955231	425	0.156	TG/AA	1	0.0458	NA	NA	NA
rs75570187	425	0.139	TG/AA	1	0.0978	NA	NA	NA
rs4865894	425	0.103	TG/AA	1	0.0479	NA	NA	NA
rs11950885	428	0.443	TC/AA	1	0.015	0	1.27179190332538e-07	0.999999360368449
rs11746825	433	0.173	TA/AG	1	0.152	NA	NA	NA
rs13176553	434	0.124	TC/AT	1	0.0412	NA	NA	NA
rs35667121	436	0.103	TG/AA	1	0.0463	NA	NA	NA
rs11951835	438	0.106	TG/AT	1	0.0479	NA	NA	NA
rs11960066	442	0.385	TA/AG	1	0.00451	NA	NA	NA
rs55849844	445	0.17	TG/AC	1	0.161	NA	NA	NA
rs6864477	447	0.169	TG/AA	1	0.15	NA	NA	NA
rs6868550	447	0.101	TG/AA	1	0.0586	NA	NA	NA
rs12152780	449	0.43	TT/AC	1	0.0158	0	1.21493570176693e-07	0.999999481862019
rs28690842	450	0.17	TG/AA	1	0.152	NA	NA	NA
rs62366901	451	0.43	TT/AG	1	0.017	0	1.13926101088203e-07	0.999999712739588
rs1968638	452	0.165	TG/AA	1	0.153	NA	NA	NA
rs10940455	454	0.426	TA/AT	1	0.013	0	1.4430340298838e-07	0.999998958538061
rs72753742	461	0.168	TA/AG	1	0.167	NA	NA	NA
rs11739201	464	0.103	TG/AA	1	0.0551	NA	NA	NA
rs62366906	464	0.103	TG/AA	1	0.0538	NA	NA	NA
rs62366907	464	0.104	TA/AG	1	0.0546	NA	NA	NA
rs62366908	465	0.168	TA/AT	1	0.165	NA	NA	NA
rs12652605	465	0.103	TG/AA	1	0.0548	NA	NA	NA
rs62366909	465	0.166	TC/AT	1	0.165	NA	NA	NA
rs62366910	465	0.168	TG/AA	1	0.166	NA	NA	NA
rs6873522	466	0.103	TG/AA	1	0.0551	NA	NA	NA
rs1823263	466	0.103	TC/AT	1	0.0543	NA	NA	NA
rs3864235	466	0.168	TC/AT	1	0.175	NA	NA	NA
rs7705837	467	0.103	TC/AT	1	0.0533	NA	NA	NA
rs7728975	467	0.104	TG/AA	1	0.0453	NA	NA	NA
rs12651837	469	0.103	TG/AA	1	0.0514	NA	NA	NA
rs10940460	469	0.103	TA/AG	1	0.0514	NA	NA	NA
rs2354525	470	0.145	TC/AT	1	0.0219	NA	NA	NA
rs35940648	471	0.116	TC/AG	1	0.0843	NA	NA	NA
rs2883460	471	0.165	TC/AT	1	0.173	NA	NA	NA
rs62366935	474	0.113	TT/AC	1	0.095	NA	NA	NA
rs12656200	478	0.113	TT/AC	1	0.0863	NA	NA	NA
rs12153387	479	0.147	TC/AT	1	0.18	NA	NA	NA
rs10471414	481	0.167	TA/AC	1	0.29	NA	NA	NA
rs66912405	483	0.165	TT/AA	1	0.23	NA	NA	NA
rs62366936	483	0.108	TC/AT	1	0.102	NA	NA	NA
rs61401688	486	0.16	TT/AC	1	0.225	NA	NA	NA
rs2354533	493	0.163	TT/AA	1	0.215	NA	NA	NA
rs13170746	497	0.111	TG/AT	1	0.0997	NA	NA	NA
rs36077571	500	0.16	TG/AA	1	0.195	NA	NA	NA
rs7717033	503	0.16	TT/AA	1	0.215	NA	NA	NA
rs55932149	504	0.16	TG/AC	1	0.221	NA	NA	NA
rs11954386	506	0.16	TA/AG	1	0.186	NA	NA	NA
rs12055210	510	0.16	TA/AG	1	0.224	NA	NA	NA
rs12186752	514	0.16	TT/AC	1	0.253	NA	NA	NA
rs62368277	515	0.401	TT/AG	1	0.0165	0	1.16951467896596e-07	0.999999598813487
rs34776244	521	0.111	TG/AA	1	0.137	NA	NA	NA
rs62368280	533	0.111	TA/AG	1	0.0854	NA	NA	NA
rs1375128	535	0.16	TA/AG	1	0.211	NA	NA	NA
rs10737958	544	0.16	TC/AA	1	0.175	NA	NA	NA
rs2594708	545	0.16	TA/AG	1	0.187	NA	NA	NA
rs2463796	546	0.16	TG/AC	1	0.193	NA	NA	NA
rs282544	547	0.16	TC/AT	1	0.176	NA	NA	NA
rs204915	548	0.16	TA/AT	1	0.201	NA	NA	NA
rs16884728	549	0.111	TA/AG	1	0.102	NA	NA	NA
rs282545	549	0.102	TA/AG	1	0.0457	NA	NA	NA
rs282556	553	0.16	TG/AA	1	0.177	NA	NA	NA
rs2594706	554	0.102	TA/AC	1	0.0429	NA	NA	NA
rs62368283	556	0.107	TA/AT	1	0.0997	NA	NA	NA
rs166863	558	0.16	TA/AG	1	0.184	NA	NA	NA
rs282560	559	0.16	TC/AT	1	0.194	NA	NA	NA
rs71615982	565	0.111	TG/AA	1	0.0936	NA	NA	NA
rs2463797	565	0.152	TG/AC	1	0.173	NA	NA	NA
rs75520318	570	0.132	TT/AC	1	0.569	NA	NA	NA
rs282548	577	0.16	TA/AG	1	0.193	NA	NA	NA
rs282546	579	0.411	TT/AC	1	0.0225	0	8.91850277340485e-08	1
rs6450384	579	0.16	TA/AC	1	0.187	NA	NA	NA
rs7700817	585	0.111	TT/AC	1	0.0928	NA	NA	NA
rs7723602	585	0.111	TA/AG	1	0.088	NA	NA	NA
rs6450391	585	0.16	TC/AT	1	0.184	NA	NA	NA
rs154140	589	0.103	TT/AA	1	0.0351	NA	NA	NA
rs78050970	590	0.132	TT/AC	1	0.595	NA	NA	NA
rs154136	592	0.162	TG/AA	1	0.151	NA	NA	NA
rs12658769	596	0.111	TA/AG	1	0.053	NA	NA	NA
rs26067	610	0.329	TA/AG	1	0.226	NA	NA	NA
rs27466	611	0.105	TA/AG	1	0.0299	NA	NA	NA
rs26072	624	0.156	TT/AC	1	0.109	NA	NA	NA
rs693082	625	0.423	TG/AA	1	0.013	0	1.4430340298838e-07	0.999998814234658
rs32396	627	0.162	TA/AG	1	0.127	NA	NA	NA
rs27934	640	0.152	TC/AT	1	0.071	NA	NA	NA
rs13168120	646	0.111	TT/AC	1	0.0712	NA	NA	NA
rs27252	654	0.107	TG/AA	1	0.698	NA	NA	NA
rs56187641	658	0.115	TG/AA	1	0.0285	NA	NA	NA
rs285529	660	0.427	TA/AG	1	0.0138	0	1.36884587011188e-07	0.999999233189258
rs27243	660	0.159	TA/AT	1	0.11	NA	NA	NA
rs27389	661	0.103	TA/AG	1	0.0411	NA	NA	NA
rs27606	661	0.103	TC/AT	1	0.0267	NA	NA	NA
rs152839	666	0.423	TC/AT	1	0.0137	0	1.3776661050945e-07	0.999999096304671
rs7719213	667	0.115	TC/AT	1	0.034	NA	NA	NA
rs152907	668	0.132	TA/AC	1	0.779	NA	NA	NA
rs27964	673	0.159	TT/AC	1	0.0956	NA	NA	NA
rs27598	679	0.139	TG/AA	1	0.0546	NA	NA	NA
rs26079	680	0.418	TA/AC	1	0.0102	0	1.7896276438978e-07	0.999998669931255
rs27157	682	0.106	TC/AT	1	0.625	NA	NA	NA
rs27683	682	0.414	TA/AG	1	0.00901	0	1.99893530522657e-07	0.999998104895854
rs27266	682	0.416	TG/AA	1	0.00782	0	2.26893990891034e-07	0.999997905002324
rs62365520	682	0.111	TA/AG	1	0.09	NA	NA	NA
rs58980117	683	0.113	TC/AT	1	0.363	NA	NA	NA
