SNP	KB	R2	Alleles	F	P	inCredible	probNorm	cumSum
rs836927	0	1	A	1	1.74e-11	1	0.617053439539207	0.617053439539207
rs12695170	-126	0.164	AA/CC	1	0.000675	NA	NA	NA
rs13314043	-125	0.165	AT/CC	1	0.000536	NA	NA	NA
rs9842375	-119	0.158	AT/CC	1	0.00142	NA	NA	NA
rs17194811	-115	0.16	AG/CA	1	0.00274	NA	NA	NA
rs17807561	-114	0.163	AA/CC	1	0.00204	NA	NA	NA
rs13320731	-113	0.163	AT/CC	1	0.0022	NA	NA	NA
rs9856619	-111	0.163	AA/CG	1	0.00209	NA	NA	NA
rs9824049	-110	0.16	AG/CA	1	0.00251	NA	NA	NA
rs793545	-110	0.11	AC/CG	1	1.03e-06	NA	NA	NA
rs17807719	-109	0.16	AT/CC	1	0.00287	NA	NA	NA
rs9810995	-101	0.155	AG/CC	1	0.00213	NA	NA	NA
rs1356302	-99.2	0.164	AT/CC	1	2.76e-07	NA	NA	NA
rs1356303	-99.1	0.166	AG/CA	1	3.07e-07	NA	NA	NA
rs1400409	-96.8	0.101	AT/CC	1	4.26e-06	NA	NA	NA
rs793551	-96.2	0.164	AA/CC	1	3.96e-07	NA	NA	NA
rs1516826	-95.7	0.101	AG/CA	1	5.74e-06	NA	NA	NA
rs9820148	-91.7	0.153	AA/CT	1	0.00129	NA	NA	NA
rs62263291	-88.3	0.15	AA/CG	1	0.0014	NA	NA	NA
rs60099741	-78.5	0.153	AA/CG	1	0.00126	NA	NA	NA
rs811099	-78.5	0.163	AG/CA	1	2.83e-07	NA	NA	NA
rs812658	-71.2	0.153	AT/CA	1	4.09e-07	NA	NA	NA
rs1400410	-70.7	0.153	AG/CT	1	5.23e-07	NA	NA	NA
rs114426402	-67.8	0.124	AC/CT	1	0.119	NA	NA	NA
rs793539	-67.5	0.164	AA/CG	1	7.01e-07	NA	NA	NA
rs793542	-65	0.164	AA/CT	1	5.32e-07	NA	NA	NA
rs793543	-64.3	0.164	AC/CG	1	4.63e-07	NA	NA	NA
rs9869223	-63.3	0.1	AG/CC	1	7.24e-06	NA	NA	NA
rs9819829	-61.9	0.153	AA/CT	1	0.00186	NA	NA	NA
rs13318985	-58.6	0.155	AG/CT	1	0.00256	NA	NA	NA
rs2676370	-56.8	0.161	AC/CT	1	5.12e-07	NA	NA	NA
rs62263299	-56.5	0.153	AG/CT	1	0.0022	NA	NA	NA
rs6793908	-50.6	0.308	AT/CC	1	0.19	NA	NA	NA
rs34298184	-49.1	0.205	AC/CG	1	0.000209	NA	NA	NA
rs35453273	-48.8	0.205	AG/CA	1	0.000196	NA	NA	NA
rs7630522	-48.3	0.129	AT/CC	1	0.418	NA	NA	NA
rs34576547	-44.9	0.31	AC/CG	1	0.133	NA	NA	NA
rs35568017	-44.9	0.31	AG/CA	1	0.133	NA	NA	NA
rs12330850	-44.4	0.131	AA/CG	1	0.394	NA	NA	NA
rs4855751	-41.9	0.123	AG/CT	1	0.424	NA	NA	NA
rs9759096	-39.6	0.317	AT/CC	1	0.0746	NA	NA	NA
rs6809605	-38.8	0.218	AG/CA	1	0.000877	NA	NA	NA
rs7611829	-37.9	0.31	AA/CG	1	0.0873	NA	NA	NA
rs28704180	-37.5	0.205	AC/CA	1	0.000379	NA	NA	NA
rs13314819	-33.2	0.24	AC/CT	1	0.004	NA	NA	NA
rs7627215	-33.1	0.109	AG/CA	1	0.257	NA	NA	NA
rs7649780	-32.9	0.109	AA/CG	1	0.264	NA	NA	NA
rs13089832	-32.5	0.164	AA/CG	1	0.0137	NA	NA	NA
rs9836395	-32.3	0.109	AG/CA	1	0.258	NA	NA	NA
rs9874738	-32.2	0.369	AT/CG	1	1.03e-06	NA	NA	NA
rs6785039	-32	0.109	AG/CA	1	0.294	NA	NA	NA
rs6437734	-31.7	0.107	AC/CT	1	0.288	NA	NA	NA
rs6798341	-30	0.109	AA/CG	1	0.313	NA	NA	NA
rs885190	-29.1	0.109	AG/CC	1	0.292	NA	NA	NA
rs9845513	-27.4	0.109	AC/CT	1	0.242	NA	NA	NA
rs1282548	-27.3	0.172	AC/CG	1	0.207	NA	NA	NA
rs41517052	-26.8	0.109	AA/CG	1	0.3	NA	NA	NA
rs55652157	-26.3	0.106	AG/CT	1	0.266	NA	NA	NA
rs1298162	-25.5	0.17	AG/CC	1	0.188	NA	NA	NA
rs4597706	-25.5	0.109	AA/CG	1	0.296	NA	NA	NA
rs7625409	-25	0.245	AC/CT	1	0.0611	NA	NA	NA
rs2676363	-24.3	0.245	AG/CC	1	0.0572	NA	NA	NA
rs13092776	-23.2	0.109	AA/CT	1	0.235	NA	NA	NA
rs13092989	-23.1	0.109	AG/CT	1	0.287	NA	NA	NA
rs34412275	-23	0.168	AT/CA	1	0.0106	NA	NA	NA
rs7634607	-22.3	0.363	AA/CT	1	8.91e-07	NA	NA	NA
rs6437735	-22.2	0.363	AC/CT	1	6.79e-07	NA	NA	NA
rs55715782	-22.2	0.248	AC/CA	1	0.306	NA	NA	NA
rs2676362	-21.9	0.46	AT/CG	1	1.65e-06	0	8.96518163467154e-06	0.999934608910692
rs36051389	-21.8	0.168	AA/CG	1	0.00909	NA	NA	NA
rs9862792	-21.6	0.363	AG/CA	1	1e-06	NA	NA	NA
rs3914624	-20	0.438	AG/CA	1	8.19e-06	0	1.92991000019732e-06	0.999995549918578
rs41503446	-19.9	0.376	AC/CT	1	9.62e-07	NA	NA	NA
rs4855752	-19.7	0.253	AA/CG	1	0.204	NA	NA	NA
rs4855753	-19.3	0.45	AA/CG	1	9.5e-06	0	1.67478360303882e-06	0.999997224702181
rs1282534	-18.4	0.217	AT/CC	1	0.022	NA	NA	NA
rs3914623	-18.4	0.401	AC/CT	1	8.84e-07	0	1.6342138092441e-05	0.999925643729057
rs6785450	-18	0.454	AT/CA	1	9.81e-06	0	1.62419188596245e-06	0.999998848894067
rs1282533	-17.6	0.217	AT/CC	1	0.022	NA	NA	NA
rs6778790	-16.6	0.271	AC/CA	1	0.175	NA	NA	NA
rs1850344	-16.4	0.458	AA/CG	1	1.57e-05	0	1.03692996738708e-06	0.999999885824034
rs34667500	-14.9	0.105	AG/CA	1	0.119	NA	NA	NA
rs1429	-14.1	0.764	AC/CT	1	3.7e-08	0	0.00035118296482136	0.99982677331703
rs1960168	-12.2	0.779	AC/CT	1	2.9e-08	0	0.000444802238321625	0.999475590352209
rs1282537	-8.26	0.213	AG/CC	1	0.000328	NA	NA	NA
rs1282538	-7.78	0.337	AT/CC	1	0.00102	NA	NA	NA
rs12638417	-7.48	0.413	AA/CG	1	4.32e-07	0	3.25862186064689e-05	0.999859359535636
rs6763295	-4.97	0.345	AT/CA	1	0.0507	NA	NA	NA
rs1282540	-4.83	0.223	AA/CG	1	0.00897	NA	NA	NA
rs1282541	-3.82	0.334	AA/CG	1	0.000786	NA	NA	NA
rs1282542	-3.74	0.334	AG/CA	1	0.00065	NA	NA	NA
rs2176331	-3.57	0.566	AC/CT	1	5.8e-07	0	2.45271753876773e-05	0.999909301590965
rs2090408	-2.98	0.566	AG/CT	1	5.59e-07	0	2.54148799409984e-05	0.999884774415577
rs1282543	-2.22	0.223	AT/CC	1	0.00921	NA	NA	NA
rs1282545	-1.72	1	AC/CT	1	2.86e-11	1	0.379346685007021	0.996400124546228
rs9880129	-1.08	0.511	AA/CG	1	3.77e-06	0	4.05586368309876e-06	0.999993620008577
rs9824852	-0.973	0.539	AA/CT	1	2.57e-06	0	5.85744012890399e-06	0.99996876007581
rs1568423	-0.117	0.779	AG/CT	1	9.94e-09	0	0.00125822031504135	0.999030788113887
rs9814575	0.511	0.539	AG/CC	1	1.93e-06	0	7.71159083070203e-06	0.999942320501523
rs836925	1.1	0.334	AT/CC	1	8e-04	NA	NA	NA
rs10511261	1.2	0.776	AC/CA	1	9.09e-09	0	0.00137244325261725	0.997772567798846
rs56275065	1.22	0.346	AC/CT	1	0.0429	NA	NA	NA
rs17202946	1.23	0.346	AG/CA	1	0.047	NA	NA	NA
rs1097514	1.89	0.619	AG/CA	1	0.000321	0	5.97746993371838e-08	0.999999945598733
rs6769923	3.62	0.53	AG/CA	1	2.93e-06	0	5.16501210444019e-06	0.999984982584206
rs1299325	4.07	0.223	AC/CG	1	0.00825	NA	NA	NA
rs1299704	4.31	0.621	AT/CC	1	0.000355	0	5.4401266651362e-08	1
rs1040194	4.41	0.223	AA/CG	1	0.00806	NA	NA	NA
rs9857411	4.81	0.388	AA/CG	1	5.65e-07	NA	NA	NA
rs1282546	5.07	0.223	AA/CG	1	0.00897	NA	NA	NA
rs960062	9.3	0.521	AA/CG	1	2.86e-06	0	5.28624509070699e-06	0.999979817572102
rs9288850	12	0.388	AT/CA	1	3.84e-07	NA	NA	NA
rs146865474	13	0.343	AC/CT	1	0.0748	NA	NA	NA
rs686564	13.2	0.117	AT/CG	1	0.0279	NA	NA	NA
rs9845258	13.3	0.526	AC/CT	1	3.32e-06	0	4.58156068798002e-06	0.999989564144894
rs552994	13.4	0.223	AC/CT	1	0.00809	NA	NA	NA
rs657302	13.9	0.223	AC/CT	1	0.00788	NA	NA	NA
rs524557	14.2	0.117	AC/CT	1	0.0245	NA	NA	NA
rs659072	14.3	0.223	AG/CA	1	0.00812	NA	NA	NA
rs35286025	14.8	0.388	AG/CC	1	4.06e-07	NA	NA	NA
rs577189	15.9	0.223	AT/CA	1	0.00809	NA	NA	NA
rs150165561	17	0.223	AC/CG	1	0.00739	NA	NA	NA
rs35074010	17	0.116	AG/CA	1	0.0207	NA	NA	NA
rs2555701	17.2	0.223	AC/CT	1	0.0079	NA	NA	NA
rs664595	20.8	0.117	AT/CC	1	0.0224	NA	NA	NA
rs6781000	21	0.519	AC/CT	1	2.25e-06	0	6.65504999050138e-06	0.999962902635682
rs660075	21	0.223	AT/CC	1	0.00705	NA	NA	NA
rs666880	21.4	0.223	AA/CG	1	0.00703	NA	NA	NA
rs2042758	21.4	0.514	AA/CG	1	2.24e-06	0	6.68357687006919e-06	0.999956247585691
rs656975	21.8	0.223	AC/CG	1	0.00665	NA	NA	NA
rs860722	23.4	0.223	AG/CC	1	0.00686	NA	NA	NA
rs1820527	23.7	0.338	AG/CA	1	0.0645	NA	NA	NA
rs17469460	23.8	0.174	AA/CG	1	0.00279	NA	NA	NA
rs10513196	24.2	0.375	AA/CG	1	8.13e-07	NA	NA	NA
rs496486	24.5	0.223	AC/CA	1	0.00686	NA	NA	NA
rs618213	24.6	0.223	AT/CA	1	0.00684	NA	NA	NA
rs1426952	25	0.514	AG/CA	1	2.06e-06	0	7.24350729806728e-06	0.999949564008821
rs1365629	27.1	0.519	AT/CC	1	2.61e-06	0	5.77125120074147e-06	0.999974531327011
rs1346272	27.8	0.339	AC/CT	1	0.0674	NA	NA	NA
rs565614	28.9	0.221	AT/CG	1	0.00739	NA	NA	NA
rs2937395	31.4	0.223	AT/CC	1	0.00836	NA	NA	NA
rs640789	33.9	0.221	AA/CG	1	0.0175	NA	NA	NA
rs498029	34.1	0.241	AG/CA	1	0.0178	NA	NA	NA
rs62263343	38.4	0.197	AA/CG	1	0.00755	NA	NA	NA
rs623738	42.9	0.333	AC/CT	1	6.31e-06	NA	NA	NA
rs9876650	43.6	0.197	AT/CG	1	0.00755	NA	NA	NA
rs507078	45.4	0.337	AT/CG	1	8e-06	NA	NA	NA
rs1875461	48.6	0.197	AT/CC	1	0.00783	NA	NA	NA
rs9852806	49.5	0.188	AC/CT	1	0.00803	NA	NA	NA
rs62263345	50.8	0.147	AG/CA	1	0.118	NA	NA	NA
rs583593	51.6	0.337	AA/CG	1	5.14e-06	NA	NA	NA
rs16853589	52.8	0.238	AG/CA	1	0.0112	NA	NA	NA
rs678825	55.5	0.337	AA/CG	1	7.82e-06	NA	NA	NA
rs9837251	55.9	0.197	AT/CC	1	0.0096	NA	NA	NA
rs73202930	59.3	0.197	AT/CC	1	0.00919	NA	NA	NA
rs73202936	62.4	0.193	AA/CT	1	0.00435	NA	NA	NA
rs9814405	64.2	0.159	AA/CG	1	0.611	NA	NA	NA
rs9857190	65	0.193	AA/CC	1	0.00883	NA	NA	NA
rs9877739	65.3	0.193	AG/CT	1	0.0094	NA	NA	NA
rs9868075	67.2	0.193	AT/CC	1	0.00916	NA	NA	NA
rs2895323	68.7	0.159	AA/CC	1	0.642	NA	NA	NA
rs638030	71.9	0.333	AG/CA	1	7.97e-06	NA	NA	NA
rs13317489	78.8	0.197	AA/CG	1	0.00823	NA	NA	NA
rs13060816	79.1	0.235	AT/CC	1	0.00867	NA	NA	NA
rs78658409	79.6	0.197	AT/CC	1	0.00738	NA	NA	NA
rs13319315	80.6	0.197	AT/CC	1	0.00752	NA	NA	NA
rs9882331	82.4	0.197	AG/CA	1	0.00783	NA	NA	NA
rs709530	83.2	0.335	AC/CT	1	7.35e-06	NA	NA	NA
rs1648890	84.3	0.335	AA/CC	1	7e-06	NA	NA	NA
rs647628	85	0.331	AT/CA	1	7.51e-06	NA	NA	NA
rs9842211	86.6	0.193	AA/CG	1	0.00916	NA	NA	NA
rs113532538	87.5	0.157	AG/CA	1	0.536	NA	NA	NA
rs28428925	93.2	0.141	AA/CG	1	0.154	NA	NA	NA
rs9851055	93.6	0.235	AC/CT	1	0.00675	NA	NA	NA
rs600011	94	0.333	AC/CA	1	6.55e-06	NA	NA	NA
rs7639376	94.2	0.193	AA/CG	1	0.00527	NA	NA	NA
rs7639292	94.2	0.176	AT/CC	1	0.00937	NA	NA	NA
rs28513882	95.2	0.196	AA/CG	1	0.0155	NA	NA	NA
rs62261974	95.5	0.196	AG/CA	1	0.0101	NA	NA	NA
rs35772758	95.9	0.198	AC/CT	1	0.0099	NA	NA	NA
rs667792	97.2	0.183	AA/CG	1	0.0756	NA	NA	NA
rs683194	98.3	0.346	AG/CA	1	9.7e-06	NA	NA	NA
rs7635655	103	0.178	AA/CG	1	0.028	NA	NA	NA
rs496718	104	0.104	AA/CT	1	0.013	NA	NA	NA
rs9823983	106	0.194	AG/CA	1	0.0147	NA	NA	NA
rs510801	107	0.104	AA/CG	1	0.0128	NA	NA	NA
rs13063602	111	0.102	AA/CG	1	0.0197	NA	NA	NA
rs9288851	116	0.194	AG/CA	1	0.0179	NA	NA	NA
rs638293	117	0.303	AA/CT	1	1.23e-05	NA	NA	NA
rs2176889	119	0.18	AA/CG	1	0.0239	NA	NA	NA
rs9832655	120	0.178	AC/CG	1	0.0281	NA	NA	NA
rs9874329	121	0.196	AG/CA	1	0.0165	NA	NA	NA
rs636952	123	0.177	AA/CG	1	0.0656	NA	NA	NA
rs520978	125	0.103	AG/CA	1	0.0137	NA	NA	NA
rs9878536	127	0.196	AG/CA	1	0.015	NA	NA	NA
rs9856673	129	0.18	AT/CG	1	0.0379	NA	NA	NA
rs9856715	130	0.18	AT/CC	1	0.0279	NA	NA	NA
rs62261980	131	0.178	AA/CG	1	0.0333	NA	NA	NA
rs9868167	132	0.196	AA/CG	1	0.0199	NA	NA	NA
rs1698331	136	0.107	AT/CC	1	0.0154	NA	NA	NA
rs9815412	138	0.196	AG/CT	1	0.0178	NA	NA	NA
rs9871041	138	0.196	AG/CC	1	0.018	NA	NA	NA
rs13318675	138	0.189	AA/CG	1	0.0144	NA	NA	NA
rs13316169	139	0.196	AC/CT	1	0.0183	NA	NA	NA
rs9839653	139	0.196	AG/CA	1	0.0111	NA	NA	NA
rs9844507	140	0.196	AG/CA	1	0.0139	NA	NA	NA
rs62261982	141	0.18	AG/CT	1	0.0237	NA	NA	NA
rs13321566	141	0.18	AG/CA	1	0.0244	NA	NA	NA
rs9813169	141	0.13	AA/CG	1	0.173	NA	NA	NA
rs9817583	142	0.178	AA/CG	1	0.0249	NA	NA	NA
rs9855062	142	0.18	AG/CA	1	0.0235	NA	NA	NA
rs9817496	142	0.178	AT/CC	1	0.0238	NA	NA	NA
rs9836754	144	0.136	AA/CC	1	0.953	NA	NA	NA
rs643938	153	0.169	AT/CC	1	0.0246	NA	NA	NA
rs9830054	155	0.196	AG/CC	1	0.0132	NA	NA	NA
rs62261998	156	0.196	AG/CC	1	0.0144	NA	NA	NA
rs67501960	160	0.1	AG/CC	1	0.0171	NA	NA	NA
rs28538945	161	0.196	AA/CG	1	0.0143	NA	NA	NA
rs595192	162	0.104	AG/CA	1	0.00939	NA	NA	NA
rs661276	164	0.196	AT/CC	1	0.0107	NA	NA	NA
rs6437738	165	0.196	AA/CC	1	0.0148	NA	NA	NA
rs9810356	167	0.196	AA/CT	1	0.0159	NA	NA	NA
rs700417	167	0.196	AA/CG	1	0.0102	NA	NA	NA
rs17391822	168	0.196	AG/CA	1	0.0149	NA	NA	NA
rs6783198	168	0.196	AG/CA	1	0.0159	NA	NA	NA
rs62262002	169	0.196	AC/CA	1	0.0176	NA	NA	NA
rs9854942	172	0.196	AG/CA	1	0.0172	NA	NA	NA
rs600440	173	0.194	AT/CG	1	0.0114	NA	NA	NA
rs75774080	173	0.196	AT/CC	1	0.0175	NA	NA	NA
rs13314153	176	0.196	AT/CC	1	0.0182	NA	NA	NA
rs9288852	177	0.191	AT/CA	1	0.0154	NA	NA	NA
rs62262004	178	0.196	AG/CA	1	0.0157	NA	NA	NA
rs167924	178	0.278	AA/CG	1	3.08e-06	NA	NA	NA
rs329926	179	0.196	AA/CG	1	0.0122	NA	NA	NA
rs62262006	180	0.196	AC/CT	1	0.0169	NA	NA	NA
rs9869574	180	0.196	AC/CA	1	0.022	NA	NA	NA
rs28447555	184	0.186	AT/CC	1	0.255	NA	NA	NA
rs9811759	194	0.186	AG/CA	1	0.225	NA	NA	NA
rs2399213	194	0.186	AC/CT	1	0.207	NA	NA	NA
rs13326227	195	0.152	AT/CG	1	0.146	NA	NA	NA
rs9848674	200	0.166	AA/CC	1	0.315	NA	NA	NA
rs17811557	204	0.183	AC/CT	1	0.524	NA	NA	NA
rs13323455	223	0.175	AG/CA	1	0.875	NA	NA	NA
rs9874584	229	0.176	AC/CT	1	0.786	NA	NA	NA
rs1994925	245	0.176	AG/CT	1	0.756	NA	NA	NA
rs73208514	245	0.176	AG/CA	1	0.725	NA	NA	NA
rs9839651	248	0.176	AC/CT	1	0.816	NA	NA	NA
rs9862385	249	0.158	AG/CA	1	0.308	NA	NA	NA
rs11710737	263	0.161	AA/CG	1	0.404	NA	NA	NA
rs9853274	265	0.176	AT/CC	1	0.78	NA	NA	NA
rs2172733	269	0.183	AA/CG	1	0.426	NA	NA	NA
rs9853561	272	0.176	AG/CA	1	0.618	NA	NA	NA
rs62262032	273	0.176	AT/CC	1	0.555	NA	NA	NA
rs17812499	273	0.176	AT/CA	1	0.576	NA	NA	NA
rs9878595	275	0.176	AT/CG	1	0.623	NA	NA	NA
rs62262033	278	0.18	AC/CT	1	0.705	NA	NA	NA
rs10212337	282	0.14	AC/CG	1	0.301	NA	NA	NA
rs2204260	284	0.144	AC/CT	1	0.242	NA	NA	NA
rs9834084	286	0.144	AA/CG	1	0.292	NA	NA	NA
rs9839514	287	0.144	AA/CG	1	0.307	NA	NA	NA
rs9845070	288	0.144	AT/CC	1	0.288	NA	NA	NA
rs62263960	289	0.144	AG/CA	1	0.268	NA	NA	NA
rs9847481	293	0.144	AT/CC	1	0.291	NA	NA	NA
rs9847666	294	0.144	AT/CC	1	0.278	NA	NA	NA
rs13315728	299	0.144	AC/CT	1	0.233	NA	NA	NA
rs873093	300	0.122	AT/CC	1	0.813	NA	NA	NA
rs7624077	300	0.144	AA/CG	1	0.208	NA	NA	NA
rs7635850	300	0.144	AG/CT	1	0.286	NA	NA	NA
rs62263962	301	0.144	AT/CC	1	0.317	NA	NA	NA
rs1032480	305	0.144	AT/CC	1	0.305	NA	NA	NA
rs62263964	307	0.144	AC/CT	1	0.32	NA	NA	NA
rs6437745	309	0.147	AG/CA	1	0.389	NA	NA	NA
rs9877697	310	0.144	AG/CA	1	0.333	NA	NA	NA
rs9844996	311	0.144	AA/CG	1	0.308	NA	NA	NA
rs12330842	312	0.144	AC/CT	1	0.23	NA	NA	NA
rs62263965	313	0.14	AC/CA	1	0.394	NA	NA	NA
rs62263966	313	0.144	AA/CG	1	0.232	NA	NA	NA
rs73212030	313	0.144	AG/CA	1	0.329	NA	NA	NA
rs7634587	315	0.125	AA/CG	1	0.794	NA	NA	NA
rs7644739	319	0.144	AG/CA	1	0.261	NA	NA	NA
rs9831722	320	0.144	AG/CA	1	0.321	NA	NA	NA
rs9875750	322	0.144	AA/CG	1	0.339	NA	NA	NA
rs9842741	323	0.14	AC/CA	1	0.346	NA	NA	NA
rs9831296	326	0.137	AC/CA	1	0.412	NA	NA	NA
rs10804464	328	0.137	AA/CG	1	0.42	NA	NA	NA
rs9847515	329	0.137	AC/CA	1	0.635	NA	NA	NA
rs17813292	331	0.137	AG/CA	1	0.674	NA	NA	NA
rs9813554	335	0.137	AA/CC	1	0.792	NA	NA	NA
rs9818299	336	0.16	AC/CG	1	0.0209	NA	NA	NA
rs7610096	336	0.16	AC/CT	1	0.0198	NA	NA	NA
rs9843504	337	0.131	AC/CT	1	0.787	NA	NA	NA
rs6802043	337	0.16	AT/CC	1	0.0214	NA	NA	NA
rs6777608	337	0.16	AT/CA	1	0.0181	NA	NA	NA
rs9849007	338	0.16	AC/CT	1	0.0218	NA	NA	NA
rs6772524	339	0.163	AA/CT	1	0.0237	NA	NA	NA
rs6808795	339	0.163	AA/CG	1	0.0239	NA	NA	NA
rs6764391	341	0.17	AA/CT	1	0.0033	NA	NA	NA
rs6437749	344	0.137	AA/CG	1	0.366	NA	NA	NA
rs6437750	344	0.137	AT/CG	1	0.392	NA	NA	NA
rs6810023	350	0.132	AA/CG	1	0.337	NA	NA	NA
