SNP	KB	R2	Alleles	F	P	inCredible	probNorm	cumSum
rs11068917	0	1	A	1	1.74e-08	1	0.0510110346819907	0.0510110346819907
rs10850956	-273	0.1	AA/CG	1	0.77	NA	NA	NA
rs6490164	-271	0.1	AG/CA	1	0.777	NA	NA	NA
rs7488514	-271	0.1	AC/CT	1	0.723	NA	NA	NA
rs4767659	-270	0.1	AT/CC	1	0.517	NA	NA	NA
rs4767660	-270	0.101	AA/CG	1	0.599	NA	NA	NA
rs4767661	-270	0.101	AA/CG	1	0.61	NA	NA	NA
rs7980188	-270	0.1	AC/CT	1	0.579	NA	NA	NA
rs7301776	-269	0.101	AA/CG	1	0.743	NA	NA	NA
rs7971091	-266	0.107	AA/CG	1	0.137	NA	NA	NA
rs186478676	-260	0.108	AT/CC	1	0.0295	NA	NA	NA
rs4767664	-253	0.127	AG/CA	1	0.206	NA	NA	NA
rs10850960	-253	0.149	AG/CA	1	0.196	NA	NA	NA
rs11068826	-251	0.142	AA/CC	1	0.0747	NA	NA	NA
rs146179055	-248	0.1	AA/CG	1	0.0355	NA	NA	NA
rs16939761	-246	0.309	AA/CG	1	0.000492	NA	NA	NA
rs7978165	-244	0.181	AC/CT	1	0.0804	NA	NA	NA
rs6490167	-244	0.181	AA/CT	1	0.0864	NA	NA	NA
rs7314781	-243	0.181	AG/CA	1	0.086	NA	NA	NA
rs114023510	-241	0.309	AA/CG	1	0.000708	NA	NA	NA
rs117206943	-241	0.133	AT/CC	1	0.0394	NA	NA	NA
rs11068830	-241	0.182	AC/CT	1	0.0697	NA	NA	NA
rs11830698	-240	0.182	AG/CA	1	0.0805	NA	NA	NA
rs77403250	-240	0.133	AT/CG	1	0.0377	NA	NA	NA
rs145312890	-240	0.1	AG/CC	1	0.036	NA	NA	NA
rs149491985	-239	0.164	AG/CA	1	0.0376	NA	NA	NA
rs117590704	-238	0.133	AA/CT	1	0.0386	NA	NA	NA
rs75941654	-237	0.309	AA/CC	1	0.000879	NA	NA	NA
rs10850961	-236	0.181	AA/CG	1	0.0851	NA	NA	NA
rs6490168	-235	0.18	AC/CA	1	0.0859	NA	NA	NA
rs149138610	-234	0.241	AT/CC	1	0.000904	NA	NA	NA
rs188883111	-234	0.164	AG/CA	1	0.0842	NA	NA	NA
rs186845790	-233	0.133	AA/CG	1	0.0577	NA	NA	NA
rs7980082	-232	0.181	AC/CT	1	0.0989	NA	NA	NA
rs75742531	-231	0.147	AT/CC	1	0.291	NA	NA	NA
rs11068836	-230	0.181	AC/CT	1	0.0414	NA	NA	NA
rs4590911	-228	0.18	AC/CT	1	0.0752	NA	NA	NA
rs74239247	-228	0.164	AG/CT	1	0.0415	NA	NA	NA
rs12579722	-228	0.285	AC/CT	1	0.00185	NA	NA	NA
rs74239248	-228	0.164	AA/CC	1	0.0426	NA	NA	NA
rs3847650	-226	0.181	AC/CT	1	0.0908	NA	NA	NA
rs3927167	-225	0.182	AC/CA	1	0.0854	NA	NA	NA
rs139488611	-224	0.202	AA/CG	1	0.0172	NA	NA	NA
rs116611632	-223	0.1	AT/CA	1	0.0353	NA	NA	NA
rs7980628	-222	0.182	AA/CG	1	0.0705	NA	NA	NA
rs80203720	-221	0.138	AT/CC	1	0.034	NA	NA	NA
rs78585691	-221	0.292	AT/CG	1	0.00104	NA	NA	NA
rs142135776	-220	0.138	AT/CC	1	0.0394	NA	NA	NA
rs116898676	-219	0.138	AT/CC	1	0.0341	NA	NA	NA
rs7976200	-218	0.182	AT/CC	1	0.305	NA	NA	NA
rs2293444	-217	0.336	AC/CA	1	0.000607	NA	NA	NA
rs2088702	-216	0.346	AC/CT	1	0.0239	NA	NA	NA
rs11068844	-216	0.348	AC/CG	1	0.0255	NA	NA	NA
rs147190541	-215	0.104	AC/CG	1	0.0284	NA	NA	NA
rs7977921	-215	0.336	AC/CT	1	0.00143	NA	NA	NA
rs11068845	-214	0.336	AC/CT	1	0.00384	NA	NA	NA
rs77598459	-214	0.138	AC/CT	1	0.0372	NA	NA	NA
rs139752366	-213	0.202	AT/CC	1	0.019	NA	NA	NA
rs4505100	-212	0.294	AA/CT	1	0.00124	NA	NA	NA
rs138336784	-211	0.104	AG/CA	1	0.0328	NA	NA	NA
rs75631377	-210	0.288	AA/CG	1	0.00153	NA	NA	NA
rs1051077	-208	0.288	AT/CC	1	0.00133	NA	NA	NA
rs1726407	-207	0.182	AC/CT	1	0.504	NA	NA	NA
rs139982410	-207	0.33	AT/CC	1	0.000247	NA	NA	NA
rs1726386	-206	0.224	AT/CC	1	0.211	NA	NA	NA
rs7974375	-205	0.581	AT/CG	1	3.26e-06	0	0.000325658488814765	0.998501804806351
rs61943523	-204	0.7	AG/CC	1	5.04e-07	1	0.00196161250609831	0.823353998152035
rs2249624	-202	0.239	AG/CA	1	0.256	NA	NA	NA
rs61943524	-202	0.693	AC/CA	1	5.81e-07	1	0.00171032668960676	0.862156154656613
rs61943525	-200	0.597	AG/CT	1	1.1e-06	1	0.000924846084976824	0.975094904978534
rs795482	-200	0.241	AA/CG	1	0.223	NA	NA	NA
rs2463173	-198	0.241	AC/CT	1	0.226	NA	NA	NA
rs17440315	-194	0.693	AG/CA	1	6.42e-07	1	0.00155341057382769	0.894668663954788
rs73220119	-193	0.693	AG/CA	1	6.64e-07	1	0.00150377970304083	0.908423680885917
rs17586342	-191	0.828	AT/CG	1	3.97e-08	1	0.0229098584900071	0.448467353418472
rs61943528	-190	0.7	AA/CG	1	6.47e-07	1	0.00154183946725358	0.899308053595346
rs17440336	-190	0.7	AT/CC	1	7.38e-07	1	0.00135821765402927	0.945418655487385
rs61943535	-185	0.7	AC/CT	1	3.78e-07	1	0.00258906511689949	0.776332452048345
rs61943537	-184	0.7	AC/CT	1	2.89e-07	1	0.00335505284349688	0.664096193865171
rs795473	-183	0.152	AA/CG	1	0.753	NA	NA	NA
rs7136216	-183	0.828	AC/CT	1	6.5e-08	1	0.0142064093443959	0.5695899729523
rs7301950	-183	0.538	AA/CG	1	2.89e-05	0	4.05166577499596e-05	0.999848603904171
rs2018619	-179	0.241	AG/CA	1	0.228	NA	NA	NA
rs148080198	-178	0.138	AT/CC	1	0.0178	NA	NA	NA
rs78690826	-177	0.604	AT/CA	1	6.89e-07	1	0.00145116568948186	0.92018686490421
rs76621503	-174	0.7	AC/CG	1	3.93e-07	1	0.00249363898631318	0.786451149482624
rs61943538	-174	0.7	AT/CC	1	3.73e-07	1	0.00262255106988022	0.771141032569684
rs795481	-174	0.251	AA/CG	1	0.165	NA	NA	NA
rs112462235	-173	0.7	AT/CG	1	7.56e-07	1	0.00132705017602415	0.948098625377484
rs17512142	-167	0.597	AC/CA	1	6.68e-07	1	0.00149510131197359	0.90991878219789
rs75752792	-166	0.693	AA/CC	1	4.92e-07	1	0.00200773313702818	0.819384652508909
rs75571641	-166	0.693	AC/CT	1	4.92e-07	1	0.00200773313702818	0.821392385645937
rs17512177	-161	0.7	AG/CA	1	4.58e-07	1	0.00215130417031993	0.804974046374743
rs17512198	-159	0.7	AG/CT	1	4.65e-07	1	0.00212005776291671	0.80709410413766
rs353896	-157	0.25	AA/CC	1	0.162	NA	NA	NA
rs10507286	-156	0.7	AT/CC	1	4.54e-07	1	0.00216958468235682	0.802822742204423
rs17440433	-152	0.7	AA/CG	1	3.93e-07	1	0.00249363898631318	0.788944788468937
rs61945175	-149	0.828	AG/CA	1	5.34e-08	1	0.0171873010681313	0.523329580004648
rs61945176	-149	0.828	AT/CC	1	5.68e-08	1	0.0161893321972099	0.539518912201858
rs61945177	-146	0.7	AA/CG	1	2.64e-07	1	0.00366141385806848	0.635630959495704
rs11068870	-146	0.828	AC/CA	1	5.13e-08	1	0.0178687770294896	0.506142278936517
rs111491512	-146	0.7	AA/CG	1	3.67e-07	1	0.00266391877180973	0.763232194981669
rs353889	-142	0.255	AA/CT	1	0.149	NA	NA	NA
rs17512219	-142	0.7	AC/CT	1	3.46e-07	1	0.00281981293327698	0.749611717716861
rs2280711	-141	0.828	AT/CC	1	5.8e-08	1	0.0158646514060465	0.555383563607904
rs353887	-141	0.255	AC/CT	1	0.151	NA	NA	NA
rs353886	-140	0.255	AC/CT	1	0.145	NA	NA	NA
rs353885	-140	0.255	AA/CT	1	0.12	NA	NA	NA
rs73222056	-137	0.543	AT/CC	1	4.58e-06	0	0.000235091917379593	0.999578279804516
rs61945180	-137	0.705	AT/CC	1	4.17e-07	1	0.00235501595147725	0.793763207655737
rs61945181	-137	0.705	AG/CA	1	3.9e-07	1	0.00251214645331252	0.783957510496311
rs117331697	-136	0.138	AT/CG	1	0.0214	NA	NA	NA
rs151063831	-135	0.522	AA/CG	1	4.06e-05	0	2.93373571056295e-05	0.999908643895806
rs73222058	-132	0.834	AT/CA	1	4.58e-08	1	0.0199451107354901	0.468412464153963
rs61945182	-132	0.705	AC/CT	1	3.44e-07	1	0.002835636252142	0.746791904783584
rs61945183	-131	0.705	AA/CG	1	3.46e-07	1	0.00281981293327698	0.752431530650138
rs61945184	-127	0.705	AT/CC	1	3.08e-07	1	0.00315498658685157	0.689912804831178
rs1277175	-126	0.262	AA/CC	1	0.138	NA	NA	NA
rs16948193	-126	0.705	AA/CG	1	3.08e-07	1	0.00315498658685157	0.686757818244327
rs1092854	-126	0.255	AA/CC	1	0.151	NA	NA	NA
rs61945187	-124	0.705	AC/CA	1	2.95e-07	1	0.00328913475116789	0.670718111570414
rs643270	-124	0.197	AG/CT	1	0.26	NA	NA	NA
rs61945188	-124	0.705	AT/CC	1	3.84e-07	1	0.00255001462771211	0.781445364042998
rs364823	-123	0.255	AT/CC	1	0.149	NA	NA	NA
rs61945189	-122	0.439	AA/CG	1	4.1e-05	0	2.90656935632681e-05	0.999937709589369
rs61945190	-122	0.692	AT/CA	1	2.66e-07	1	0.00363482035155397	0.642927193705326
rs1151901	-121	0.261	AT/CC	1	0.138	NA	NA	NA
rs372601	-120	0.135	AT/CA	1	0.00222	NA	NA	NA
rs456228	-120	0.253	AC/CT	1	0.152	NA	NA	NA
rs7977403	-120	0.692	AC/CT	1	2.74e-07	1	0.00353226820063432	0.65722127890408
rs61945192	-119	0.705	AG/CC	1	2.64e-07	1	0.00366141385806848	0.639292373353772
rs73205512	-118	0.705	AA/CG	1	3.15e-07	1	0.00308726780657063	0.699251327981826
rs418941	-116	0.255	AC/CT	1	0.154	NA	NA	NA
rs61945206	-115	0.705	AG/CA	1	2.91e-07	1	0.00333278295407519	0.667428976819247
rs16948197	-114	0.705	AG/CA	1	3.08e-07	1	0.00315498658685157	0.683602831657475
rs56033674	-111	0.705	AT/CC	1	3.01e-07	1	0.00322580342160524	0.680447845070624
rs7974718	-110	0.834	AA/CG	1	4.6e-08	1	0.0198610377530643	0.488273501907027
rs708862	-110	0.255	AT/CA	1	0.14	NA	NA	NA
rs708863	-109	0.262	AT/CG	1	0.147	NA	NA	NA
rs3852531	-106	0.439	AG/CC	1	3.87e-05	0	3.07026345299196e-05	0.9998793065387
rs61945210	-104	0.705	AA/CC	1	1.79e-07	1	0.0053298628352356	0.61867067300054
rs58113338	-102	0.705	AG/CC	1	3.17e-07	1	0.00306846018444694	0.705407055972844
rs61945212	-101	0.705	AC/CT	1	2.7e-07	1	0.00358279671370145	0.650131661056416
rs465735	-101	0.261	AG/CA	1	0.118	NA	NA	NA
rs58884645	-100	0.685	AC/CT	1	4.3e-07	1	0.00228628808332927	0.800653157522066
rs795192	-99.5	0.261	AG/CA	1	0.164	NA	NA	NA
rs3852532	-98.3	0.7	AT/CC	1	4.25e-07	1	0.00231223242264305	0.79607544007838
rs61945216	-97.3	0.705	AT/CC	1	3.32e-07	1	0.00293451340362593	0.735278273369738
rs16948204	-95.1	0.705	AC/CT	1	4.29e-07	1	0.00229142936035677	0.798366869438737
rs7303417	-94.5	0.705	AA/CC	1	3.26e-07	1	0.0029866366723504	0.720484865572333
rs11068891	-93.5	0.834	AC/CT	1	3.71e-08	1	0.024465234368959	0.425557494928465
rs353890	-92.5	0.265	AT/CC	1	0.114	NA	NA	NA
rs61945217	-92.1	0.609	AT/CC	1	3.98e-07	1	0.00246340323532243	0.79140819170426
rs61945218	-91	0.705	AC/CT	1	3.1e-07	1	0.00313533131924091	0.693048136150419
rs7963353	-88.4	0.705	AA/CG	1	3.3e-07	1	0.00295168061217977	0.732343759966112
rs7963464	-88.4	0.834	AC/CG	1	3.66e-08	1	0.0247893088678079	0.401092260559506
rs7965350	-86.6	0.705	AT/CA	1	3.26e-07	1	0.0029866366723504	0.717498228899983
rs17433217	-84.2	0.705	AG/CT	1	3.28e-07	1	0.00296905378476111	0.726431738133281
rs61945219	-80.4	0.816	AC/CT	1	9.91e-08	1	0.00944311123022324	0.591384710066206
rs61945220	-80.4	0.694	AT/CC	1	6.75e-07	1	0.00148015748981827	0.912894040999682
rs61945221	-80.4	0.694	AC/CA	1	6.77e-07	1	0.00147594363555446	0.914369984635237
rs73205526	-80.1	0.705	AT/CC	1	3.68e-07	1	0.00265693200276226	0.765889126984432
rs117091919	-80.1	0.609	AT/CC	1	4.82e-07	1	0.00204789163968972	0.811257665146318
rs566437	-79.6	0.249	AG/CA	1	0.147	NA	NA	NA
rs7314987	-79.2	0.609	AT/CC	1	5.76e-07	1	0.00172463683551289	0.860445827967006
rs7954330	-78	0.705	AA/CG	1	4.82e-07	1	0.00204789163968972	0.813305556786008
rs16948230	-76.2	0.685	AG/CA	1	3.62e-07	1	0.00269942215213254	0.75790435743805
rs404566	-76.1	0.168	AT/CA	1	0.455	NA	NA	NA
rs77234097	-76.1	0.138	AA/CG	1	0.0317	NA	NA	NA
rs6490173	-74.7	0.784	AT/CC	1	3.27e-07	1	0.00297781877618635	0.723462684348519
rs73205531	-71.3	0.705	AC/CT	1	5.26e-07	1	0.00188243627859505	0.838691120459693
rs16948234	-70.9	0.705	AA/CG	1	5.65e-07	1	0.00175699558920117	0.856970170776412
rs56708462	-69.2	0.705	AG/CT	1	6.39e-07	1	0.00156043868826281	0.89311525338096
rs61945223	-67.7	0.602	AA/CG	1	8.11e-07	1	0.00124025044554534	0.95438730389193
rs410747	-67.2	0.254	AC/CA	1	0.189	NA	NA	NA
rs55833534	-67.2	0.705	AT/CC	1	6.42e-07	1	0.00155341057382769	0.896222074528615
rs7962185	-65.5	0.705	AG/CT	1	6.39e-07	1	0.00156043868826281	0.889994376004434
rs61945224	-64.7	0.609	AC/CT	1	7.92e-07	1	0.00126889586119619	0.950639511181807
rs61945225	-64.4	0.609	AG/CA	1	8.1e-07	1	0.00124172516282463	0.953147053446384
rs61945226	-63.5	0.705	AA/CG	1	7e-07	1	0.00142918646725778	0.924494326145063
rs9669004	-61.9	0.705	AC/CG	1	8.39e-07	1	0.00120036180350731	0.962908500817826
rs7960802	-61.3	0.439	AT/CC	1	5.34e-05	0	2.26238374648803e-05	0.999960333426834
rs17512407	-60.6	0.609	AC/CT	1	6.91e-07	1	0.00144711829978404	0.921633983203994
rs6490175	-59.8	0.784	AC/CT	1	3.82e-07	1	0.002562897366941	0.778895349415286
rs7957828	-59.6	0.784	AC/CT	1	3.18e-07	1	0.00305914366923696	0.708466199642081
rs61945228	-59.3	0.705	AG/CA	1	6.35e-07	1	0.00156991106311019	0.888433937316171
rs61946063	-58.9	0.784	AA/CC	1	5.48e-07	1	0.0018095160767697	0.853428768042499
rs61946064	-58.8	0.609	AG/CA	1	7.05e-07	1	0.00141941885529856	0.930189550438686
rs12308475	-58.1	0.784	AA/CG	1	3.12e-07	1	0.00311592402483653	0.696164060175256
rs9943819	-54.4	0.784	AA/CG	1	3.41e-07	1	0.00285971358798994	0.743956268531442
rs494005	-52.4	0.254	AC/CA	1	0.189	NA	NA	NA
rs61946067	-50.2	0.696	AC/CT	1	5.88e-07	1	0.0016906945937116	0.868946893788034
rs61946068	-47.5	0.711	AG/CC	1	6.29e-07	1	0.00158434169297413	0.885282108432188
rs79897257	-46.7	0.138	AT/CG	1	0.028	NA	NA	NA
rs7307393	-44.8	0.696	AC/CA	1	5.56e-07	1	0.00178440714471118	0.855213175187211
rs17440669	-42.9	0.696	AC/CA	1	5.84e-07	1	0.00170185626862818	0.86556550460061
rs2784	-41.6	0.6	AC/CT	1	7.07e-07	1	0.00141554984304659	0.931605100281733
rs461499	-41.3	0.162	AG/CA	1	0.422	NA	NA	NA
rs17512483	-40.9	0.593	AC/CA	1	6.88e-07	1	0.00145319805935796	0.918735699214728
rs7309671	-40.1	0.696	AT/CC	1	5.88e-07	1	0.0016906945937116	0.867256199194322
rs11068906	-38.2	0.826	AT/CC	1	7.51e-08	1	0.012351625883683	0.581941598835983
rs17512525	-37.8	0.696	AA/CG	1	6.46e-07	1	0.00154413959947689	0.897766214128092
rs17440774	-37.2	0.696	AG/CA	1	3.76e-07	1	0.00260235436176182	0.773743386931446
rs7302387	-36.8	0.615	AA/CG	1	7.9e-07	1	0.00127198994312617	0.94937061532061
rs7294498	-31.6	0.778	AA/CC	1	3.29e-07	1	0.00296034122065212	0.729392079353933
rs61943362	-31.3	0.6	AT/CC	1	6.87e-07	1	0.00145523624589132	0.91728250115537
rs78468793	-29	0.138	AT/CA	1	0.0298	NA	NA	NA
rs7961312	-28.9	0.615	AG/CT	1	7.38e-07	1	0.00135821765402927	0.944060437833356
rs11068908	-26	0.839	AT/CC	1	2.92e-08	1	0.03086197246288	0.198147366489872
rs575121	-22.7	0.172	AA/CG	1	0.356	NA	NA	NA
rs73205551	-22.5	0.778	AC/CA	1	2.04e-07	1	0.00469715737753711	0.623367830378077
rs11068910	-17.2	0.79	AT/CC	1	2.04e-07	1	0.00469715737753711	0.628064987755615
rs12229607	-15	0.839	AT/CC	1	2.89e-08	1	0.031172758974667	0.167285394026992
rs61943364	-14.6	0.711	AC/CG	1	3.35e-07	1	0.00290914078685672	0.741096554943452
rs61943365	-14.1	0.808	AG/CT	1	1.2e-07	1	0.00784667311456411	0.59923138318077
rs17512574	-3.12	0.857	AT/CC	1	3.72e-07	1	0.00262935451537203	0.768518481499804
rs17619932	-1.09	0.988	AT/CC	1	1.8e-08	1	0.0493590404581	0.100370075140091
rs56284927	-0.552	0.851	AA/CT	1	3.25e-07	1	0.00299550795650666	0.714511592227632
rs17440823	-0.292	0.851	AC/CG	1	3.19e-07	1	0.0030498846290448	0.711516084271126
rs673078	0.321	0.621	AC/CA	1	0.000105	0	1.19364670372801e-05	0.999994538288074
rs17512609	0.757	0.839	AA/CC	1	3.67e-07	1	0.00266391877180973	0.76056827620986
rs11068919	1.61	0.951	AA/CG	1	2.51e-08	1	0.035742559912234	0.136112635052325
rs571113	2.3	0.212	AA/CG	1	0.254	NA	NA	NA
rs6490177	4.96	0.916	AA/CC	1	1.23e-07	1	0.00766142600283399	0.606892809183604
rs17512644	6.65	0.82	AA/CG	1	5.07e-07	1	0.00195041790297411	0.827262282493037
rs17512652	7.96	0.814	AG/CC	1	5.82e-07	1	0.00170749367536935	0.863863648331982
rs17440893	9.22	0.82	AT/CC	1	6.18e-07	1	0.00161151321730253	0.882110993584523
rs793596	9.64	0.139	AG/CA	1	0.51	NA	NA	NA
rs1909617	10.7	0.82	AA/CG	1	8.13e-07	1	0.00123731170922008	0.95562461560115
rs2036489	11.3	0.918	AC/CG	1	3.52e-07	1	0.00277340463577974	0.755204935285917
rs10083190	12.1	0.918	AA/CC	1	5.1e-07	1	0.00193935283432545	0.829201635327362
rs10082823	12.1	0.918	AC/CA	1	9.64e-07	1	0.00105011367176413	0.973122038324307
rs61943367	13	0.82	AT/CG	1	7.2e-07	1	0.00139091644499155	0.937202706963871
rs61943368	13.3	0.82	AT/CG	1	7.25e-07	1	0.00138167334836872	0.939967892239253
rs2036314	13.8	0.957	AT/CA	1	3.32e-08	1	0.0272479660048705	0.376302951691699
rs11068926	14	0.951	AA/CT	1	2.98e-08	1	0.0302589134524241	0.258863534527958
rs2062519	14.3	0.912	AT/CC	1	3.15e-07	1	0.00308726780657063	0.702338595788397
rs4442583	14.6	0.945	AT/CG	1	2.96e-08	1	0.0304572545856622	0.228604621075534
rs61943369	14.8	0.951	AT/CC	1	2.99e-08	1	0.0301607240330774	0.289024258561036
rs61943370	16.2	0.945	AA/CG	1	2.99e-08	1	0.0301607240330774	0.319184982594113
rs61943371	16.3	0.945	AT/CC	1	3.02e-08	1	0.0298700030927151	0.349054985686828
rs61943385	17	0.814	AC/CT	1	6.39e-07	1	0.00156043868826281	0.891554814692697
rs572869	17	0.119	AA/CG	1	0.00594	NA	NA	NA
rs519480	17.6	0.213	AA/CG	1	0.267	NA	NA	NA
rs55929628	18	0.723	AT/CC	1	7.08e-07	1	0.00141362339565954	0.933018723677392
rs514826	18.2	0.119	AG/CA	1	0.00513	NA	NA	NA
rs76842574	18.5	0.912	AA/CG	1	2.97e-07	1	0.00326774455223722	0.673985856122652
rs56324376	18.8	0.912	AC/CT	1	3e-07	1	0.00323618552636665	0.677222041649018
rs59594854	20.7	0.912	AT/CC	1	2.72e-07	1	0.00355734964702981	0.653689010703446
rs61943388	21.3	0.82	AG/CT	1	7.24e-07	1	0.00138351192701315	0.938586218890885
rs503548	21.3	0.212	AG/CT	1	0.262	NA	NA	NA
rs4766899	21.6	0.918	AT/CC	1	3.35e-07	1	0.00290914078685672	0.738187414156595
rs4766900	21.8	0.826	AA/CG	1	6.3e-07	1	0.00158191782087354	0.886864026253061
rs117199005	22.7	0.121	AG/CA	1	0.0506	NA	NA	NA
rs884844	23.7	0.82	AT/CC	1	5.96e-07	1	0.00166881328056193	0.872298127910916
rs61943389	24.2	0.82	AT/CA	1	5.24e-07	1	0.0018893638906232	0.834922790584793
rs885349	24.2	0.201	AA/CG	1	0.124	NA	NA	NA
rs523011	24.3	0.212	AC/CG	1	0.263	NA	NA	NA
rs10850967	26.8	0.918	AA/CG	1	2.47e-07	1	0.00390455788202089	0.631969545637635
rs7299040	27.3	0.82	AA/CC	1	4.86e-07	1	0.00203163320240717	0.817376919371881
rs139604991	27.8	0.121	AC/CG	1	0.0453	NA	NA	NA
rs7967900	28.6	0.82	AA/CG	1	5.42e-07	1	0.00182882601618693	0.849803345614399
rs7968011	28.7	0.82	AA/CG	1	5.38e-07	1	0.0018419345790842	0.846135880096558
rs61943391	29.3	0.808	AA/CG	1	5.46e-07	1	0.00181590635133025	0.85161925196573
rs61943392	29.3	0.808	AT/CC	1	6.28e-07	1	0.00158677315469019	0.883697766739214
rs61943393	30.3	0.808	AC/CT	1	5.2e-07	1	0.00190337631513881	0.833033426694169
rs73205576	31	0.808	AA/CG	1	5.25e-07	1	0.00188589359630549	0.836808684181098
rs7315458	31.4	0.912	AA/CG	1	1.47e-07	1	0.00644800098170029	0.613340810165305
rs73205579	31.8	0.723	AG/CT	1	9.21e-07	1	0.00109727508222362	0.970983748608213
rs56133316	32.1	0.814	AC/CT	1	5.31e-07	1	0.0018653418003792	0.842428603717095
rs2055534	33.2	0.814	AA/CG	1	5.31e-07	1	0.0018653418003792	0.844293945517474
rs56157623	34.8	0.814	AG/CC	1	5.05e-07	1	0.00195786643802736	0.825311864590063
rs56275187	36.3	0.723	AA/CG	1	7.04e-07	1	0.00142136146545142	0.928770131583388
rs7304342	36.9	0.82	AC/CT	1	5.91e-07	1	0.0016824208423201	0.870629314630354
rs4767669	37.3	0.814	AA/CG	1	6.05e-07	1	0.00164487710412791	0.875601092826226
rs4767670	37.4	0.814	AA/CT	1	6.05e-07	1	0.00164487710412791	0.877245969930353
rs492939	37.6	0.212	AG/CA	1	0.254	NA	NA	NA
rs61943397	37.7	0.82	AG/CA	1	5.67e-07	1	0.00175102035508141	0.858721191131493
rs950288	38.9	0.808	AC/CG	1	5.29e-07	1	0.00187214145702277	0.840563261916716
rs61943398	40	0.82	AT/CA	1	4.84e-07	1	0.00203972938346561	0.815345286169473
rs484838	40.3	0.212	AC/CT	1	0.261	NA	NA	NA
rs61943399	40.3	0.814	AC/CG	1	5.13e-07	1	0.00192841505166828	0.831130050379031
rs17440942	40.7	0.814	AC/CT	1	5.39e-07	1	0.0018386395016541	0.847974519598213
rs17440956	41.3	0.723	AA/CG	1	7.94e-07	1	0.00126581710175323	0.95190532828356
rs7137055	41.7	0.814	AG/CA	1	6.55e-07	1	0.00152368703368964	0.903888136083124
rs7137184	41.8	0.814	AT/CA	1	6.55e-07	1	0.00152368703368964	0.902364449049435
rs4767671	42.7	0.723	AA/CG	1	8.13e-07	1	0.00123731170922008	0.95686192731037
rs4767672	43.7	0.814	AG/CC	1	7.01e-07	1	0.00142722198643671	0.927348770117936
rs73205594	43.9	0.814	AG/CA	1	7.01e-07	1	0.00142722198643671	0.9259215481315
rs61943400	44.9	0.814	AT/CG	1	6.58e-07	1	0.00151699176801585	0.90540512785114
rs61943401	45.2	0.814	AT/CG	1	6.99e-07	1	0.00143115647381143	0.923065139677805
rs61943402	45.5	0.814	AC/CT	1	7.19e-07	1	0.0013927802289246	0.93581179051888
rs61943403	46.6	0.82	AC/CG	1	6.68e-07	1	0.00149510131197359	0.911413883509864
rs7309484	47.5	0.814	AT/CC	1	7.36e-07	1	0.00136177320022329	0.942702220179326
rs17512763	47.7	0.814	AC/CT	1	7.41e-07	1	0.00135291971407511	0.94677157520146
rs61943404	48.7	0.814	AA/CG	1	8.65e-07	1	0.00116559632802028	0.966452979766229
rs7136676	50.3	0.814	AT/CC	1	9.66e-07	1	0.00104802056924974	0.974170058893557
rs7136004	50.4	0.242	AC/CG	1	0.771	NA	NA	NA
rs17441033	50.8	0.814	AG/CA	1	6.14e-07	1	0.00162163106609746	0.880499480367221
rs59848754	50.9	0.102	AA/CC	1	0.00213	NA	NA	NA
rs61943405	51.7	0.814	AG/CT	1	8.38e-07	1	0.00120174127406878	0.961708139014319
rs61943406	52.5	0.814	AA/CT	1	8.23e-07	1	0.00122282864927258	0.958084755959642
rs882926	53.4	0.103	AT/CC	1	0.00139	NA	NA	NA
rs882927	53.4	0.82	AA/CG	1	7.15e-07	1	0.00140028661256288	0.934419010289955
rs56190986	55.1	0.541	AT/CC	1	5.43e-05	0	2.22683942022924e-05	0.999982601821037
rs55659011	55.2	0.814	AA/CG	1	8.36e-07	1	0.00120450994611778	0.96050639774025
rs2393403	55.9	0.814	AA/CG	1	8.47e-07	1	0.00118944131019117	0.965287383438209
rs17441061	56.5	0.814	AG/CT	1	1.13e-06	1	0.000901206572945604	0.975996111551479
rs17441075	57.2	0.814	AC/CT	1	8.47e-07	1	0.00118944131019117	0.964097942128018
rs77121631	58	0.138	AG/CA	1	0.032	NA	NA	NA
rs7968371	58.4	0.912	AT/CC	1	2.67e-07	1	0.00362167063738823	0.646548864342715
rs965524	59	0.814	AC/CG	1	6.86e-07	1	0.00145728027424189	0.915827264909478
rs7307953	59.5	0.175	AT/CC	1	0.722	NA	NA	NA
rs7312555	60.8	0.723	AT/CC	1	8.27e-07	1	0.00121713183449008	0.959301887794133
rs1060964	61.6	0.82	AC/CG	1	6e-07	1	0.00165808781118203	0.873956215722098
rs61943443	63.3	0.814	AG/CA	1	6.59e-07	1	0.00151477333173578	0.906919901182876
rs2279833	63.7	0.102	AA/CG	1	0.00129	NA	NA	NA
rs8467	64.2	0.82	AA/CT	1	7.3e-07	1	0.00137255473984989	0.941340446979103
rs7795	64.3	0.242	AG/CA	1	0.857	NA	NA	NA
rs7305647	64.4	0.814	AA/CG	1	6.1e-07	1	0.00163187937077003	0.878877849301123
rs7295288	64.7	0.79	AC/CT	1	2.51e-06	0	0.000418512476504319	0.997765483119398
rs7132753	67.1	0.814	AA/CG	1	4.66e-07	1	0.00211566936896888	0.809209773506628
rs7307848	67.4	0.101	AT/CC	1	0.00202	NA	NA	NA
rs61943444	68.3	0.814	AT/CC	1	6.51e-07	1	0.00153270842039911	0.900840762015745
rs2062522	68.5	0.242	AC/CT	1	0.809	NA	NA	NA
rs7316527	69.5	0.179	AC/CT	1	0.456	NA	NA	NA
rs955134	69.9	0.182	AA/CG	1	0.471	NA	NA	NA
rs61943445	70.4	0.125	AG/CA	1	0.000113	NA	NA	NA
rs55957752	71	0.181	AG/CA	1	0.518	NA	NA	NA
rs7960344	71.3	0.104	AT/CC	1	0.000575	NA	NA	NA
rs56237350	72.3	0.104	AA/CG	1	0.000611	NA	NA	NA
rs1503770	73.3	0.24	AA/CG	1	0.73	NA	NA	NA
rs117755452	74.3	0.138	AT/CC	1	0.0319	NA	NA	NA
rs7311865	74.4	0.102	AA/CG	1	0.000693	NA	NA	NA
rs4304821	74.6	0.253	AC/CT	1	0.754	NA	NA	NA
rs73207504	74.6	0.808	AG/CT	1	8.73e-07	1	0.00115530884872944	0.967608288614959
rs4766901	75.3	0.248	AT/CG	1	0.524	NA	NA	NA
rs17625679	75.9	0.196	AT/CC	1	0.478	NA	NA	NA
rs60840022	76.2	0.196	AT/CC	1	0.467	NA	NA	NA
rs73207564	76.3	0.808	AG/CA	1	9.29e-07	1	0.0010881760443303	0.972071924652543
rs17441172	77.1	0.808	AG/CA	1	8.77e-07	1	0.00115023429183393	0.968758522906792
rs61943447	77.3	0.808	AA/CC	1	8.95e-07	1	0.00112795061919675	0.969886473525989
rs12581553	78.3	0.104	AA/CT	1	0.00118	NA	NA	NA
rs7952833	79.5	0.237	AT/CG	1	0.632	NA	NA	NA
rs4366521	80.4	0.236	AG/CT	1	0.614	NA	NA	NA
rs34365267	80.9	0.179	AT/CC	1	0.432	NA	NA	NA
rs58833755	82.6	0.179	AA/CG	1	0.416	NA	NA	NA
rs1013641	83.2	0.179	AT/CC	1	0.438	NA	NA	NA
rs17441214	83.4	0.675	AC/CT	1	3.59e-06	0	0.000296896697344369	0.998798701503695
rs7966814	84.4	0.177	AG/CA	1	0.43	NA	NA	NA
rs56347775	84.7	0.778	AC/CT	1	1.94e-06	0	0.0005359700093849	0.994494489367853
rs7980279	84.7	0.235	AC/CG	1	0.667	NA	NA	NA
rs7970613	85.1	0.227	AG/CA	1	0.648	NA	NA	NA
rs61943451	85.6	0.772	AT/CA	1	1.79e-06	1	0.000579055217168709	0.991691957381047
rs61943452	85.7	0.772	AA/CG	1	1.79e-06	0	0.000579055217168709	0.99053384694671
rs56080343	85.8	0.918	AC/CT	1	2.75e-07	1	0.0035198621175943	0.660741141021674
rs61943454	85.8	0.772	AC/CT	1	1.79e-06	0	0.000579055217168709	0.992271012598216
rs61943455	86.1	0.772	AG/CC	1	1.79e-06	0	0.000579055217168709	0.991112902163878
rs7974630	86.1	0.234	AG/CA	1	0.616	NA	NA	NA
rs73207566	86.2	0.772	AA/CT	1	2.02e-06	0	0.000515562792976753	0.995533078853
rs2393415	86.5	0.778	AC/CT	1	1.76e-06	1	0.000588537069280582	0.987622907469229
rs2393416	86.7	0.778	AA/CC	1	1.78e-06	1	0.00058218095942255	0.988790429810696
rs2893771	86.7	0.493	AT/CC	1	0.000241	0	5.46171192617264e-06	1
rs4406856	86.8	0.778	AA/CG	1	1.75e-06	1	0.000591768618619728	0.987034370399949
rs4457791	86.8	0.778	AG/CT	1	1.7e-06	1	0.000608486184417938	0.983433873472919
rs61943456	87	0.778	AC/CT	1	2.16e-06	0	0.000483425219513049	0.996016504072513
rs17513006	87.1	0.778	AC/CT	1	1.75e-06	1	0.000591768618619728	0.986442601781329
rs61943457	87.2	0.778	AA/CG	1	1.81e-06	0	0.000572905500791893	0.993419881682917
rs113936680	87.3	0.778	AA/CG	1	2.19e-06	0	0.000477063741469209	0.996493567813982
rs55842338	87.9	0.778	AC/CT	1	1.8e-06	0	0.00057596358390921	0.992846976182125
rs17441251	88	0.778	AG/CA	1	1.78e-06	1	0.00058218095942255	0.989372610770119
rs17625759	88.6	0.101	AT/CC	1	0.000723	NA	NA	NA
rs17513013	88.8	0.772	AA/CG	1	1.93e-06	0	0.000538637675550887	0.993958519358468
rs7958551	89.3	0.772	AG/CA	1	1.69e-06	1	0.000611946244331179	0.981601494799839
rs7958652	89.3	0.772	AG/CA	1	1.67e-06	1	0.000618988428367225	0.979146667638478
rs111607725	89.6	0.772	AA/CG	1	1.69e-06	1	0.000611946244331179	0.982825387288501
rs1971322	90.4	0.237	AT/CC	1	0.629	NA	NA	NA
rs76809232	91.7	0.767	AC/CA	1	1.78e-06	1	0.00058218095942255	0.989954791729541
rs1018147	92	0.179	AG/CA	1	0.475	NA	NA	NA
rs61944660	92	0.767	AA/CT	1	1.77e-06	1	0.00058534138204397	0.988208248851273
rs1106349	92.1	0.237	AA/CG	1	0.73	NA	NA	NA
rs61944661	92.2	0.761	AC/CT	1	1.99e-06	0	0.000523026692170199	0.995017516060023
rs61944662	92.2	0.767	AC/CT	1	4.69e-06	0	0.000229807441905011	0.999808087246421
rs4254101	92.6	0.767	AA/CT	1	1.69e-06	1	0.000611946244331179	0.98221344104417
rs4254102	92.6	0.237	AG/CT	1	0.652	NA	NA	NA
rs4622305	92.6	0.772	AG/CA	1	1.71e-06	1	0.000605065871669272	0.985252491400676
rs2393418	92.7	0.767	AC/CG	1	1.71e-06	1	0.000605065871669272	0.984647425529006
rs1500090	92.7	0.179	AC/CT	1	0.477	NA	NA	NA
rs73207575	93.4	0.767	AC/CT	1	1.69e-06	1	0.000611946244331179	0.980377602311176
rs61944663	93.6	0.767	AC/CT	1	1.67e-06	1	0.000618988428367225	0.979765656066845
rs73207577	93.7	0.767	AG/CA	1	1.7e-06	1	0.000608486184417938	0.984042359657337
rs73207578	93.8	0.767	AG/CC	1	1.69e-06	1	0.000611946244331179	0.980989548555507
rs73207579	93.8	0.767	AC/CT	1	1.64e-06	1	0.000629867898022038	0.977908690781743
rs61944664	93.8	0.767	AG/CA	1	1.73e-06	1	0.000598341762033924	0.985850833162709
rs7957204	93.9	0.178	AC/CT	1	0.578	NA	NA	NA
rs7969871	94	0.767	AA/CG	1	1.67e-06	1	0.000618988428367225	0.978527679210111
rs7970361	94.4	0.767	AT/CG	1	2.56e-06	0	0.000410663198138316	0.998176146317536
rs61944668	95.1	0.664	AC/CA	1	3.96e-06	0	0.000270251293539797	0.999343187887136
rs61944669	95.2	0.767	AC/CT	1	1.58e-06	1	0.000652843434219989	0.976648954985699
rs61944670	95.4	0.767	AA/CG	1	1.64e-06	1	0.000629867898022038	0.977278822883721
rs34161622	95.6	0.18	AG/CA	1	0.621	NA	NA	NA
rs12578277	95.7	0.183	AC/CG	1	0.596	NA	NA	NA
rs12578306	95.9	0.101	AG/CA	1	0.000631	NA	NA	NA
rs7965186	96	0.18	AC/CT	1	0.599	NA	NA	NA
rs7962145	96	0.183	AT/CA	1	0.568	NA	NA	NA
rs7968734	96.6	0.18	AC/CT	1	0.63	NA	NA	NA
rs61944671	96.7	0.767	AC/CA	1	3.9e-06	0	0.000274235089901231	0.999072936593596
rs61944672	96.8	0.767	AA/CG	1	2.48e-06	0	0.000423371125492839	0.997346970642893
rs1503769	97	0.232	AC/CG	1	0.857	NA	NA	NA
rs61944673	97	0.761	AG/CC	1	2.44e-06	0	0.000430031703418459	0.9969235995174
rs1553429	97.6	0.297	AA/CG	1	0.251	NA	NA	NA
