SNP	KB	R2	Alleles	F	P	inCredible	probNorm	cumSum
rs1991556	0	1	A	1	8.59e-09	1	0.0594610599954725	0.0594610599954725
rs117642368	-684	0.185	AC/GG	1	0.00607	NA	NA	NA
rs10853050	-638	0.105	AA/GG	1	0.66	NA	NA	NA
rs9303471	-627	0.103	AA/GC	1	0.862	NA	NA	NA
rs62064594	-623	0.454	AA/GG	1	1.47e-06	0	0.000410807201233063	0.993248401117844
rs62064595	-623	0.453	AG/GA	1	8.07e-07	0	0.000731604252748911	0.991814104378032
rs61572747	-623	0.355	AG/GA	1	2.89e-06	NA	NA	NA
rs1230064	-622	0.123	AG/GA	1	0.00353	NA	NA	NA
rs1230065	-622	0.127	AG/GT	1	0.00382	NA	NA	NA
rs79724577	-620	0.668	AC/GA	1	2.99e-07	1	0.00190604092613458	0.987040297522132
rs1230066	-619	0.127	AC/GG	1	0.00301	NA	NA	NA
rs1230067	-618	0.13	AA/GG	1	0.00372	NA	NA	NA
rs1230068	-617	0.128	AC/GT	1	0.00358	NA	NA	NA
rs1230069	-617	0.128	AG/GC	1	0.00357	NA	NA	NA
rs1230070	-617	0.128	AT/GC	1	0.00343	NA	NA	NA
rs1230071	-617	0.128	AT/GC	1	0.00388	NA	NA	NA
rs1230072	-616	0.128	AT/GC	1	0.00315	NA	NA	NA
rs1230073	-616	0.128	AT/GG	1	0.00351	NA	NA	NA
rs1234593	-616	0.131	AC/GT	1	0.00327	NA	NA	NA
rs10438778	-615	0.126	AG/GA	1	0.00276	NA	NA	NA
rs1230074	-615	0.111	AT/GA	1	0.492	NA	NA	NA
rs2905453	-615	0.111	AA/GG	1	0.494	NA	NA	NA
rs1230089	-615	0.11	AC/GT	1	0.502	NA	NA	NA
rs1230090	-615	0.11	AA/GG	1	0.477	NA	NA	NA
rs1230091	-614	0.109	AG/GA	1	0.465	NA	NA	NA
rs1237651	-614	0.109	AT/GC	1	0.464	NA	NA	NA
rs1230092	-614	0.109	AA/GC	1	0.468	NA	NA	NA
rs1230093	-614	0.109	AG/GA	1	0.46	NA	NA	NA
rs1230094	-613	0.109	AG/GA	1	0.459	NA	NA	NA
rs732589	-613	0.107	AC/GT	1	0.423	NA	NA	NA
rs7613	-612	0.101	AG/GA	1	0.451	NA	NA	NA
rs4763	-612	0.653	AA/GG	1	2.77e-07	1	0.0020520355270865	0.985134256595998
rs62064597	-610	0.663	AG/GC	1	1.52e-07	1	0.00366500855071499	0.959520563933044
rs1230095	-609	0.124	AC/GG	1	0.701	NA	NA	NA
rs62064598	-609	0.678	AG/GC	1	1.52e-07	1	0.00366500855071499	0.955855555382329
rs2028078	-607	0.678	AA/GG	1	1.31e-07	1	0.00423187044731915	0.924807248584816
rs1230096	-607	0.129	AA/GT	1	0.647	NA	NA	NA
rs1230097	-607	0.114	AA/GT	1	0.00106	NA	NA	NA
rs56220387	-607	0.689	AG/GA	1	1.08e-07	1	0.00510109277516217	0.771636880839383
rs1230098	-605	0.129	AC/GA	1	0.645	NA	NA	NA
rs1230099	-605	0.13	AG/GA	1	0.634	NA	NA	NA
rs55793500	-604	0.678	AC/GT	1	1.36e-07	1	0.00408127328189375	0.932969795148604
rs62064600	-603	0.678	AA/GG	1	1.68e-07	1	0.00332693473095441	0.969929903836102
rs1230100	-603	0.112	AC/GG	1	0.000937	NA	NA	NA
rs77044114	-601	0.113	AT/GC	1	0.0847	NA	NA	NA
rs56236914	-600	0.678	AT/GC	1	1.85e-07	1	0.00303090731224582	0.972960811148348
rs1230101	-600	0.129	AG/GA	1	0.689	NA	NA	NA
rs62064603	-599	0.678	AT/GC	1	9.05e-08	1	0.00605312340885449	0.642153239736784
rs73984391	-599	0.678	AT/GG	1	2.33e-07	1	0.00242522769939774	0.980762704678638
rs1230102	-598	0.126	AG/GA	1	0.87	NA	NA	NA
rs62064637	-598	0.678	AG/GT	1	2.44e-07	1	0.00231951639027343	0.983082221068911
rs1230103	-598	0.127	AG/GA	1	0.791	NA	NA	NA
rs36078910	-596	0.682	AA/GG	1	1.57e-07	1	0.00355207370573896	0.963072637638783
rs35389313	-596	0.682	AC/GT	1	1.25e-07	1	0.00442823735027165	0.907523558168348
rs35327136	-596	0.683	AA/GC	1	1.5e-07	1	0.0037122575722673	0.952190546831614
rs1230106	-595	0.115	AG/GA	1	1.91e-05	NA	NA	NA
rs8071011	-595	0.682	AT/GC	1	1.24e-07	1	0.00446278403973686	0.903095320818076
rs62064641	-595	0.682	AC/GT	1	1.12e-07	1	0.00492468178140816	0.826723907618238
rs62064643	-593	0.693	AA/GG	1	9.73e-08	1	0.00564312533558951	0.724288324404151
rs34063617	-592	0.682	AA/GG	1	2.13e-07	1	0.00264492911681704	0.97833747697924
rs12940792	-591	0.682	AT/GC	1	1.18e-07	1	0.00468216727746447	0.893950369500875
rs2102989	-591	0.115	AG/GA	1	2.13e-05	NA	NA	NA
rs12947718	-590	0.682	AA/GG	1	1.42e-07	1	0.0039143507081718	0.940880184054503
rs71373560	-590	0.682	AT/GC	1	1.14e-07	1	0.00484105028295833	0.860862154094295
rs34915103	-590	0.682	AG/GC	1	1.14e-07	1	0.00484105028295833	0.84633900324542
rs12942951	-590	0.663	AC/GT	1	2.06e-07	1	0.00273173671407519	0.975692547862423
rs1230075	-589	0.122	AG/GA	1	0.495	NA	NA	NA
rs35884427	-588	0.682	AA/GG	1	1.15e-07	1	0.00480030909222422	0.86566246318652
rs34286926	-588	0.687	AG/GA	1	1.05e-07	1	0.00524208463317527	0.740610825885759
rs1230077	-587	0.127	AG/GA	1	0.000127	NA	NA	NA
rs56378631	-587	0.687	AC/GT	1	1.06e-07	1	0.00519421398774762	0.75624133849443
rs12946723	-587	0.687	AT/GC	1	1.11e-07	1	0.00496761042703222	0.816831615409797
rs12952764	-586	0.687	AA/GG	1	1.12e-07	1	0.00492468178140816	0.831648589399646
rs1230078	-586	0.117	AC/GT	1	0.519	NA	NA	NA
rs1230079	-585	0.125	AC/GT	1	0.558	NA	NA	NA
rs35420583	-585	0.687	AT/GC	1	1.1e-07	1	0.0050113077154247	0.796917476413276
rs34792542	-585	0.687	AG/GA	1	1.3e-07	1	0.00426335845456316	0.920575378137497
rs2106720	-585	0.125	AT/GC	1	0.535	NA	NA	NA
rs35519908	-584	0.687	AC/GT	1	1.1e-07	1	0.0050113077154247	0.801928784128701
rs12942666	-584	0.687	AG/GA	1	1.01e-07	1	0.00544289999200912	0.735368741252584
rs1230082	-583	0.126	AC/GG	1	0.578	NA	NA	NA
rs62064645	-583	0.698	AA/GG	1	8.85e-08	1	0.00618551587112592	0.605499836604369
rs62064646	-583	0.687	AA/GG	1	1.26e-07	1	0.00439423075729315	0.911917788925641
rs62064647	-583	0.687	AA/GG	1	1.07e-07	1	0.00514722478489585	0.761388563279325
rs1230083	-583	0.117	AG/GA	1	2.36e-05	NA	NA	NA
rs7222389	-582	0.687	AC/GT	1	9.19e-08	1	0.00596382713209929	0.666077988466687
rs55648326	-582	0.687	AC/GT	1	1.08e-07	1	0.00510109277516217	0.776737973614546
rs1230085	-582	0.117	AG/GA	1	2.51e-05	NA	NA	NA
rs56212100	-581	0.682	AA/GG	1	9.67e-08	1	0.00567701614335582	0.718645199068561
rs62064649	-581	0.687	AG/GA	1	9.33e-08	1	0.00587717131520557	0.689784043486138
rs35626715	-581	0.687	AC/GT	1	9.43e-08	1	0.00581682638403803	0.695600869870176
rs1230086	-580	0.115	AC/GT	1	3.12e-05	NA	NA	NA
rs76344126	-580	0.698	AA/GG	1	9.74e-08	1	0.00563751685642396	0.729925841260575
rs7209501	-580	0.693	AC/GA	1	1.05e-07	1	0.00524208463317527	0.745852910518934
rs1230087	-579	0.115	AC/GT	1	2.95e-05	NA	NA	NA
rs2959953	-576	0.125	AC/GG	1	0.609	NA	NA	NA
rs12949256	-576	0.698	AT/GC	1	1.18e-07	1	0.00468216727746447	0.898632536778339
rs7220206	-576	0.698	AA/GG	1	1.26e-07	1	0.00439423075729315	0.916312019682934
rs7222444	-576	0.698	AG/GA	1	1.14e-07	1	0.00484105028295833	0.856021103811337
rs12939187	-575	0.698	AT/GG	1	1.18e-07	1	0.00468216727746447	0.884586034945946
rs34018943	-575	0.698	AG/GA	1	1.14e-07	1	0.00484105028295833	0.851180053528379
rs34104358	-575	0.698	AT/GG	1	1.09e-07	1	0.00505579459271875	0.786894860982426
rs62064652	-574	0.693	AG/GA	1	8.67e-08	1	0.00630981211048622	0.599314320733243
rs62064653	-574	0.693	AT/GC	1	8.97e-08	1	0.00610538247692524	0.63002750278251
rs56020833	-574	0.698	AT/GC	1	9.46e-08	1	0.00579896798813816	0.701399837858314
rs55642947	-573	0.698	AC/GG	1	9.48e-08	1	0.0057871242480059	0.70718696210632
rs2684631	-573	0.128	AG/GA	1	0.609	NA	NA	NA
rs34465449	-572	0.698	AA/GC	1	1.12e-07	1	0.00492468178140816	0.841497952962462
rs2959950	-572	0.124	AC/GT	1	0.527	NA	NA	NA
rs12946900	-571	0.698	AG/GA	1	1.1e-07	1	0.0050113077154247	0.791906168697851
rs56168933	-571	0.698	AA/GG	1	9.22e-08	1	0.00594503980390131	0.672023028270588
rs55790407	-571	0.698	AC/GG	1	1.11e-07	1	0.00496761042703222	0.806896394555733
rs11012	-570	0.693	AT/GC	1	6.85e-08	1	0.00792716258335868	0.54465749052155
rs9730	-570	0.698	AG/GC	1	1.11e-07	1	0.00496761042703222	0.82179922583683
rs62064654	-570	0.698	AT/GC	1	1.06e-07	1	0.00519421398774762	0.751047124506682
rs62064655	-568	0.698	AA/GG	1	1.16e-07	1	0.00476025980912129	0.870422722995641
rs36114997	-568	0.698	AG/GA	1	1.16e-07	1	0.00476025980912129	0.875182982804762
rs17631303	-567	0.698	AG/GA	1	9.13e-08	1	0.00600176662945892	0.648155006366243
rs1317946	-567	0.123	AC/GA	1	0.521	NA	NA	NA
rs62064657	-566	0.698	AA/GG	1	9.02e-08	1	0.00607261354542029	0.63610011632793
rs35489312	-566	0.698	AC/GT	1	1.17e-07	1	0.00472088486371906	0.879903867668481
rs6503437	-565	0.123	AG/GA	1	0.554	NA	NA	NA
rs117029704	-564	0.143	AT/GG	1	0.0535	NA	NA	NA
rs2684641	-563	0.698	AG/GA	1	1.39e-07	1	0.00399603819772759	0.936965833346331
rs62065376	-562	0.693	AG/GC	1	1.11e-07	1	0.00496761042703222	0.811864004982765
rs62065378	-561	0.698	AC/GT	1	1.07e-07	1	0.00514722478489585	0.766535788064221
rs113575082	-559	0.698	AT/GC	1	7.95e-08	1	0.00686239183604102	0.572921499927963
rs71373572	-558	0.698	AA/GG	1	9.22e-08	1	0.00594503980390131	0.67796806807449
rs62065379	-558	0.698	AT/GC	1	7.8e-08	1	0.00699015492956032	0.566059108091922
rs112538459	-556	0.698	AT/GC	1	8.93e-08	1	0.00613185787341481	0.623922120305584
rs2077606	-554	0.698	AA/GG	1	8.93e-08	1	0.00613185787341481	0.617790262432169
rs56278545	-553	0.117	AG/GA	1	3.98e-05	NA	NA	NA
rs8075717	-549	0.115	AT/GC	1	2.22e-05	NA	NA	NA
rs2960000	-549	0.686	AC/GT	1	1.49e-07	1	0.00373635037638039	0.948478289259347
rs62065385	-549	0.697	AT/GC	1	7.48e-08	1	0.00727958072341164	0.551937071244962
rs4588023	-547	0.124	AT/GC	1	0.415	NA	NA	NA
rs55703888	-547	0.698	AT/GC	1	8.89e-08	1	0.00615856795438577	0.611658404558755
rs56005713	-547	0.698	AT/GC	1	9.23e-08	1	0.0059388040964427	0.683906872170932
rs111423688	-545	0.698	AA/GG	1	8.07e-08	1	0.00676355126116478	0.579685051189128
rs62065389	-545	0.698	AG/GT	1	7.64e-08	1	0.00713188191739981	0.559068953162362
rs4792816	-542	0.122	AT/GC	1	0.33	NA	NA	NA
rs2139890	-542	0.698	AA/GC	1	9.17e-08	1	0.00597641928883961	0.660114161334588
rs3946526	-542	0.698	AT/GC	1	8.22e-08	1	0.00664399969594066	0.593004508622757
rs2078200	-542	0.124	AT/GC	1	0.321	NA	NA	NA
rs2521819	-540	0.109	AC/GT	1	0.359	NA	NA	NA
rs55663797	-539	0.729	AA/GG	1	4.18e-08	1	0.0127942443490872	0.35264969676944
rs1879581	-538	0.729	AC/GT	1	4.51e-08	1	0.0118855611610014	0.464090206799052
rs55671319	-535	0.729	AG/GA	1	4.24e-08	1	0.0126186611494546	0.378032994190644
rs55652155	-535	0.729	AG/GA	1	4.19e-08	1	0.0127646362717496	0.365414333041189
rs9893586	-535	0.109	AC/GA	1	0.325	NA	NA	NA
rs7224890	-535	0.142	AG/GC	1	1.18e-05	NA	NA	NA
rs17631676	-534	0.729	AG/GA	1	6.62e-08	1	0.00819381990462919	0.536730327938192
rs149366495	-534	0.729	AA/GG	1	3.39e-08	1	0.015676279178125	0.213437613875632
rs2090847	-533	0.729	AG/GA	1	4.26e-08	1	0.0125612169570069	0.403155428104658
rs55746869	-532	0.729	AT/GC	1	4.42e-08	1	0.0121201176064666	0.45220464563805
rs12950965	-532	0.729	AG/GC	1	4.16e-08	1	0.012853881425944	0.327031460019888
rs56015792	-532	0.729	AC/GG	1	4.26e-08	1	0.0125612169570069	0.390594211147651
rs62065404	-532	0.729	AT/GC	1	4.69e-08	1	0.0114430800146425	0.498782023932046
rs2037442	-532	0.142	AC/GT	1	9.93e-06	NA	NA	NA
rs71238846	-531	0.729	AA/GG	1	4.66e-08	1	0.0115144868125932	0.487338943917403
rs12452273	-530	0.729	AT/GC	1	4.17e-08	1	0.0128239924004646	0.339855452420353
rs7218394	-530	0.142	AT/GC	1	1.03e-05	NA	NA	NA
rs4239141	-528	0.109	AA/GT	1	0.327	NA	NA	NA
rs56192752	-528	0.729	AG/GA	1	3.78e-08	1	0.0141050706424144	0.287913330048197
rs62065436	-527	0.729	AA/GG	1	3.32e-08	1	0.01599678528245	0.197761334697507
rs4792817	-527	0.142	AA/GT	1	9.22e-06	NA	NA	NA
rs55925547	-527	0.717	AC/GT	1	3.4e-08	1	0.0156315548648033	0.229069168740436
rs55643511	-526	0.729	AA/GG	1	4.13e-08	1	0.0129444044919075	0.314177578593944
rs62065437	-526	0.729	AA/GG	1	4.01e-08	1	0.0133198440538392	0.301233174102036
rs4792818	-526	0.109	AT/GC	1	0.329	NA	NA	NA
rs10401005	-526	0.11	AA/GG	1	0.324	NA	NA	NA
rs62065438	-525	0.729	AT/GC	1	3.28e-08	1	0.0161859858869258	0.181764549415057
rs62065442	-520	0.729	AC/GT	1	3.4e-08	1	0.0156315548648033	0.244700723605239
rs4792866	-519	0.142	AT/GA	1	1.11e-05	NA	NA	NA
rs62065445	-518	0.729	AA/GG	1	3.64e-08	1	0.0146308983136818	0.259331621918921
rs1879585	-516	0.733	AG/GT	1	2.44e-08	1	0.0215678099524026	0.144348450605599
rs113322852	-514	0.743	AA/GT	1	1.7e-08	1	0.0306317232989705	0.122780640653196
rs4523963	-513	0.112	AG/GT	1	0.29	NA	NA	NA
rs62065450	-513	0.743	AT/GC	1	2.48e-08	1	0.021230112922533	0.165578563528132
rs1879583	-513	0.743	AT/GC	1	1.59e-08	1	0.032687857358753	0.0921489173542255
rs9905348	-512	0.144	AG/GA	1	4.57e-06	NA	NA	NA
rs62053943	-339	0.629	AT/GC	1	2.38e-05	0	2.86104213863943e-05	0.999597595233366
rs55974014	-326	0.92	AA/GC	1	4.64e-07	1	0.00124723462317119	0.991082500125283
rs1724422	-306	0.344	AG/GA	1	5.72e-06	NA	NA	NA
rs17688916	-305	0.873	AA/GT	1	1.08e-07	1	0.00510109277516217	0.781839066389708
rs7406746	-296	0.213	AA/GC	1	0.0154	NA	NA	NA
rs113100008	-294	0.296	AG/GC	1	0.000554	NA	NA	NA
rs11655470	-288	0.208	AC/GT	1	0.0224	NA	NA	NA
rs117615688	-285	0.237	AA/GG	1	0.000687	NA	NA	NA
rs7218457	-281	0.129	AA/GG	1	0.0969	NA	NA	NA
rs1358071	-280	0.745	AC/GA	1	1.08e-05	0	6.07593106361326e-05	0.999109016365603
rs35116560	-279	0.208	AT/GC	1	0.0231	NA	NA	NA
rs9303521	-278	0.351	AT/GG	1	0.00325	NA	NA	NA
rs7225384	-274	0.421	AG/GC	1	3.21e-06	0	0.000194043519839513	0.996356270340568
rs1880753	-272	0.329	AG/GA	1	0.000131	NA	NA	NA
rs12938476	-271	0.409	AC/GT	1	1.08e-05	0	6.07593106361326e-05	0.998987497744331
rs8067527	-270	0.41	AA/GG	1	5.35e-06	0	0.000118933276154554	0.997739535862533
rs12944235	-270	0.322	AG/GA	1	0.00018	NA	NA	NA
rs7220839	-268	0.329	AC/GT	1	0.000139	NA	NA	NA
rs8075654	-263	0.409	AG/GT	1	1.56e-06	0	0.000387995052673401	0.994031702343607
rs7207400	-259	0.742	AC/GT	1	1.11e-05	0	5.91904899992452e-05	0.999168206855603
rs79172804	-255	0.838	AA/GG	1	4.32e-08	1	0.0123920306168355	0.415547458721493
rs1880755	-254	0.327	AC/GT	1	0.000536	NA	NA	NA
rs56214516	-246	0.764	AC/GA	1	2.01e-06	0	0.000304123908448708	0.995751413553964
rs58089049	-238	0.753	AT/GC	1	1.08e-05	0	6.07593106361326e-05	0.999048257054967
rs7225082	-235	0.142	AT/GG	1	0.0383	NA	NA	NA
rs35909029	-232	0.333	AT/GC	1	0.000245	NA	NA	NA
rs12952301	-231	0.277	AT/GC	1	0.00288	NA	NA	NA
rs12938031	-229	0.48	AG/GA	1	9.98e-06	0	6.55181737597491e-05	0.998864884943379
rs34186148	-229	0.512	AC/GG	1	0.000934	0	9.06397297132738e-07	0.999998909941438
rs4074461	-228	0.278	AT/GG	1	0.00191	NA	NA	NA
rs6503450	-228	0.281	AT/GC	1	0.0029	NA	NA	NA
rs35076622	-227	0.514	AA/GG	1	0.000849	0	9.90218234079936e-07	0.999998003544141
rs12950522	-224	0.278	AA/GC	1	0.00146	NA	NA	NA
rs7209436	-213	0.232	AC/GT	1	0.000336	NA	NA	NA
rs12944712	-212	0.356	AA/GG	1	5.11e-05	NA	NA	NA
rs4458044	-210	0.107	AG/GC	1	0.0146	NA	NA	NA
rs110402	-203	0.253	AG/GA	1	0.000616	NA	NA	NA
rs242924	-198	0.253	AG/GT	1	0.000939	NA	NA	NA
rs242925	-195	0.284	AC/GT	1	0.00047	NA	NA	NA
rs242941	-191	0.119	AC/GA	1	0.616	NA	NA	NA
rs242940	-191	0.282	AA/GG	1	5e-04	NA	NA	NA
rs171440	-190	0.285	AG/GA	1	0.000494	NA	NA	NA
rs81189	-189	0.285	AG/GC	1	0.000366	NA	NA	NA
rs242937	-185	0.387	AA/GG	1	6.6e-05	NA	NA	NA
rs173365	-182	0.387	AA/GG	1	6.78e-05	NA	NA	NA
rs4327090	-181	0.789	AG/GA	1	1.37e-06	0	0.000439602722235373	0.992837593916611
rs242951	-174	0.383	AC/GT	1	0.000104	NA	NA	NA
rs17689966	-173	0.386	AG/GA	1	0.000147	NA	NA	NA
rs242949	-172	0.247	AG/GT	1	0.000223	NA	NA	NA
rs242948	-170	0.384	AG/GT	1	0.000149	NA	NA	NA
rs75104593	-170	0.962	AG/GT	1	4.39e-08	1	0.012200409337734	0.440084528031584
rs74998289	-170	0.962	AG/GT	1	4.34e-08	1	0.0123366599723564	0.42788411869385
rs62054807	-168	0.662	AT/GC	1	2.3e-05	0	2.95565692932487e-05	0.99956898481198
rs242947	-166	0.386	AG/GA	1	0.000137	NA	NA	NA
rs242944	-160	0.386	AG/GA	1	0.000258	NA	NA	NA
rs17690703	-158	0.8	AT/GC	1	1.02e-06	0	0.000583886816343726	0.992397991194376
rs8064870	-157	0.344	AC/GT	1	0.00264	NA	NA	NA
rs8068916	-156	0.345	AG/GT	1	0.00261	NA	NA	NA
rs3935637	-155	0.345	AC/GT	1	0.00197	NA	NA	NA
rs4616318	-155	0.345	AG/GA	1	0.00207	NA	NA	NA
rs886249	-137	0.894	AG/GA	1	6.22e-08	1	0.00870381952869322	0.528536508033562
rs9898399	-133	0.487	AG/GA	1	2.74e-05	0	2.50229524581286e-05	0.999622618185824
rs7210728	-115	0.527	AA/GG	1	1.53e-06	0	0.000395306173089281	0.993643707290934
rs3744457	-110	0.129	AT/GC	1	0.0251	NA	NA	NA
rs4792891	-110	0.527	AG/GT	1	1.67e-06	0	0.000363396848746131	0.994767063528685
rs11079726	-107	0.126	AG/GA	1	0.0205	NA	NA	NA
rs9303523	-107	0.527	AC/GT	1	1.83e-06	0	0.000332809523340131	0.995447289645515
rs28646281	-106	0.527	AG/GT	1	1.75e-06	0	0.000347416593490307	0.995114480122175
rs1560312	-104	0.527	AG/GA	1	1.63e-06	0	0.000371964336331387	0.994403666679939
rs930119	-103	0.124	AG/GA	1	0.0207	NA	NA	NA
rs3785879	-97.8	0.271	AC/GA	1	0.0311	NA	NA	NA
rs1467967	-97.2	0.133	AA/GG	1	0.0337	NA	NA	NA
rs9899833	-90.5	0.535	AA/GG	1	3.88e-07	1	0.00148217090955352	0.988522468431686
rs3785880	-90	0.251	AT/GG	1	0.0357	NA	NA	NA
rs8076152	-87.5	0.165	AC/GG	1	0.127	NA	NA	NA
rs8080903	-87.3	0.219	AC/GT	1	0.00615	NA	NA	NA
rs1560313	-86.8	0.219	AG/GA	1	0.0048	NA	NA	NA
rs62058963	-85.1	0.123	AT/GC	1	0.00747	NA	NA	NA
rs9904290	-81.1	0.221	AG/GA	1	0.00452	NA	NA	NA
rs2055797	-80.8	0.14	AT/GA	1	0.0232	NA	NA	NA
rs12947764	-79	0.126	AT/GG	1	0.512	NA	NA	NA
rs7210219	-64.9	0.914	AC/GT	1	1.58e-07	1	0.00353033146636438	0.966602969105148
rs242557	-63.7	0.194	AG/GA	1	0.155	NA	NA	NA
rs242559	-57.5	0.916	AC/GA	1	1.44e-07	1	0.00386175482846336	0.944741938882967
rs113277432	-50.2	0.973	AC/GT	1	5e-08	1	0.0107546949563465	0.509536718888392
rs2664006	-41.6	0.206	AC/GT	1	0.289	NA	NA	NA
rs9896485	-32.6	0.202	AG/GC	1	0.309	NA	NA	NA
rs10514889	-32	0.202	AG/GA	1	0.338	NA	NA	NA
rs117124984	-31.8	0.978	AG/GC	1	9.49e-08	1	0.0057812208188852	0.712968182925205
rs118087478	-31.8	0.978	AG/GT	1	8.18e-08	1	0.0066754577376882	0.586360508926816
rs754593	-28.7	0.428	AG/GA	1	0.00599	0	1.65523704539452e-07	0.999999962523588
rs2435206	-25.3	0.14	AC/GT	1	0.123	NA	NA	NA
rs2435207	-24.5	0.146	AG/GA	1	0.0512	NA	NA	NA
rs2435209	-21.5	0.135	AG/GT	1	0.0777	NA	NA	NA
rs2435210	-21.5	0.135	AC/GT	1	0.0779	NA	NA	NA
rs2435211	-20.2	0.136	AC/GT	1	0.0404	NA	NA	NA
rs8079215	-18.6	0.101	AT/GC	1	0.235	NA	NA	NA
rs713522	-18.1	0.364	AC/GT	1	0.000111	NA	NA	NA
rs2471737	-12.8	0.369	AG/GA	1	0.000312	NA	NA	NA
rs2435200	-11.6	0.386	AA/GG	1	9.96e-05	NA	NA	NA
rs117499775	-4.78	0.136	AC/GT	1	0.271	NA	NA	NA
rs2435201	-4.42	0.364	AT/GA	1	0.00135	NA	NA	NA
rs8067056	0.546	0.454	AC/GT	1	1.06e-05	0	6.1853490315991e-05	0.998926738433695
rs56087321	1	0.175	AG/GC	1	0.00639	NA	NA	NA
rs41543317	4.1	0.168	AG/GA	1	0.00646	NA	NA	NA
rs916896	15.4	0.165	AC/GT	1	0.0347	NA	NA	NA
rs2158256	20.9	0.133	AA/GG	1	0.292	NA	NA	NA
rs7521	22	0.21	AG/GA	1	0.000469	NA	NA	NA
rs7220988	26.1	0.165	AG/GA	1	0.0312	NA	NA	NA
rs16940845	33.4	0.165	AC/GA	1	0.0242	NA	NA	NA
rs7213077	35.6	0.167	AT/GC	1	0.026	NA	NA	NA
rs8064986	36	0.211	AG/GA	1	0.000248	NA	NA	NA
rs62063662	36.4	0.165	AT/GC	1	0.0259	NA	NA	NA
rs10514899	36.6	0.166	AC/GG	1	0.0269	NA	NA	NA
rs8078067	42.1	0.166	AG/GA	1	0.0303	NA	NA	NA
rs113434679	43.4	0.784	AA/GC	1	4.4e-07	1	0.00131279707042635	0.989835265502112
rs11654745	47.7	0.165	AG/GA	1	0.0251	NA	NA	NA
rs4792827	47.9	0.211	AC/GT	1	0.000448	NA	NA	NA
rs6503455	57.3	0.165	AC/GT	1	0.0342	NA	NA	NA
rs11079732	78.2	0.211	AC/GT	1	0.000219	NA	NA	NA
rs72836329	78.4	0.166	AC/GT	1	0.0252	NA	NA	NA
rs11654640	78.8	0.211	AA/GG	1	0.000227	NA	NA	NA
rs2158258	80.4	0.211	AC/GA	1	0.000235	NA	NA	NA
rs60521849	89.4	0.159	AG/GA	1	0.0742	NA	NA	NA
rs8065825	92.1	0.162	AA/GG	1	0.0263	NA	NA	NA
rs113564729	95.7	0.171	AG/GA	1	0.0459	NA	NA	NA
rs11652924	98.9	0.217	AC/GT	1	0.000321	NA	NA	NA
rs4510068	101	0.391	AT/GG	1	7.13e-05	NA	NA	NA
rs8070420	102	0.165	AG/GT	1	0.0356	NA	NA	NA
rs9904766	104	0.217	AC/GT	1	0.000298	NA	NA	NA
rs7225002	106	0.387	AG/GA	1	4.4e-05	NA	NA	NA
rs56807059	106	0.17	AA/GC	1	0.0404	NA	NA	NA
rs2016034	106	0.218	AG/GA	1	0.000247	NA	NA	NA
rs11653367	108	0.126	AA/GG	1	0.128	NA	NA	NA
rs4630591	109	0.808	AT/GC	1	1.12e-07	1	0.00492468178140816	0.836573271181054
rs8068300	119	0.217	AC/GT	1	0.000361	NA	NA	NA
rs2532329	267	0.88	AA/GG	1	1.36e-07	1	0.00408127328189375	0.92888852186671
rs2732708	268	0.925	AT/GC	1	5.23e-08	1	0.010295969616477	0.519832688504869
rs2732706	268	0.925	AT/GC	1	9.16e-08	1	0.00598273567950508	0.654137742045748
rs2732705	269	0.931	AG/GT	1	1.18e-07	1	0.00468216727746447	0.88926820222341
rs2668622	269	0.88	AT/GG	1	4.57e-08	1	0.0117342503057582	0.47582445710481
rs2696532	272	0.936	AG/GA	1	3.68e-08	1	0.0144766374868622	0.273808259405783
rs199437	703	0.715	AA/GT	1	4.14e-05	0	1.69074633080634e-05	0.999833899266287
rs1378358	704	0.873	AT/GC	1	5.99e-05	0	1.19127557059593e-05	0.999909029679982
rs538628	704	0.873	AC/GG	1	8.47e-05	0	8.58394796915422e-06	0.999958485739873
rs183211	705	0.711	AA/GG	1	3.77e-05	0	1.84785018614928e-05	0.999747238403091
rs199436	706	0.715	AG/GA	1	3.98e-05	0	1.75517999625955e-05	0.999782342003016
rs169201	707	0.873	AG/GA	1	5.29e-05	0	1.34009689671032e-05	0.999860725253235
rs199438	708	0.715	AA/GG	1	4.02e-05	0	1.73860180610247e-05	0.999799728021077
rs17692129	710	0.158	AC/GT	1	0.226	NA	NA	NA
rs199439	710	0.873	AG/GA	1	7.86e-05	0	9.21231431927085e-06	0.999949901791904
rs142167	712	0.715	AG/GA	1	4.05e-05	0	1.72637819021071e-05	0.999816991802979
rs199457	712	0.873	AT/GC	1	5.9e-05	0	1.20847669438243e-05	0.999897116924276
rs199456	715	0.873	AT/GC	1	6.67e-05	0	1.07598444103089e-05	0.999931249907585
rs199455	716	0.698	AC/GT	1	1.6e-05	0	4.17604092364273e-05	0.999359484176453
rs7224296	717	0.667	AG/GA	1	2.9e-05	0	2.37086174320334e-05	0.999646326803256
rs199454	717	0.706	AG/GA	1	1.69e-05	0	3.96380918977936e-05	0.999439911279204
rs199453	718	0.711	AT/GC	1	3.98e-05	0	1.75517999625955e-05	0.999764790203053
rs199452	718	0.709	AT/GC	1	3.44e-05	0	2.01577374059627e-05	0.999709605444265
rs199451	718	0.873	AA/GG	1	3.63e-05	0	1.91544569637508e-05	0.999728759901229
rs35937770	725	0.157	AG/GA	1	0.113	NA	NA	NA
rs199449	726	0.714	AA/GG	1	5.83e-05	0	1.22221371527016e-05	0.999872947390388
rs199448	726	0.873	AG/GA	1	9.13e-05	0	7.99650084413033e-06	0.999966482240717
rs199447	729	0.862	AT/GC	1	0.000131	0	5.68810151322164e-06	0.99997217034223
rs199446	730	0.705	AG/GA	1	2.08e-05	0	3.25249335543331e-05	0.999508989360603
rs199445	734	0.873	AT/GC	1	0.000184	0	4.13136728214985e-06	0.999986820573236
rs199444	735	0.714	AC/GT	1	6.24e-05	0	1.14603831935128e-05	0.999920490063175
rs199443	736	0.873	AT/GC	1	0.000222	0	3.46335643338972e-06	0.999994016324269
rs199442	737	0.714	AA/GG	1	5.9e-05	0	1.20847669438243e-05	0.999885032157332
rs199536	737	0.705	AT/GC	1	2.23e-05	0	3.04388820830149e-05	0.999539428242686
rs199535	739	0.873	AG/GA	1	0.000205	0	3.73239460006569e-06	0.999990552967836
rs199534	741	0.873	AG/GT	1	0.000147	0	5.10300676815673e-06	0.999982689205953
rs9896243	743	0.857	AG/GC	1	0.000259	0	2.99700163815573e-06	0.999997013325907
rs199533	746	0.873	AA/GG	1	0.000138	0	5.41585695512134e-06	0.999977586199185
rs199531	747	0.709	AC/GT	1	7.66e-05	0	9.43956999905697e-06	0.999940689477584
rs9912530	753	0.656	AT/GC	1	3.23e-05	0	2.14006664264961e-05	0.999689447706859
rs199530	753	0.693	AG/GA	1	3.18e-05	0	2.17202371768087e-05	0.999668047040433
rs199529	754	0.771	AC/GA	1	5.28e-05	0	1.34250179810567e-05	0.999847324284268
rs199528	760	0.831	AT/GC	1	1.64e-05	0	4.07890108531529e-05	0.999400273187306
rs199527	760	0.658	AG/GA	1	5.79e-06	0	0.000110266826145123	0.998077105505676
rs199526	764	0.75	AC/GG	1	4.58e-06	0	0.000138018189074685	0.996964234103491
rs199525	764	0.831	AG/GT	1	1.48e-05	0	4.49825875129091e-05	0.999317723767217
rs3809857	765	0.145	AG/GT	1	0.112	NA	NA	NA
rs199524	765	0.658	AG/GT	1	4.7e-06	0	0.00013464079503645	0.997235748171648
rs199523	765	0.658	AC/GA	1	4.62e-06	0	0.000136873273119875	0.997101107376611
rs199521	770	0.657	AG/GC	1	8.89e-06	0	7.31724563473256e-05	0.998589268995809
rs199520	770	0.658	AG/GA	1	6.8e-06	0	9.45425558093601e-05	0.998280653861609
rs199519	771	0.658	AG/GA	1	7.74e-06	0	8.35316522202923e-05	0.998364185513829
rs199518	771	0.658	AA/GC	1	8.99e-06	0	7.23945141397457e-05	0.998661663509949
rs199517	771	0.658	AA/GG	1	8.48e-06	0	7.65498332547172e-05	0.998440735347084
rs199516	773	0.831	AC/GT	1	5.86e-06	0	0.000109005800123928	0.9981861113058
rs199515	773	0.816	AG/GC	1	5.12e-06	0	0.000124044097301019	0.997620602586379
rs199514	773	0.821	AG/GA	1	3.21e-06	0	0.000194043519839513	0.996162226820729
rs199513	774	0.811	AA/GG	1	2.86e-06	0	0.000216769746925476	0.995968183300889
rs199512	774	0.826	AT/GC	1	4.56e-06	0	0.000138598033637532	0.996826215914417
rs199509	775	0.826	AG/GA	1	5.6e-06	0	0.000113845336012895	0.997853381198546
rs199508	775	0.653	AC/GG	1	9.17e-06	0	7.10361239167058e-05	0.998732699633866
rs199507	775	0.826	AA/GG	1	5.62e-06	0	0.000113457480984385	0.997966838679531
rs199506	776	0.837	AA/GG	1	8.62e-06	0	7.53611923780652e-05	0.998516096539462
rs415430	776	0.811	AC/GT	1	3.5e-06	0	0.000178597873391227	0.99653486821396
rs430685	776	0.811	AT/GC	1	4.12e-06	0	0.000152749666819733	0.996687617880779
rs199505	776	0.816	AA/GG	1	4.81e-06	0	0.000131690102886402	0.997367438274534
rs70602	776	0.816	AT/GC	1	4.91e-06	0	0.000129120214543634	0.997496558489078
rs70600	777	0.816	AT/GC	1	9.8e-06	0	6.66671357532916e-05	0.998799366769619
rs199504	778	0.821	AC/GT	1	1.84e-05	0	3.65531478448553e-05	0.999476464427049
rs199502	779	0.729	AA/GG	1	1.24e-05	0	5.32527958392477e-05	0.999221459651442
rs199501	779	0.67	AA/GG	1	1.29e-05	0	5.12815282620314e-05	0.999272741179704
rs916888	780	0.71	AC/GT	1	0.000956	0	8.87058444764055e-07	0.999999796999883
rs199500	780	0.589	AT/GC	1	0.0323	0	3.74764122840443e-08	1
rs1563304	791	0.177	AT/GC	1	0.765	NA	NA	NA
rs34724124	819	0.106	AG/GA	1	0.725	NA	NA	NA
rs11079738	821	0.102	AA/GG	1	0.32	NA	NA	NA
