SNP	KB	R2	Alleles	F	P	inCredible	probNorm	cumSum
rs674094	0	1	A	1	4.18e-09	1	0.043105757277828	0.043105757277828
rs12364489	-336	0.11	AC/CT	1	0.00525	NA	NA	NA
rs2649664	-304	0.102	AC/CT	1	0.433	NA	NA	NA
rs2848627	-304	0.102	AT/CA	1	0.482	NA	NA	NA
rs2509897	-303	0.103	AG/CC	1	0.421	NA	NA	NA
rs28362947	-296	0.447	AG/CC	1	0.000467	0	6.21201880651072e-07	0.999996118418154
rs28362948	-296	0.447	AC/CA	1	0.000462	0	6.27472148972876e-07	0.999995497216273
rs11229063	-296	0.447	AA/CG	1	0.000467	0	6.21201880651072e-07	0.999996739620034
rs11820040	-295	0.447	AC/CT	1	0.000429	0	6.72410335703921e-07	0.999990988296484
rs78364821	-295	0.45	AT/CC	1	0.000376	0	7.60565389427405e-07	0.99998518879042
rs76525968	-294	0.447	AT/CG	1	0.000451	0	6.41741712903122e-07	0.999993599260361
rs144256346	-294	0.447	AT/CC	1	0.000432	0	6.68049664448964e-07	0.999991656346149
rs28362949	-293	0.45	AT/CG	1	0.000451	0	6.41741712903122e-07	0.999994241002074
rs28362950	-293	0.45	AA/CG	1	0.000461	0	6.28742050062023e-07	0.999994869744124
rs28362951	-293	0.45	AG/CA	1	0.000379	0	7.5493659374947e-07	0.999985943727014
rs11603020	-291	0.451	AC/CT	1	0.000653	0	4.54582234285082e-07	0.999998651600798
rs11229066	-290	0.451	AG/CC	1	0.000661	0	4.49463926487317e-07	0.999999551796927
rs11229067	-290	0.451	AT/CG	1	0.000663	0	4.48203072920328e-07	1
rs78624400	-290	0.451	AC/CG	1	0.000659	0	4.50732202507166e-07	0.999999102333001
rs138770460	-289	0.451	AA/CG	1	0.000644	0	4.60487709129634e-07	0.999998197018564
rs3824988	-287	0.451	AG/CA	1	0.000618	0	4.78484329667391e-07	0.999997736530855
rs10896631	-284	0.466	AC/CT	1	0.000397	0	7.2290127599511e-07	0.999989639055497
rs1557522	-284	0.106	AT/CC	1	0.315	NA	NA	NA
rs4926	-283	0.466	AA/CG	1	0.00036	0	7.92123878672767e-07	0.999983658081808
rs11606677	-282	0.466	AA/CG	1	0.000356	0	8.0044397492112e-07	0.999982069696589
rs11606706	-282	0.466	AT/CG	1	0.000358	0	7.96261340374141e-07	0.99998286595793
rs112764194	-279	0.478	AT/CC	1	0.000381	0	7.51231923319052e-07	0.999986694958937
rs7117896	-277	0.471	AA/CG	1	0.00035	0	8.13270519812113e-07	0.999981269252614
rs11607122	-276	0.467	AA/CG	1	0.000567	0	5.18426490854247e-07	0.999997258046525
rs10896632	-275	0.478	AA/CG	1	0.000382	0	7.49393724593799e-07	0.999987444352662
rs11229075	-274	0.478	AC/CA	1	0.000371	0	7.70143222262929e-07	0.99998442822503
rs2511996	-274	0.113	AT/CC	1	0.339	NA	NA	NA
rs2511994	-274	0.113	AA/CG	1	0.36	NA	NA	NA
rs2511993	-273	0.113	AC/CT	1	0.332	NA	NA	NA
rs2081362	-271	0.113	AT/CG	1	0.361	NA	NA	NA
rs7102271	-269	0.474	AT/CG	1	0.00045	0	6.43072531346284e-07	0.999992957518648
rs112936078	-268	0.474	AG/CA	1	0.000426	0	6.76830651182265e-07	0.999990315886148
rs11229077	-266	0.478	AT/CC	1	0.000439	0	6.58099968105381e-07	0.999992314446117
rs11229078	-266	0.478	AC/CT	1	0.000389	0	7.36783550424739e-07	0.999988181136212
rs11229080	-266	0.478	AC/CT	1	0.00039	0	7.35018009272402e-07	0.999988916154221
rs73480556	-265	0.474	AC/CG	1	0.000283	0	9.9226086327443e-07	0.999980455982094
rs2926664	-265	0.115	AA/CG	1	0.244	NA	NA	NA
rs1647396	-264	0.171	AA/CG	1	0.915	NA	NA	NA
rs73480560	-264	0.485	AT/CC	1	2.2e-06	0	0.000100320111597861	0.999579083988055
rs1783826	-262	0.187	AG/CT	1	0.296	NA	NA	NA
rs10750866	-261	0.584	AG/CA	1	3.06e-06	0	7.30883480769399e-05	0.999749519927956
rs731384	-257	0.623	AA/CG	1	1.27e-06	0	0.000170111470550452	0.999353777233368
rs1783827	-256	0.181	AA/CG	1	0.916	NA	NA	NA
rs1647395	-256	0.631	AG/CC	1	4.33e-06	0	5.23967574485623e-05	0.999938576596278
rs55920079	-255	0.636	AC/CT	1	3.09e-06	0	7.24075145387117e-05	0.999821927442495
rs929934	-254	0.186	AC/CT	1	0.749	NA	NA	NA
rs55649513	-254	0.636	AG/CC	1	2.27e-06	0	9.73475918240158e-05	0.999676431579879
rs1783828	-254	0.183	AC/CT	1	0.918	NA	NA	NA
rs2081361	-254	0.636	AT/CC	1	1.75e-06	0	0.000124986643089391	0.999478763876458
rs1798177	-253	0.183	AT/CC	1	0.615	NA	NA	NA
rs7947357	-251	0.186	AG/CA	1	0.865	NA	NA	NA
rs1647394	-247	0.273	AT/CC	1	0.795	NA	NA	NA
rs7108113	-246	0.121	AG/CT	1	0.00219	NA	NA	NA
rs1783829	-245	0.275	AC/CT	1	0.449	NA	NA	NA
rs1783983	-245	0.274	AC/CT	1	0.351	NA	NA	NA
rs1631684	-244	0.26	AA/CG	1	0.148	NA	NA	NA
rs1647397	-244	0.266	AA/CT	1	0.659	NA	NA	NA
rs7117878	-244	0.815	AA/CC	1	5.08e-08	1	0.00381003808343301	0.987183723226255
rs1613592	-241	0.274	AT/CG	1	0.35	NA	NA	NA
rs10896633	-241	0.815	AC/CT	1	6.15e-08	0	0.00316581290548958	0.997546987239087
rs11229087	-240	0.129	AC/CT	1	0.00259	NA	NA	NA
rs1647403	-239	0.272	AG/CC	1	0.443	NA	NA	NA
rs1783984	-236	0.272	AT/CG	1	0.326	NA	NA	NA
rs1798172	-235	0.274	AC/CT	1	0.308	NA	NA	NA
rs1783985	-234	0.273	AA/CG	1	0.47	NA	NA	NA
rs1267146	-233	0.142	AC/CT	1	0.00161	NA	NA	NA
rs1798173	-233	0.278	AC/CT	1	0.446	NA	NA	NA
rs515939	-233	0.155	AG/CA	1	0.000809	NA	NA	NA
rs527528	-232	0.835	AT/CC	1	1.16e-08	1	0.0159748286644605	0.721753825156115
rs504921	-232	0.138	AT/CC	1	0.00198	NA	NA	NA
rs499188	-231	0.864	AA/CC	1	1.16e-08	1	0.0159748286644605	0.705778996491655
rs11601607	-230	0.207	AT/CG	1	0.00617	NA	NA	NA
rs11602109	-230	0.873	AA/CG	1	1.86e-08	1	0.01009835390214	0.825764251908377
rs503037	-229	0.137	AC/CT	1	0.00235	NA	NA	NA
rs1783818	-228	0.322	AT/CC	1	0.0797	NA	NA	NA
rs540234	-224	0.137	AG/CA	1	0.00242	NA	NA	NA
rs604344	-222	0.137	AC/CG	1	0.00206	NA	NA	NA
rs517638	-222	0.137	AC/CA	1	0.00229	NA	NA	NA
rs12805841	-221	0.877	AA/CG	1	1.9e-08	1	0.00989186329035219	0.865742519600854
rs1624389	-219	0.317	AG/CA	1	0.108	NA	NA	NA
rs10896636	-217	0.837	AG/CC	1	4.09e-07	0	0.000506783567682661	0.998813205226811
rs509564	-217	0.117	AC/CT	1	0.00582	NA	NA	NA
rs1783980	-217	0.317	AT/CC	1	0.119	NA	NA	NA
rs1785498	-216	0.317	AG/CC	1	0.111	NA	NA	NA
rs7124804	-216	0.302	AG/CA	1	0.00165	NA	NA	NA
rs669433	-216	0.137	AC/CT	1	0.00187	NA	NA	NA
rs488769	-215	0.825	AC/CA	1	5.2e-08	1	0.00372478919236758	0.990908512418623
rs1783981	-214	0.321	AC/CT	1	0.0787	NA	NA	NA
rs549279	-213	0.138	AG/CA	1	0.0019	NA	NA	NA
rs669950	-213	0.137	AT/CC	1	0.00203	NA	NA	NA
rs7121169	-213	0.877	AA/CG	1	5.61e-06	0	4.08871249531128e-05	0.999979463721231
rs504311	-212	0.137	AC/CT	1	0.00206	NA	NA	NA
rs12362166	-212	0.877	AT/CC	1	1.92e-08	1	0.00979180090511014	0.875534320505964
rs549022	-209	0.137	AC/CT	1	0.00207	NA	NA	NA
rs12801694	-205	0.136	AC/CT	1	0.246	NA	NA	NA
rs1783976	-203	0.321	AC/CT	1	0.08	NA	NA	NA
rs1783977	-203	0.317	AC/CT	1	0.104	NA	NA	NA
rs79740710	-202	0.877	AT/CC	1	1.76e-08	1	0.0106550587666465	0.795255482083585
rs1783978	-202	0.322	AC/CT	1	0.0861	NA	NA	NA
rs12804972	-202	0.877	AC/CT	1	1.83e-08	1	0.0102590634219859	0.805514545505571
rs2926656	-200	0.873	AT/CC	1	1.49e-08	1	0.0125256653071857	0.761777583358929
rs11604333	-198	0.877	AG/CC	1	1.85e-08	1	0.0101513525006661	0.815665898006237
rs1783979	-197	0.317	AC/CT	1	0.108	NA	NA	NA
rs1785499	-196	0.322	AG/CT	1	0.0886	NA	NA	NA
rs544446	-194	0.137	AT/CC	1	0.00212	NA	NA	NA
rs1783824	-192	0.322	AG/CA	1	0.0884	NA	NA	NA
rs61888873	-191	0.137	AG/CA	1	0.00212	NA	NA	NA
rs491719	-190	0.137	AG/CA	1	0.0021	NA	NA	NA
rs56406844	-188	0.157	AA/CC	1	0.00268	NA	NA	NA
rs1647405	-187	0.869	AT/CC	1	2.02e-08	1	0.00932081837732211	0.913746760095206
rs1424752	-185	0.137	AA/CC	1	0.00201	NA	NA	NA
rs1424753	-185	0.315	AC/CT	1	0.114	NA	NA	NA
rs576859	-185	0.869	AA/CC	1	3.5e-06	0	6.42523963343632e-05	0.999886179838829
rs577741	-185	0.137	AC/CG	1	0.00205	NA	NA	NA
rs492131	-184	0.137	AC/CT	1	0.00205	NA	NA	NA
rs7116341	-184	0.877	AA/CG	1	1.95e-08	1	0.009645503941523	0.894922361281806
rs523985	-184	0.137	AC/CG	1	0.00205	NA	NA	NA
rs480933	-177	0.137	AG/CA	1	0.00202	NA	NA	NA
rs71484461	-176	0.877	AA/CG	1	1.88e-08	1	0.00999402524999235	0.855850656310501
rs2956982	-175	0.322	AG/CA	1	0.0883	NA	NA	NA
rs11229109	-173	0.317	AA/CG	1	0.114	NA	NA	NA
rs7938083	-172	0.877	AA/CC	1	1.64e-08	1	0.0114114199790046	0.773189003337934
rs36036499	-171	0.317	AT/CC	1	0.114	NA	NA	NA
rs11607056	-169	0.873	AT/CC	1	1.64e-08	1	0.0114114199790046	0.784600423316938
rs11604325	-168	0.877	AA/CC	1	1.88e-08	1	0.00999402524999235	0.845856631060509
rs12790196	-167	0.877	AT/CC	1	1.86e-08	1	0.01009835390214	0.835862605810517
rs7105506	-167	0.312	AG/CA	1	0.0946	NA	NA	NA
rs2847308	-167	0.873	AC/CT	1	1.24e-08	1	0.0149724275884424	0.736726252744558
rs78459567	-167	0.161	AG/CA	1	0.000215	NA	NA	NA
rs547891	-166	0.873	AC/CT	1	1.49e-08	1	0.0125256653071857	0.749251918051743
rs7117020	-166	0.322	AT/CG	1	0.094	NA	NA	NA
rs527140	-165	0.137	AA/CG	1	0.00194	NA	NA	NA
rs72928102	-165	0.137	AC/CT	1	0.00196	NA	NA	NA
rs2956981	-164	0.322	AC/CT	1	0.0882	NA	NA	NA
rs78224972	-163	0.137	AG/CA	1	0.00207	NA	NA	NA
rs12363024	-162	0.317	AG/CC	1	0.119	NA	NA	NA
rs536673	-158	0.137	AG/CA	1	0.00207	NA	NA	NA
rs4827	-157	0.877	AT/CC	1	1.93e-08	1	0.00974253683431939	0.885276857340283
rs12146541	-157	0.877	AC/CG	1	1.98e-08	1	0.00950358043607777	0.904425941717884
rs9420	-155	0.82	AA/CG	1	2.72e-08	1	0.00698287185723311	0.945025836949678
rs11229113	-155	0.824	AT/CG	1	3.59e-08	1	0.00533469934847055	0.968407429674862
rs56392705	-147	0.317	AT/CC	1	0.121	NA	NA	NA
rs3017889	-144	0.322	AA/CG	1	0.0953	NA	NA	NA
rs11229115	-144	0.137	AA/CG	1	0.00212	NA	NA	NA
rs486995	-144	0.137	AA/CT	1	0.00221	NA	NA	NA
rs511708	-144	0.137	AT/CG	1	0.00235	NA	NA	NA
rs61888880	-144	0.137	AC/CT	1	0.00232	NA	NA	NA
rs77993055	-142	0.887	AT/CC	1	1.1e-08	1	0.0168209642868101	0.689804167827194
rs11605731	-141	0.887	AG/CC	1	1.09e-08	1	0.0169709201272225	0.656012283413162
rs11601449	-141	0.887	AA/CG	1	1.08e-08	1	0.0171236157126379	0.639041363285939
rs7949841	-141	0.887	AC/CG	1	1.09e-08	1	0.0169709201272225	0.672983203540384
rs12805343	-141	0.307	AC/CA	1	0.35	NA	NA	NA
rs501738	-139	0.141	AA/CG	1	0.00175	NA	NA	NA
rs558653	-136	0.141	AC/CT	1	0.00196	NA	NA	NA
rs11570176	-136	0.307	AA/CG	1	0.326	NA	NA	NA
rs7120868	-135	0.307	AT/CG	1	0.326	NA	NA	NA
rs530094	-134	0.141	AG/CA	1	0.00191	NA	NA	NA
rs12146692	-131	0.293	AG/CA	1	0.000823	NA	NA	NA
rs11229116	-131	0.896	AG/CC	1	8.47e-09	1	0.0216863133050051	0.432747637388381
rs17455422	-131	0.308	AC/CT	1	0.327	NA	NA	NA
rs111336205	-130	0.119	AT/CC	1	0.234	NA	NA	NA
rs10792110	-129	0.313	AC/CT	1	0.246	NA	NA	NA
rs12270209	-128	0.313	AG/CA	1	0.264	NA	NA	NA
rs17455520	-125	0.891	AA/CC	1	8.19e-09	1	0.0224068191773602	0.301036843429307
rs537627	-125	0.141	AG/CA	1	0.002	NA	NA	NA
rs580223	-124	0.141	AT/CA	1	0.00225	NA	NA	NA
rs2156638	-122	0.313	AG/CC	1	0.246	NA	NA	NA
rs17455626	-121	0.307	AT/CC	1	0.273	NA	NA	NA
rs541245	-119	0.141	AA/CG	1	0.00189	NA	NA	NA
rs35808061	-118	0.891	AC/CT	1	8.16e-09	1	0.0224869100468601	0.278630024251947
rs12362406	-115	0.13	AA/CG	1	0.456	NA	NA	NA
rs4611222	-113	0.312	AG/CA	1	0.246	NA	NA	NA
rs11570181	-110	0.308	AT/CC	1	0.293	NA	NA	NA
rs12274865	-108	0.312	AC/CT	1	0.246	NA	NA	NA
rs11570190	-105	0.896	AC/CA	1	8.34e-09	1	0.0220148960687293	0.389199328810466
rs501054	-104	0.141	AG/CT	1	0.00217	NA	NA	NA
rs11229130	-103	0.896	AG/CA	1	8.34e-09	1	0.0220148960687293	0.367184432741737
rs11229131	-103	0.896	AA/CG	1	8.32e-09	1	0.0220663466218502	0.323103190051158
rs10896644	-101	0.307	AC/CT	1	0.255	NA	NA	NA
rs58132137	-101	0.141	AG/CA	1	0.00214	NA	NA	NA
rs112976685	-100	0.312	AG/CA	1	0.188	NA	NA	NA
rs567017	-99	0.141	AA/CT	1	0.00207	NA	NA	NA
rs483030	-98.5	0.141	AA/CG	1	0.00215	NA	NA	NA
rs653889	-94.9	0.311	AA/CG	1	0.264	NA	NA	NA
rs3781885	-94.7	0.843	AT/CC	1	2.69e-07	0	0.000759434420041488	0.998306421659129
rs10896647	-93.5	0.891	AT/CC	1	8.32e-09	1	0.0220663466218502	0.345169536673008
rs11570210	-88.7	0.169	AG/CA	1	7.68e-05	NA	NA	NA
rs612688	-88.2	0.141	AA/CG	1	0.0021	NA	NA	NA
rs581217	-86.9	0.141	AT/CC	1	0.00205	NA	NA	NA
rs665058	-86.2	0.313	AT/CC	1	0.23	NA	NA	NA
rs658936	-84.8	0.315	AG/CT	1	0.222	NA	NA	NA
rs623541	-83.7	0.315	AA/CC	1	0.215	NA	NA	NA
rs708228	-79.7	0.891	AT/CC	1	8.4e-09	1	0.0218619952729091	0.411061324083375
rs10896649	-77.5	0.313	AA/CG	1	0.215	NA	NA	NA
rs507946	-76.2	0.141	AT/CA	1	0.00259	NA	NA	NA
rs471398	-71.7	0.315	AT/CC	1	0.176	NA	NA	NA
rs606499	-71.5	0.313	AA/CG	1	0.188	NA	NA	NA
rs547118	-70.3	0.315	AG/CC	1	0.222	NA	NA	NA
rs1786438	-68.3	0.315	AG/CT	1	0.208	NA	NA	NA
rs585337	-68.1	0.315	AT/CC	1	0.208	NA	NA	NA
rs585761	-68	0.313	AA/CG	1	0.208	NA	NA	NA
rs12807250	-65.1	0.891	AT/CC	1	7.83e-09	1	0.0234078704762918	0.256143114205087
rs656227	-64.8	0.141	AC/CT	1	0.00251	NA	NA	NA
rs639158	-63.3	0.315	AA/CG	1	0.215	NA	NA	NA
rs627145	-62.9	0.313	AA/CG	1	0.223	NA	NA	NA
rs652908	-61.3	0.315	AT/CC	1	0.23	NA	NA	NA
rs659165	-56.3	0.293	AA/CC	1	0.532	NA	NA	NA
rs645145	-55.5	0.307	AG/CT	1	0.304	NA	NA	NA
rs644219	-55.3	0.307	AC/CT	1	0.316	NA	NA	NA
rs594233	-55.2	0.141	AT/CC	1	0.00197	NA	NA	NA
rs608648	-54.2	0.141	AA/CG	1	0.00206	NA	NA	NA
rs640767	-53	0.141	AA/CG	1	0.00203	NA	NA	NA
rs588612	-52.4	0.313	AC/CG	1	0.23	NA	NA	NA
rs79260745	-52.4	0.892	AC/CT	1	9.92e-09	1	0.0185982177103289	0.549985377451248
rs658183	-50.1	0.141	AT/CC	1	0.00195	NA	NA	NA
rs645097	-49	0.141	AA/CT	1	0.00194	NA	NA	NA
rs7932091	-47.3	0.896	AT/CA	1	9.63e-09	1	0.0191423880294034	0.512283336752661
rs11229148	-43.9	0.896	AT/CA	1	9.55e-09	1	0.0192982420384448	0.493140948723257
rs647264	-43.4	0.141	AC/CT	1	0.00237	NA	NA	NA
rs638864	-42.8	0.141	AG/CA	1	0.00194	NA	NA	NA
rs10750870	-41.5	0.315	AC/CA	1	0.293	NA	NA	NA
rs2848445	-41.2	0.142	AG/CA	1	0.00205	NA	NA	NA
rs604094	-40.6	0.141	AG/CT	1	0.00194	NA	NA	NA
rs675154	-37	0.141	AA/CG	1	0.00189	NA	NA	NA
rs71484468	-32.5	0.896	AC/CG	1	9.42e-09	1	0.0195570754420859	0.473842706684813
rs636807	-31.4	0.141	AG/CA	1	0.0018	NA	NA	NA
rs652191	-30.3	0.307	AA/CG	1	0.383	NA	NA	NA
rs666021	-29.4	0.141	AA/CG	1	0.0026	NA	NA	NA
rs671508	-28.8	0.312	AT/CA	1	0.293	NA	NA	NA
rs682258	-28.1	0.312	AT/CG	1	0.307	NA	NA	NA
rs7936998	-26.3	0.901	AA/CG	1	8.53e-09	1	0.021537993854346	0.454285631242727
rs78956812	-26.2	0.243	AT/CC	1	0.0263	NA	NA	NA
rs609596	-25.9	0.15	AC/CT	1	0.00284	NA	NA	NA
rs682503	-24.3	0.935	AC/CG	1	4.57e-09	1	0.0395215373518548	0.0826272946296828
rs7117205	-23.5	0.939	AC/CT	1	5.39e-09	1	0.0336585508702412	0.116285845499924
rs624759	-23.2	0.152	AC/CT	1	0.00393	NA	NA	NA
rs11601320	-22.7	0.944	AC/CT	1	6.08e-09	1	0.0299366403474053	0.176845250371279
rs6591434	-21	0.931	AG/CA	1	9.65e-09	1	0.0191038229882585	0.531387159740919
rs1704781	-18	0.151	AG/CC	1	0.00367	NA	NA	NA
rs96894	-16.1	0.151	AG/CA	1	0.0034	NA	NA	NA
rs676205	-15.6	0.151	AT/CC	1	0.00354	NA	NA	NA
rs2509805	-14.5	0.953	AT/CC	1	5.94e-09	1	0.0306227645239498	0.146908610023874
rs616039	-13.4	0.151	AG/CA	1	0.00309	NA	NA	NA
rs615592	-13.3	0.151	AG/CA	1	0.00313	NA	NA	NA
rs615556	-13.3	0.151	AG/CC	1	0.00311	NA	NA	NA
rs2509808	-10.7	0.953	AC/CG	1	6.29e-09	1	0.0289640055062643	0.205809255877544
rs78587207	-10.3	0.953	AG/CT	1	6.78e-09	1	0.0269259878512518	0.232735243728795
rs12807357	-8.43	0.977	AT/CC	1	1.03e-08	1	0.0179309576655953	0.604318830785575
rs673344	-8.2	0.977	AG/CA	1	9.99e-09	1	0.0184715380031361	0.568456915454384
rs685149	-7.92	0.785	AA/CG	1	5.66e-07	0	0.000370460536006247	0.999183665762818
rs686489	-5.5	0.317	AA/CG	1	0.762	NA	NA	NA
rs685110	-5.14	0.151	AA/CC	1	0.00273	NA	NA	NA
rs589914	-4.3	0.977	AA/CG	1	1.03e-08	1	0.0179309576655953	0.58638787311998
rs644883	-1.81	0.977	AC/CG	1	1.05e-08	1	0.0175989167877265	0.621917747573301
rs627816	-1.6	0.151	AA/CG	1	0.00153	NA	NA	NA
rs694131	0.094	0.151	AC/CT	1	0.00294	NA	NA	NA
rs694261	0.113	0.151	AC/CT	1	0.00297	NA	NA	NA
rs592785	1.28	0.272	AT/CC	1	0.107	NA	NA	NA
rs593239	1.78	0.307	AT/CC	1	0.00986	NA	NA	NA
rs12790660	1.89	0.892	AC/CT	1	4.13e-08	1	0.00465688080117536	0.983373685142822
rs12798206	3.14	0.892	AG/CT	1	3.67e-08	1	0.00522187957607005	0.973629309250932
rs10896656	3.6	0.892	AG/CC	1	3.77e-08	1	0.00508749509071438	0.978716804341647
rs626043	4.11	0.313	AG/CA	1	0.017	NA	NA	NA
rs631791	10.1	0.892	AA/CG	1	3.07e-08	1	0.00620909459627911	0.957543734172794
rs12792253	10.5	0.122	AC/CT	1	0.254	NA	NA	NA
rs12360939	10.6	0.892	AT/CC	1	2.72e-08	1	0.00698287185723311	0.938042965092444
rs11229160	10.7	0.892	AT/CC	1	3.02e-08	1	0.00630880262683757	0.951334639576515
rs9645687	10.9	0.892	AC/CT	1	3.46e-08	1	0.00552899615359742	0.963072730326392
rs660763	11	0.111	AA/CG	1	0.0171	NA	NA	NA
rs631663	13	0.111	AC/CT	1	0.013	NA	NA	NA
rs10896661	13.7	0.892	AA/CC	1	2.16e-08	1	0.00873376133971564	0.922480521434922
rs10896662	13.7	0.892	AG/CA	1	2.2e-08	1	0.00857957180028978	0.931060093235211
rs636388	14.2	0.307	AC/CG	1	0.0155	NA	NA	NA
rs641325	16.5	0.805	AT/CG	1	5.59e-08	0	0.00347266191497508	0.994381174333598
rs681397	16.7	0.311	AG/CT	1	0.0273	NA	NA	NA
rs588713	18.3	0.261	AG/CC	1	0.00257	NA	NA	NA
rs600488	18.7	0.269	AC/CT	1	0.0043	NA	NA	NA
rs591322	19.3	0.269	AT/CG	1	0.00418	NA	NA	NA
rs615133	19.6	0.269	AC/CA	1	0.00562	NA	NA	NA
rs633129	19.9	0.269	AG/CA	1	0.00588	NA	NA	NA
rs616911	20	0.264	AG/CA	1	0.00958	NA	NA	NA
rs662638	21.4	0.268	AC/CT	1	0.005	NA	NA	NA
rs606731	22	0.282	AA/CG	1	0.00595	NA	NA	NA
rs12788836	23.9	0.197	AA/CG	1	0.789	NA	NA	NA
rs631350	25.6	0.257	AC/CT	1	0.0504	NA	NA	NA
rs12364898	26.2	0.257	AT/CC	1	0.0539	NA	NA	NA
rs7942126	26.2	0.197	AG/CA	1	0.649	NA	NA	NA
rs659313	26.4	0.257	AA/CG	1	0.0506	NA	NA	NA
rs659756	26.5	0.257	AA/CT	1	0.0531	NA	NA	NA
rs672537	28	0.258	AC/CT	1	0.0632	NA	NA	NA
rs687432	28.9	0.187	AA/CC	1	0.494	NA	NA	NA
rs632052	29	0.258	AA/CT	1	0.0672	NA	NA	NA
rs609154	30.9	0.184	AC/CT	1	0.419	NA	NA	NA
rs714942	31.4	0.194	AC/CT	1	0.648	NA	NA	NA
rs66813766	32.9	0.194	AT/CG	1	0.697	NA	NA	NA
rs34563263	33.3	0.194	AT/CA	1	0.761	NA	NA	NA
rs11605267	34.1	0.194	AT/CC	1	0.586	NA	NA	NA
rs7946863	34.2	0.194	AT/CC	1	0.587	NA	NA	NA
rs12364646	35.3	0.258	AC/CA	1	0.0681	NA	NA	NA
rs11600171	35.4	0.194	AC/CT	1	0.746	NA	NA	NA
rs34534719	35.5	0.194	AA/CC	1	0.744	NA	NA	NA
rs1510420	35.9	0.194	AC/CT	1	0.72	NA	NA	NA
rs12421773	37.8	0.184	AT/CC	1	0.394	NA	NA	NA
rs34594669	38.2	0.194	AT/CC	1	0.67	NA	NA	NA
rs7926999	38.4	0.179	AT/CC	1	0.0467	NA	NA	NA
rs1397273	40	0.184	AG/CA	1	0.4	NA	NA	NA
rs56055377	40.3	0.194	AG/CA	1	0.719	NA	NA	NA
rs11229170	40.6	0.258	AT/CC	1	0.0695	NA	NA	NA
rs7123570	40.6	0.194	AA/CG	1	0.735	NA	NA	NA
rs7109912	40.8	0.18	AG/CA	1	0.496	NA	NA	NA
rs12419176	41.4	0.187	AC/CT	1	0.498	NA	NA	NA
rs11229171	42.3	0.258	AC/CT	1	0.0644	NA	NA	NA
rs35713433	43.1	0.194	AT/CC	1	0.677	NA	NA	NA
rs7943793	43.1	0.258	AT/CC	1	0.0675	NA	NA	NA
rs10792118	43.8	0.258	AG/CA	1	0.0628	NA	NA	NA
rs938011	44.7	0.194	AC/CA	1	0.541	NA	NA	NA
rs11229172	44.7	0.258	AA/CG	1	0.0746	NA	NA	NA
rs4245215	48.4	0.258	AG/CA	1	0.0813	NA	NA	NA
rs12420220	49.3	0.258	AT/CC	1	0.074	NA	NA	NA
rs1848879	49.4	0.258	AC/CT	1	0.0712	NA	NA	NA
rs7126334	50.1	0.194	AG/CA	1	0.533	NA	NA	NA
rs11229173	50.4	0.258	AA/CG	1	0.0728	NA	NA	NA
rs7936212	51.2	0.194	AT/CG	1	0.607	NA	NA	NA
rs7119218	52.1	0.194	AT/CC	1	0.656	NA	NA	NA
rs7119973	53.5	0.258	AT/CA	1	0.0704	NA	NA	NA
rs7103977	54	0.258	AT/CG	1	0.0715	NA	NA	NA
rs11602442	54.2	0.194	AA/CC	1	0.595	NA	NA	NA
rs7930234	54.5	0.194	AA/CG	1	0.595	NA	NA	NA
rs6591443	54.6	0.258	AA/CT	1	0.0765	NA	NA	NA
rs6591444	58.7	0.258	AA/CG	1	0.396	NA	NA	NA
rs6591445	59	0.258	AA/CG	1	0.0298	NA	NA	NA
rs12807528	60.3	0.194	AT/CC	1	0.592	NA	NA	NA
rs7927640	61.2	0.258	AG/CC	1	0.068	NA	NA	NA
rs11601082	61.7	0.194	AT/CC	1	0.63	NA	NA	NA
rs7123523	63.5	0.258	AG/CT	1	0.0718	NA	NA	NA
rs7123782	63.7	0.238	AG/CA	1	0.036	NA	NA	NA
rs7946468	64	0.194	AT/CC	1	0.705	NA	NA	NA
rs1397275	65.1	0.258	AC/CA	1	0.0776	NA	NA	NA
rs12801755	65.6	0.194	AT/CC	1	0.785	NA	NA	NA
rs7102929	65.7	0.194	AT/CC	1	0.82	NA	NA	NA
rs12364421	65.8	0.258	AA/CG	1	0.0753	NA	NA	NA
rs7926878	68.4	0.191	AC/CT	1	0.906	NA	NA	NA
rs7927022	68.6	0.256	AC/CT	1	0.317	NA	NA	NA
rs12803905	68.7	0.191	AC/CT	1	0.913	NA	NA	NA
rs12804093	68.8	0.256	AC/CT	1	0.298	NA	NA	NA
rs12366063	69.7	0.257	AA/CG	1	0.102	NA	NA	NA
rs11229183	70.1	0.254	AG/CA	1	0.0576	NA	NA	NA
rs61905278	72.8	0.197	AA/CG	1	0.0173	NA	NA	NA
rs12801976	73.7	0.186	AA/CT	1	0.92	NA	NA	NA
rs1113334	78	0.189	AC/CG	1	0.718	NA	NA	NA
rs1113335	78.1	0.189	AT/CC	1	0.716	NA	NA	NA
rs4272798	78.3	0.201	AT/CC	1	0.0233	NA	NA	NA
rs1113095	78.3	0.177	AC/CG	1	0.285	NA	NA	NA
rs7121128	78.6	0.189	AC/CA	1	0.818	NA	NA	NA
rs2089747	79.7	0.189	AA/CG	1	0.74	NA	NA	NA
rs61905309	81.2	0.186	AT/CG	1	0.913	NA	NA	NA
rs12792638	86	0.183	AA/CG	1	0.606	NA	NA	NA
rs35241049	86.5	0.18	AT/CA	1	0.419	NA	NA	NA
rs11601223	86.7	0.186	AT/CC	1	0.64	NA	NA	NA
rs1510418	86.8	0.18	AA/CG	1	0.369	NA	NA	NA
rs7106195	87	0.205	AT/CC	1	0.0295	NA	NA	NA
rs71484480	87.7	0.205	AG/CA	1	0.0291	NA	NA	NA
rs78945376	88.5	0.158	AC/CT	1	0.044	NA	NA	NA
rs11512731	91.1	0.206	AA/CG	1	0.0334	NA	NA	NA
rs11512732	91.2	0.206	AG/CA	1	0.0323	NA	NA	NA
rs75695577	91.6	0.162	AA/CG	1	0.982	NA	NA	NA
rs35742790	93.1	0.162	AA/CG	1	0.984	NA	NA	NA
rs7949741	94.4	0.162	AT/CC	1	0.948	NA	NA	NA
rs7950003	94.6	0.162	AT/CC	1	0.897	NA	NA	NA
rs12802044	95.3	0.162	AC/CT	1	0.943	NA	NA	NA
rs34015013	104	0.162	AG/CA	1	0.927	NA	NA	NA
rs11601663	108	0.165	AC/CT	1	0.805	NA	NA	NA
rs11608016	109	0.165	AT/CC	1	0.726	NA	NA	NA
rs10792125	117	0.165	AA/CC	1	0.742	NA	NA	NA
rs7121139	117	0.165	AT/CC	1	0.862	NA	NA	NA
rs11606464	131	0.144	AT/CC	1	0.945	NA	NA	NA
rs11605988	132	0.144	AT/CA	1	0.748	NA	NA	NA
rs7123727	134	0.142	AT/CC	1	0.768	NA	NA	NA
rs12792435	136	0.144	AA/CT	1	0.856	NA	NA	NA
rs61903966	137	0.144	AA/CT	1	0.851	NA	NA	NA
rs61903967	137	0.144	AA/CT	1	0.894	NA	NA	NA
rs36071925	139	0.144	AG/CA	1	0.934	NA	NA	NA
rs61904009	142	0.144	AG/CA	1	0.935	NA	NA	NA
rs11607308	144	0.144	AT/CC	1	0.939	NA	NA	NA
rs1376489	146	0.144	AG/CC	1	0.891	NA	NA	NA
rs7930102	149	0.144	AA/CG	1	0.994	NA	NA	NA
rs34300518	151	0.143	AC/CT	1	0.632	NA	NA	NA
rs12790525	157	0.141	AC/CT	1	0.805	NA	NA	NA
rs61904024	157	0.141	AC/CT	1	0.79	NA	NA	NA
rs67305834	166	0.142	AC/CA	1	0.703	NA	NA	NA
rs4509781	177	0.13	AT/CC	1	0.425	NA	NA	NA
rs7113760	181	0.128	AT/CC	1	0.283	NA	NA	NA
rs7122673	184	0.13	AG/CA	1	0.489	NA	NA	NA
rs35401618	186	0.128	AG/CA	1	0.527	NA	NA	NA
rs117960683	186	0.147	AC/CT	1	0.00659	NA	NA	NA
rs74598859	186	0.121	AT/CG	1	0.0936	NA	NA	NA
rs7118004	196	0.135	AC/CA	1	0.387	NA	NA	NA
rs4939180	198	0.136	AT/CC	1	0.0661	NA	NA	NA
rs7120102	203	0.132	AC/CT	1	0.325	NA	NA	NA
rs2441970	203	0.14	AA/CC	1	0.198	NA	NA	NA
rs7113552	204	0.136	AC/CT	1	0.0722	NA	NA	NA
rs11604577	204	0.134	AT/CG	1	0.292	NA	NA	NA
rs1031360	207	0.135	AC/CT	1	0.0793	NA	NA	NA
rs10896701	208	0.142	AT/CC	1	0.195	NA	NA	NA
rs10750884	209	0.142	AT/CC	1	0.196	NA	NA	NA
rs10750885	210	0.136	AC/CT	1	0.0743	NA	NA	NA
rs61902761	210	0.134	AA/CG	1	0.307	NA	NA	NA
rs7935428	211	0.134	AA/CC	1	0.331	NA	NA	NA
rs895660	213	0.142	AA/CG	1	0.188	NA	NA	NA
rs61902763	215	0.115	AT/CC	1	0.226	NA	NA	NA
rs17152364	215	0.166	AG/CA	1	0.307	NA	NA	NA
rs12796166	216	0.113	AG/CT	1	0.188	NA	NA	NA
rs17152376	220	0.112	AA/CT	1	0.222	NA	NA	NA
rs7934149	223	0.114	AT/CC	1	0.212	NA	NA	NA
rs11601841	224	0.114	AA/CG	1	0.191	NA	NA	NA
rs61902767	224	0.114	AG/CC	1	0.2	NA	NA	NA
rs1155858	225	0.112	AG/CA	1	0.234	NA	NA	NA
rs12804808	227	0.165	AG/CC	1	0.307	NA	NA	NA
rs61902769	227	0.165	AA/CG	1	0.328	NA	NA	NA
rs12788387	228	0.165	AC/CA	1	0.317	NA	NA	NA
rs3853676	229	0.165	AC/CA	1	0.317	NA	NA	NA
rs7130381	229	0.162	AG/CA	1	0.328	NA	NA	NA
rs3862656	229	0.112	AT/CG	1	0.239	NA	NA	NA
rs1814059	229	0.114	AG/CT	1	0.217	NA	NA	NA
rs921445	230	0.112	AT/CC	1	0.262	NA	NA	NA
rs11604473	231	0.111	AC/CT	1	0.227	NA	NA	NA
rs113003693	231	0.115	AT/CG	1	0.0433	NA	NA	NA
rs56016266	232	0.113	AA/CG	1	0.207	NA	NA	NA
rs55763633	232	0.112	AG/CA	1	0.263	NA	NA	NA
rs930703	233	0.114	AA/CT	1	0.247	NA	NA	NA
rs11600060	234	0.113	AT/CC	1	0.168	NA	NA	NA
rs7120442	234	0.114	AA/CG	1	0.254	NA	NA	NA
rs11604630	234	0.114	AT/CG	1	0.248	NA	NA	NA
rs1868881	236	0.167	AA/CG	1	0.288	NA	NA	NA
rs2443441	239	0.112	AC/CA	1	0.0832	NA	NA	NA
rs7934184	239	0.109	AT/CG	1	0.22	NA	NA	NA
rs7938062	239	0.114	AT/CC	1	0.215	NA	NA	NA
rs61902775	242	0.116	AT/CA	1	0.217	NA	NA	NA
rs11229264	244	0.165	AA/CG	1	0.215	NA	NA	NA
rs12805812	245	0.112	AA/CG	1	0.258	NA	NA	NA
rs7945154	247	0.118	AA/CG	1	0.107	NA	NA	NA
rs2245676	247	0.118	AG/CT	1	0.174	NA	NA	NA
rs7949119	248	0.118	AT/CC	1	0.0803	NA	NA	NA
rs7948507	248	0.118	AT/CG	1	0.084	NA	NA	NA
rs7949558	248	0.118	AA/CC	1	0.0492	NA	NA	NA
