SNP	KB	R2	Alleles	F	P	inCredible	probNorm	cumSum
rs10512249	0	1	A	1	5.92e-09	1	0.0743464779006749	0.0743464779006749
rs113456770	-651	0.124	AT/GC	1	0.326	NA	NA	NA
rs113555665	-567	0.109	AT/GC	1	0.0271	NA	NA	NA
rs113770017	-520	0.145	AT/GC	1	0.0914	NA	NA	NA
rs111727182	-498	0.106	AT/GC	1	0.288	NA	NA	NA
rs113797564	-471	0.143	AG/GA	1	0.247	NA	NA	NA
rs357545	-114	0.384	AT/GG	1	0.00606	NA	NA	NA
rs357544	-114	0.384	AG/GA	1	0.00517	NA	NA	NA
rs357541	-111	0.289	AG/GA	1	0.0232	NA	NA	NA
rs76629064	-108	0.289	AA/GG	1	0.0169	NA	NA	NA
rs12235126	-106	0.12	AT/GC	1	0.0711	NA	NA	NA
rs10993533	-104	0.12	AC/GT	1	0.0913	NA	NA	NA
rs357535	-103	0.298	AA/GG	1	0.0152	NA	NA	NA
rs357536	-103	0.137	AG/GA	1	0.00145	NA	NA	NA
rs357537	-102	0.417	AA/GG	1	0.00182	0	4.26338780606871e-07	0.99999868600933
rs419574	-101	0.298	AG/GA	1	0.0198	NA	NA	NA
rs75297803	-96.9	0.298	AT/GG	1	0.0196	NA	NA	NA
rs10993543	-96.3	0.407	AT/GC	1	0.00185	0	4.19981953930152e-07	0.999999528069926
rs357531	-94.3	0.298	AT/GC	1	0.0204	NA	NA	NA
rs357530	-92.9	0.298	AA/GG	1	0.0204	NA	NA	NA
rs357527	-88.5	0.298	AA/GG	1	0.0298	NA	NA	NA
rs75621308	-88.4	0.102	AC/GG	1	0.0325	NA	NA	NA
rs357562	-80.5	0.427	AA/GG	1	0.000676	0	1.06518588265859e-06	0.999993244424372
rs357561	-79.1	0.422	AT/GC	1	0.001	0	7.40730882046673e-07	0.999997518939668
rs357560	-79	0.427	AA/GG	1	0.000678	0	1.06226455600331e-06	0.999994306688928
rs357556	-74	0.427	AT/GC	1	0.000402	0	1.72898778251315e-06	0.999986993069307
rs613040	-68.8	0.442	AC/GT	1	0.001	0	7.40730882046673e-07	0.99999825967055
rs357526	-67.7	0.442	AA/GG	1	0.000825	0	8.85292864217721e-07	0.999995191981793
rs357525	-67.2	0.442	AT/GC	1	0.000594	0	1.20134586080248e-06	0.999991105187156
rs357524	-67.1	0.437	AT/GC	1	0.00613	0	1.41132162377279e-07	1
rs357523	-67	0.437	AC/GT	1	0.0024	0	3.30797911823965e-07	0.999999858867838
rs357520	-65.8	0.437	AC/GT	1	0.00184	0	4.22078641704282e-07	0.999999108087972
rs61652825	-64.6	0.572	AA/GG	1	0.000487	0	1.44556008034761e-06	0.999989903841295
rs58831996	-64.6	0.581	AA/GG	1	0.000189	0	3.50713740229683e-06	0.999963732896038
rs57247461	-63.7	0.581	AG/GC	1	0.000185	0	3.57836960588529e-06	0.999956665476713
rs79180263	-62.3	0.581	AA/GC	1	0.000127	0	5.09875005383296e-06	0.999940128678956
rs28517704	-61.9	0.572	AC/GT	1	0.000335	0	2.05032438504357e-06	0.999981373969641
rs79251983	-61.7	0.564	AG/GA	1	0.00036	0	1.91683297828904e-06	0.999985264081525
rs80321314	-61.5	0.581	AA/GG	1	0.000134	0	4.84736693031004e-06	0.999944976045886
rs76014677	-60.5	0.581	AT/GC	1	0.000165	0	3.98486246641207e-06	0.999953087107107
rs77806505	-59.7	0.581	AT/GC	1	0.000159	0	4.12619875480468e-06	0.999949102244641
rs28615951	-59.5	0.572	AC/GA	1	0.00048	0	1.46521190750067e-06	0.999988458281215
rs28563972	-58.5	0.522	AG/GA	1	0.00087	0	8.4274246709984e-07	0.99999603472426
rs117785736	-58.1	0.581	AA/GG	1	0.000196	0	3.38929798461933e-06	0.999970527821814
rs28421389	-57.2	0.533	AG/GC	1	0.000996	0	7.43484525826686e-07	0.999996778208786
rs113502615	-57	0.598	AA/GG	1	0.000186	0	3.5602819228184e-06	0.999960225758636
rs113688696	-56.9	0.598	AA/GG	1	0.000349	0	1.973278905271e-06	0.999983347248546
rs79667894	-56.3	0.598	AT/GC	1	0.000246	0	2.73820264620498e-06	0.999979323645256
rs60608001	-55.4	0.581	AA/GG	1	0.00067	0	1.07405133389685e-06	0.99999217923849
rs16909856	-51.8	0.586	AA/GG	1	0.000217	0	3.0802762867439e-06	0.999973608098101
rs112191650	-51.7	0.595	AC/GT	1	9.35e-05	0	6.80671618858205e-06	0.999935029928902
rs16909859	-51.5	0.586	AA/GG	1	0.000195	0	3.40562779103789e-06	0.999967138523829
rs28485160	-50.7	0.556	AC/GT	1	0.000225	0	2.97734450920852e-06	0.99997658544261
rs16909865	-49	0.606	AG/GC	1	8e-05	0	7.88723022832444e-06	0.999928223212713
rs111532669	-47.3	0.101	AT/GC	1	0.286	NA	NA	NA
rs59925771	-45.4	0.956	AT/GG	1	1.51e-06	0	0.000348523302860767	0.999280038116824
rs2282043	-43.7	0.955	AT/GC	1	4.52e-07	0	0.00111359950637115	0.995015519031762
rs75259420	-41.1	0.955	AC/GT	1	4.12e-07	0	0.00121773087083364	0.99274121729574
rs28583690	-40.7	0.977	AC/GT	1	4.33e-07	0	0.00116070222965127	0.993901919525391
rs28620532	-39.4	0.209	AG/GA	1	0.645	NA	NA	NA
rs28457693	-39	0.843	AG/GA	1	3.26e-07	1	0.00152645931577203	0.991523486424906
rs28701981	-38.7	0.209	AC/GT	1	0.524	NA	NA	NA
rs2236406	-34.4	0.209	AC/GT	1	0.509	NA	NA	NA
rs2274692	-31.9	0.209	AG/GC	1	0.489	NA	NA	NA
rs28377268	-31.3	0.827	AT/GG	1	2.05e-07	1	0.00238938150255288	0.978381582645146
rs867452	-30.2	0.869	AA/GG	1	1.43e-07	1	0.00338466847427728	0.9406083120186
rs28493225	-30	0.978	AT/GC	1	8.3e-08	1	0.00573008102286206	0.887719468139278
rs28494679	-29.9	0.869	AC/GA	1	1.3e-07	1	0.00371155638241081	0.923055809758215
rs28535536	-29.6	0.869	AC/GT	1	1.32e-07	1	0.00365714035125876	0.926712950109474
rs59015093	-28.9	0.869	AT/GC	1	1.37e-07	1	0.00352794834847733	0.933768846806429
rs16909892	-28.5	0.869	AT/GG	1	1.3e-07	1	0.00371155638241081	0.919344253375804
rs2066829	-26.9	0.202	AG/GC	1	0.221	NA	NA	NA
rs2036963	-25.8	0.955	AT/GC	1	2.79e-07	1	0.00177407348139903	0.988264904846226
rs28711421	-25.4	0.966	AC/GT	1	7.24e-08	1	0.00654075999353027	0.86999714318032
rs16909898	-25.3	0.989	AG/GA	1	6.74e-08	1	0.00701023583176758	0.86345638318679
rs56149656	-23.6	0.869	AG/GA	1	7.91e-08	1	0.00600345366607418	0.876000596846394
rs28706464	-21	0.869	AC/GT	1	4.73e-08	1	0.00988033692377411	0.790535370055992
rs28733891	-20.4	0.869	AC/GT	1	1.16e-06	0	0.000449135702306832	0.998931514813963
rs28535421	-20.4	0.869	AG/GA	1	6.56e-07	0	0.000777606929375578	0.99665441009642
rs16909902	-20.1	0.989	AG/GA	1	4.21e-08	1	0.0110613328721808	0.769669592234887
rs3824488	-19.6	0.966	AT/GC	1	5.13e-08	1	0.00913266799762836	0.79966803805362
rs16909904	-19.4	0.967	AT/GC	1	3.36e-08	1	0.0137654924778602	0.722734790385914
rs2236407	-18.5	0.203	AG/GA	1	0.238	NA	NA	NA
rs1805155	-17.9	0.869	AG/GA	1	9.99e-08	1	0.00478892447490663	0.903247060857996
rs3780573	-16.8	0.967	AA/GG	1	3.8e-08	1	0.0122167852589451	0.747521391691651
rs28448271	-16.6	0.989	AA/GG	1	7.93e-08	1	0.0059887902700211	0.881989387116416
rs2297086	-16.2	0.202	AA/GG	1	0.234	NA	NA	NA
rs2297088	-13.3	0.202	AA/GG	1	0.187	NA	NA	NA
rs28520225	-13.1	0.869	AC/GA	1	5.47e-08	1	0.00858196757725768	0.826028529641472
rs28446116	-12.9	0.878	AG/GA	1	6.2e-08	1	0.00760097409829375	0.841737870302873
rs80155616	-12.4	0.966	AT/GC	1	1.92e-08	1	0.0236948378872307	0.708969297908054
rs28372566	-11.3	0.878	AT/GC	1	4.2e-08	1	0.0110868676710551	0.758608259362706
rs28510415	-11.3	0.966	AG/GA	1	1.07e-08	1	0.0418131579162272	0.546009102210964
rs28474857	-9.1	0.989	AT/GC	1	1.15e-08	1	0.0389835449765554	0.58499264718752
rs28673156	-8.52	0.989	AT/GC	1	9.82e-09	1	0.0454505846642847	0.504195944294737
rs2282040	-7.98	0.989	AG/GA	1	1.27e-08	1	0.0353994010402392	0.657495843225909
rs2282041	-7.92	0.878	AG/GA	1	3.69e-08	1	0.012569816046792	0.735304606432706
rs2282042	-7.67	0.201	AA/GC	1	0.138	NA	NA	NA
rs79057214	-5.64	0.966	AC/GT	1	8.54e-09	1	0.0520597060590135	0.411272903444884
rs28557305	-3.46	0.203	AA/GG	1	0.114	NA	NA	NA
rs28418339	-2.83	0.989	AA/GG	1	9.39e-09	1	0.0474724561855685	0.458745359630452
rs28504650	1.53	0.204	AT/GC	1	0.0988	NA	NA	NA
rs10512248	3.39	0.227	AG/GT	1	0.0156	NA	NA	NA
rs28457763	4.2	0.227	AA/GG	1	0.0154	NA	NA	NA
rs60417486	5.87	0.944	AA/GG	1	7.93e-09	1	0.0559492270368298	0.251959585524486
rs60150206	5.91	0.944	AA/GG	1	7.03e-09	1	0.0629026672472577	0.137249145147933
rs28629854	6.52	0.227	AG/GA	1	0.0172	NA	NA	NA
rs28427480	8.63	0.955	AC/GA	1	8.17e-09	1	0.054350531120369	0.306310116644855
rs16909919	9.47	0.227	AT/GC	1	0.0181	NA	NA	NA
rs16909922	9.59	0.955	AG/GA	1	8.4e-09	1	0.0529030807410151	0.35921319738587
rs4448343	10.1	0.227	AG/GA	1	0.0202	NA	NA	NA
rs28446321	10.5	0.955	AA/GT	1	7.54e-09	1	0.0587612133397238	0.196010358487656
rs28620668	11.4	0.229	AG/GT	1	0.0184	NA	NA	NA
rs1355620	13.9	0.229	AG/GA	1	0.0444	NA	NA	NA
rs1355619	13.9	0.228	AG/GA	1	0.0436	NA	NA	NA
rs3758302	16.3	0.229	AC/GG	1	0.0232	NA	NA	NA
rs145965565	17	0.922	AG/GT	1	5.9e-07	0	0.000861284135281733	0.995876803167044
rs75614054	19.5	0.921	AT/GC	1	1.21e-08	1	0.0371037949981498	0.622096442185669
rs28536201	20.4	0.222	AT/GC	1	0.0241	NA	NA	NA
rs28496034	22	0.227	AG/GC	1	0.0215	NA	NA	NA
rs113154802	22.1	0.89	AT/GC	1	1.63e-08	1	0.0277786167949146	0.685274460020823
rs56119276	24.3	0.22	AC/GT	1	0.025	NA	NA	NA
rs28469297	24.5	0.666	AC/GA	1	1.22e-07	1	0.00394677757798745	0.915632696993394
rs28393820	25.5	0.201	AC/GT	1	0.0655	NA	NA	NA
rs80317870	26	0.714	AA/GC	1	5.28e-08	1	0.00888109584583499	0.817446562064215
rs78843682	26.1	0.714	AA/GG	1	5.27e-08	1	0.00889742816475939	0.80856546621838
rs76062908	26.2	0.714	AT/GC	1	5.8e-08	1	0.00810836656310713	0.834136896204579
rs61076166	26.5	0.696	AT/GC	1	1.96e-07	1	0.00249534205241587	0.975992201142593
rs28536742	26.8	0.208	AT/GC	1	0.13	NA	NA	NA
rs28520360	27.3	0.652	AG/GT	1	1.58e-07	1	0.0030734043186038	0.959695585551575
rs28372466	27.4	0.659	AT/GC	1	1.82e-07	1	0.0026806536176751	0.970844377739961
rs16909923	27.7	0.659	AG/GA	1	1.57e-07	1	0.00309233248243958	0.953548776914368
rs16909927	27.9	0.659	AT/GC	1	1.37e-07	1	0.00352794834847733	0.930240898457951
rs16909930	28	0.659	AC/GT	1	1.58e-07	1	0.0030734043186038	0.956622181232971
rs28384095	28.4	0.205	AT/GC	1	0.0968	NA	NA	NA
rs28698544	28.4	0.659	AC/GT	1	7e-07	0	0.00073045208917364	0.997384862185593
rs28682502	28.7	0.659	AG/GA	1	1.47e-07	1	0.00329555022803553	0.947265794144609
rs57594805	29.6	0.659	AA/GT	1	1.44e-07	1	0.00336193189797304	0.943970243916573
rs57594450	29.6	0.659	AT/GC	1	1.4e-07	1	0.00345479673789426	0.937223643544323
rs57793730	29.7	0.663	AG/GA	1	1.77e-07	1	0.00275382547965009	0.968163724122286
rs76597087	35.5	0.722	AT/GA	1	8.36e-08	1	0.00569025468038425	0.893409722819662
rs28361526	39.6	0.199	AA/GG	1	0.115	NA	NA	NA
rs10512247	40.1	0.725	AT/GC	1	6.39e-08	1	0.00738190468356052	0.849119774986434
rs16909964	40.4	0.67	AG/GA	1	2.18e-07	1	0.00225154456317901	0.980633127208325
rs16909967	40.6	0.67	AC/GT	1	2.32e-07	1	0.00212012506795542	0.982753252276281
rs74607569	40.8	0.67	AG/GA	1	1.75e-07	1	0.00278424651220083	0.965409898642636
rs111336625	40.9	0.67	AC/GT	1	9.46e-08	1	0.00504841356342756	0.898458136383089
rs113851275	40.9	0.67	AA/GG	1	1.18e-07	1	0.00407615921283564	0.911685919415406
rs78007483	41.2	0.67	AC/GT	1	1.66e-07	1	0.00293006657886013	0.962625652130435
rs28778940	42	0.205	AA/GG	1	0.121	NA	NA	NA
rs73529860	43	0.606	AT/GC	1	2.78e-07	1	0.00178023619480162	0.986490831364827
rs28489106	43.2	0.202	AG/GA	1	0.119	NA	NA	NA
rs182923402	43.4	0.7	AA/GT	1	6.44e-08	1	0.00732637236858883	0.856446147355022
rs28713678	43.4	0.196	AA/GT	1	0.103	NA	NA	NA
rs28535514	44.4	0.194	AC/GT	1	0.0946	NA	NA	NA
rs16909970	46.6	0.191	AG/GA	1	0.145	NA	NA	NA
rs28453815	47.1	0.193	AA/GT	1	0.13	NA	NA	NA
rs61660304	48.3	0.648	AA/GG	1	2.52e-07	1	0.0019573428937443	0.984710595170025
rs60529258	49.2	0.634	AT/GC	1	1.84e-07	1	0.00265248135021611	0.973496859090177
rs16909974	50.6	0.183	AG/GA	1	0.134	NA	NA	NA
rs16909975	50.8	0.624	AA/GG	1	1.52e-07	1	0.00319065028731914	0.950456444431928
rs16909978	51.7	0.687	AA/GG	1	4.24e-08	1	0.0109854408973305	0.780655033132218
rs78893982	51.7	0.486	AG/GT	1	1.1e-07	1	0.00436269934457456	0.907609760202571
rs73654566	52.9	0.634	AC/GG	1	2.86e-07	1	0.00173212226290881	0.989997027109134
rs73654567	53.2	0.628	AG/GA	1	3.86e-06	0	0.000141552465107377	0.999821898493082
rs16909981	56.7	0.574	AC/GG	1	5.64e-06	0	9.84374894030459e-05	0.999920335982485
rs76709848	57	0.687	AG/GA	1	8.07e-07	0	0.000636913471533875	0.998021775657127
rs113343136	58	0.615	AA/GG	1	1.13e-06	0	0.000460603454529072	0.998482379111656
rs76239439	58.1	0.486	AA/GG	1	2.71e-06	0	0.000198725789988305	0.999680346027975
rs75655735	58.1	0.486	AA/GC	1	2.67e-06	0	0.000201582121162245	0.999481620237986
rs41442648	63.2	0.277	AT/GC	1	0.000547	NA	NA	NA
rs76340814	65.1	0.267	AA/GG	1	0.0016	NA	NA	NA
rs28686972	70	0.11	AC/GT	1	0.0277	NA	NA	NA
rs7875436	70.5	0.11	AC/GA	1	0.0304	NA	NA	NA
rs28675274	72.8	0.122	AT/GC	1	0.176	NA	NA	NA
rs57861943	73	0.188	AA/GG	1	0.0477	NA	NA	NA
rs75386118	73.1	0.128	AT/GG	1	0.139	NA	NA	NA
rs76099988	73.1	0.132	AA/GT	1	0.139	NA	NA	NA
rs61218176	73.5	0.111	AC/GG	1	0.0733	NA	NA	NA
rs72754342	75.7	0.156	AT/GG	1	0.41	NA	NA	NA
rs72754343	75.7	0.156	AT/GC	1	0.426	NA	NA	NA
rs28544351	76.3	0.186	AG/GA	1	0.0455	NA	NA	NA
rs76692457	79.7	0.129	AC/GT	1	0.142	NA	NA	NA
rs112412041	80.7	0.129	AA/GG	1	0.127	NA	NA	NA
rs55672769	81	0.131	AT/GC	1	0.719	NA	NA	NA
rs55957307	81.1	0.129	AC/GT	1	0.181	NA	NA	NA
rs6477853	81.6	0.113	AT/GC	1	0.274	NA	NA	NA
rs79934023	82.1	0.131	AA/GG	1	0.524	NA	NA	NA
rs147911911	82.5	0.129	AG/GA	1	0.184	NA	NA	NA
rs72754351	83.4	0.103	AG/GA	1	0.283	NA	NA	NA
rs7025117	84	0.188	AG/GT	1	0.0618	NA	NA	NA
rs78621370	84.7	0.131	AT/GC	1	0.592	NA	NA	NA
rs7037829	84.7	0.158	AA/GG	1	0.55	NA	NA	NA
rs3851543	84.9	0.159	AC/GA	1	0.365	NA	NA	NA
rs2897052	85.7	0.131	AC/GG	1	0.666	NA	NA	NA
rs2405056	85.9	0.157	AG/GA	1	0.585	NA	NA	NA
rs80200604	86.5	0.129	AA/GG	1	0.457	NA	NA	NA
rs34299394	88.4	0.118	AT/GA	1	0.231	NA	NA	NA
rs13298553	88.6	0.118	AA/GG	1	0.247	NA	NA	NA
rs10990355	89.4	0.138	AC/GG	1	0.271	NA	NA	NA
rs35474521	90.7	0.104	AT/GG	1	0.326	NA	NA	NA
rs7026894	92	0.138	AT/GC	1	0.281	NA	NA	NA
rs34777564	92.4	0.118	AA/GG	1	0.28	NA	NA	NA
rs2405060	97.6	0.118	AC/GA	1	0.339	NA	NA	NA
rs4335262	97.9	0.116	AG/GA	1	0.356	NA	NA	NA
rs10118174	98.6	0.116	AC/GT	1	0.375	NA	NA	NA
rs10981328	98.8	0.116	AT/GC	1	0.358	NA	NA	NA
rs12339113	99	0.116	AT/GC	1	0.378	NA	NA	NA
rs882131	102	0.158	AC/GT	1	0.15	NA	NA	NA
rs10115098	102	0.155	AA/GC	1	0.414	NA	NA	NA
rs1889616	103	0.124	AA/GG	1	0.614	NA	NA	NA
rs1932075	104	0.155	AT/GC	1	0.438	NA	NA	NA
rs7862599	104	0.107	AC/GT	1	0.523	NA	NA	NA
rs2275105	106	0.161	AT/GC	1	0.213	NA	NA	NA
rs10120432	106	0.105	AC/GT	1	0.959	NA	NA	NA
rs74455859	107	0.112	AG/GA	1	0.588	NA	NA	NA
rs150556531	271	0.104	AG/GA	1	0.387	NA	NA	NA
