SNP	KB	R2	Alleles	F	P	inCredible	probNorm	cumSum
rs11214605	0	1	C	1	9.48e-10	1	0.0685082254773047	0.0685082254773047
rs7928346	-127	0.102	CT/TC	1	0.572	NA	NA	NA
rs10502172	-101	0.464	CC/TT	1	0.000237	0	4.38830591592e-07	0.999997165020686
rs12225351	-101	0.15	CT/TC	1	0.169	NA	NA	NA
rs7928978	-100	0.152	CG/TA	1	0.168	NA	NA	NA
rs2303380	-99.9	0.16	CG/TA	1	0.00839	NA	NA	NA
rs10891535	-99.3	0.464	CC/TG	1	0.000206	0	5.00555410603156e-07	0.999994904359881
rs2187346	-98.8	0.152	CA/TC	1	0.166	NA	NA	NA
rs10502173	-97.6	0.15	CA/TC	1	0.185	NA	NA	NA
rs11214577	-96.3	0.469	CC/TT	1	0.000168	0	6.06313269681303e-07	0.999993900955838
rs948176	-96.1	0.15	CG/TA	1	0.193	NA	NA	NA
rs1893695	-94.5	0.469	CA/TC	1	0.000283	0	3.7158873232637e-07	0.999998760197065
rs1893696	-94.3	0.162	CG/TA	1	0.00824	NA	NA	NA
rs7109196	-94.1	0.154	CC/TA	1	0.179	NA	NA	NA
rs2155462	-93.8	0.469	CA/TC	1	0.000299	0	3.52929470900586e-07	0.999999113126536
rs1943622	-93.7	0.152	CC/TT	1	0.175	NA	NA	NA
rs7114433	-92.5	0.165	CC/TT	1	0.00854	NA	NA	NA
rs11214579	-92.4	0.165	CC/TA	1	0.00934	NA	NA	NA
rs12282356	-92.2	0.165	CA/TG	1	0.00598	NA	NA	NA
rs60373142	-92.1	0.127	CA/TG	1	0.0851	NA	NA	NA
rs10891536	-91.2	0.469	CC/TG	1	0.000272	0	3.85653823930869e-07	0.999998388608333
rs2288159	-89.3	0.15	CT/TG	1	0.19	NA	NA	NA
rs10891537	-89.2	0.473	CT/TG	1	0.00025	0	4.17388739550588e-07	0.999998002954509
rs4938007	-88.8	0.152	CG/TA	1	0.208	NA	NA	NA
rs6589372	-88	0.155	CC/TT	1	0.178	NA	NA	NA
rs7928201	-87.5	0.155	CG/TC	1	0.19	NA	NA	NA
rs11214580	-87.3	0.127	CC/TT	1	0.0854	NA	NA	NA
rs4987094	-84.7	0.147	CA/TG	1	0.0397	NA	NA	NA
rs3781884	-83.2	0.118	CG/TA	1	0.0787	NA	NA	NA
rs11214582	-82.6	0.469	CC/TT	1	0.000237	0	4.38830591592e-07	0.999996726190094
rs10891538	-76.6	0.476	CC/TT	1	0.000231	0	4.49518071025277e-07	0.999996287359503
rs11214583	-76.2	0.476	CA/TG	1	0.000205	0	5.02848631870506e-07	0.99999440380447
rs6589373	-75.7	0.152	CG/TC	1	0.207	NA	NA	NA
rs11493880	-75.5	0.476	CC/TT	1	0.000226	0	4.58845860578964e-07	0.999995837841432
rs7931066	-74.4	0.155	CA/TG	1	0.201	NA	NA	NA
rs11214585	-72.9	0.471	CG/TC	1	0.000248	0	4.2054508346828e-07	0.999997585565769
rs12292113	-72.8	0.152	CA/TT	1	0.198	NA	NA	NA
rs12293753	-72.1	0.152	CC/TT	1	0.209	NA	NA	NA
rs7939992	-70.9	0.471	CT/TC	1	0.000218	0	4.74635690308324e-07	0.999995378995571
rs2276070	-70	0.155	CT/TC	1	0.278	NA	NA	NA
rs4438071	-69	0.443	CC/TT	1	0.00251	0	4.91358505842913e-08	0.999999912961093
rs4370966	-68.9	0.446	CG/TA	1	0.00312	0	4.02821940053954e-08	1
rs11214587	-68.2	0.45	CT/TG	1	0.00233	0	5.25991116206907e-08	0.999999863825242
rs7115082	-67.9	0.162	CC/TT	1	0.0573	NA	NA	NA
rs2298490	-67.5	0.162	CG/TA	1	0.0346	NA	NA	NA
rs713233	-66.1	0.153	CA/TG	1	0.128	NA	NA	NA
rs719803	-66.1	0.143	CG/TA	1	0.239	NA	NA	NA
rs719802	-65.9	0.192	CT/TC	1	0.00186	NA	NA	NA
rs2298489	-65.2	0.24	CA/TG	1	1.43e-05	NA	NA	NA
rs7949242	-64.7	0.177	CG/TA	1	0.0779	NA	NA	NA
rs10789942	-64.4	0.61	CA/TG	1	9.08e-09	1	0.00759032204524717	0.95302408047153
rs10891539	-64.1	0.602	CG/TC	1	7.5e-09	1	0.00914076637909639	0.93696222941463
rs7130431	-62.4	0.239	CT/TG	1	9.45e-06	NA	NA	NA
rs10891540	-61.5	0.606	CG/TA	1	8.11e-09	1	0.00847152901165266	0.945433758426282
rs1055075	-61.1	0.239	CT/TC	1	8.01e-06	NA	NA	NA
rs1055076	-60.9	0.189	CA/TC	1	0.0821	NA	NA	NA
rs12804573	-58.9	0.606	CG/TA	1	5.78e-09	1	0.0117765162971224	0.897237453925148
rs12805699	-58.8	0.606	CT/TA	1	5.56e-09	1	0.0122295895792316	0.885460937628025
rs1078	-58.7	0.609	CC/TT	1	5.15e-09	1	0.0131758341195014	0.873231348048794
rs2155463	-58.3	0.606	CT/TC	1	1.42e-08	1	0.0049151592751015	0.968937568185465
rs2155464	-58.2	0.238	CT/TC	1	7.61e-06	NA	NA	NA
rs2186799	-58.1	0.614	CG/TT	1	4.66e-09	1	0.0145220683256858	0.860055513929292
rs2186800	-57.7	0.555	CG/TA	1	2.18e-08	1	0.00324154733311023	0.98432600245789
rs12285457	-57.2	0.196	CC/TT	1	0.0735	NA	NA	NA
rs2282511	-56.4	0.236	CA/TC	1	3.42e-06	NA	NA	NA
rs11214589	-55.6	0.568	CG/TA	1	3.33e-07	0	0.00023143207162957	0.999740150978398
rs4938010	-55	0.196	CG/TA	1	0.0718	NA	NA	NA
rs4938011	-53.4	0.178	CG/TT	1	0.0979	NA	NA	NA
rs28712705	-52.9	0.19	CG/TA	1	0.061	NA	NA	NA
rs754672	-51.5	0.637	CC/TT	1	1.35e-08	1	0.00516256893484936	0.964022408910363
rs3897584	-50.9	0.256	CG/TC	1	1.04e-05	NA	NA	NA
rs4601821	-50.3	0.261	CA/TG	1	6.96e-06	NA	NA	NA
rs11214592	-50.1	0.163	CG/TA	1	0.0798	NA	NA	NA
rs7116782	-49.7	0.638	CA/TG	1	4.51e-08	0	0.00160128786187762	0.9967548707331
rs10891541	-48.5	0.181	CG/TA	1	0.175	NA	NA	NA
rs10891542	-46.7	0.189	CT/TG	1	0.226	NA	NA	NA
rs6589375	-45.5	0.256	CC/TA	1	4.6e-06	NA	NA	NA
rs7107223	-45	0.639	CA/TT	1	5.27e-08	0	0.00137692408683419	0.998131794819934
rs10891543	-44.7	0.261	CA/TG	1	5.15e-06	NA	NA	NA
rs10891544	-44.4	0.637	CC/TA	1	5.27e-08	0	0.00137692408683419	0.999508718906768
rs877137	-44.3	0.642	CC/TT	1	1.63e-06	0	5.01130715454273e-05	0.999845610244876
rs877138	-44.1	0.256	CG/TA	1	6.47e-06	NA	NA	NA
rs10891545	-42.5	0.184	CC/TT	1	0.255	NA	NA	NA
rs11214594	-41.3	0.672	CG/TA	1	2.98e-08	0	0.0023933249943066	0.995153582871222
rs4938012	-40.9	0.3	CA/TG	1	1.88e-06	NA	NA	NA
rs11214595	-40.9	0.672	CG/TT	1	2.4e-08	1	0.00295272500257743	0.987278727460467
rs17600713	-40.7	0.675	CG/TA	1	2.45e-08	1	0.00289422198316809	0.990172949443636
rs34601878	-39.7	0.672	CG/TA	1	2.75e-08	0	0.00258730843328009	0.992760257876916
rs73557236	-39.3	0.152	CT/TC	1	0.0595	NA	NA	NA
rs7945132	-38.1	0.303	CA/TT	1	1.76e-06	NA	NA	NA
rs61492892	-38	0.181	CT/TG	1	0.141	NA	NA	NA
rs7123797	-38	0.303	CA/TG	1	2.1e-06	NA	NA	NA
rs12360992	-37.7	0.673	CA/TC	1	2.18e-08	1	0.00324154733311023	0.98108445512478
rs12224538	-37.4	0.181	CA/TG	1	0.152	NA	NA	NA
rs4590907	-37.2	0.181	CG/TT	1	0.162	NA	NA	NA
rs17115439	-36.3	0.3	CT/TC	1	4.1e-06	NA	NA	NA
rs4938013	-36.1	0.303	CA/TC	1	1.74e-06	NA	NA	NA
rs11214596	-36.1	0.67	CC/TG	1	1.76e-08	1	0.00399018033110324	0.977842907791669
rs4938014	-36.1	0.181	CA/TG	1	0.136	NA	NA	NA
rs4938015	-36	0.3	CT/TC	1	3.97e-06	NA	NA	NA
rs10891546	-35.3	0.306	CT/TC	1	2.64e-06	NA	NA	NA
rs35023999	-34.2	0.611	CA/TC	1	1.47e-06	0	5.534619493313e-05	0.999795497173331
rs34863235	-33.9	0.151	CT/TC	1	0.243	NA	NA	NA
rs11214598	-33.9	0.281	CT/TC	1	0.00211	NA	NA	NA
rs7118900	-33.8	0.15	CA/TG	1	0.328	NA	NA	NA
rs75698063	-33.4	0.101	CT/TC	1	0.455	NA	NA	NA
rs10891547	-33.4	0.604	CC/TA	1	2.27e-06	0	3.64554015781095e-05	0.999968200755772
rs10891548	-33.3	0.604	CG/TA	1	2.19e-06	0	3.77332972689477e-05	0.999931745354194
rs7122228	-33.3	0.279	CA/TG	1	0.0011	NA	NA	NA
rs11604671	-32.5	0.604	CG/TA	1	1.69e-06	0	4.84018120489562e-05	0.999894012056925
rs2734849	-30.4	0.604	CA/TG	1	3.35e-06	0	2.50938867962993e-05	0.999993294642569
rs1800497	-29.8	0.171	CA/TG	1	0.0205	NA	NA	NA
rs2859545	-29.3	0.266	CC/TT	1	0.00743	NA	NA	NA
rs11214599	-29.2	0.255	CT/TC	1	0.000128	NA	NA	NA
rs2587552	-28.8	0.266	CG/TA	1	0.01	NA	NA	NA
rs11214601	-27.8	0.255	CT/TC	1	0.000157	NA	NA	NA
rs2587550	-27.7	0.265	CG/TA	1	0.00806	NA	NA	NA
rs1003641	-27	0.263	CA/TG	1	0.00741	NA	NA	NA
rs2511520	-25.8	0.255	CT/TC	1	0.000173	NA	NA	NA
rs2859544	-25.2	0.266	CG/TA	1	0.00786	NA	NA	NA
rs2859543	-25	0.263	CT/TC	1	0.00743	NA	NA	NA
rs2242593	-24.3	0.257	CC/TT	1	0.000241	NA	NA	NA
rs11214602	-23	0.266	CC/TA	1	0.0074	NA	NA	NA
rs10891549	-22.2	0.715	CT/TC	1	1.19e-08	1	0.00583575950398434	0.958859839975514
rs1554929	-21.8	0.721	CC/TT	1	1.42e-08	1	0.0049151592751015	0.973852727460566
rs2242592	-21.2	0.267	CG/TA	1	0.00692	NA	NA	NA
rs2242591	-20.7	0.259	CT/TC	1	0.000149	NA	NA	NA
rs11214603	-20.7	0.724	CG/TA	1	4.44e-09	1	0.0152218428849015	0.845533445603606
rs2734842	-20.3	0.266	CG/TC	1	0.00731	NA	NA	NA
rs6278	-19.9	0.259	CA/TC	1	0.000145	NA	NA	NA
rs6279	-19.5	0.264	CG/TC	1	0.00764	NA	NA	NA
rs6276	-19.2	0.263	CC/TT	1	0.00863	NA	NA	NA
rs2734841	-18.8	0.264	CA/TC	1	0.00704	NA	NA	NA
rs1124491	-18.5	0.259	CA/TG	1	0.000154	NA	NA	NA
rs1124492	-18.3	0.21	CA/TC	1	0.641	NA	NA	NA
rs1124493	-18.3	0.264	CT/TG	1	0.0067	NA	NA	NA
rs1079595	-17.9	0.261	CC/TA	1	0.000122	NA	NA	NA
rs1079594	-17.8	0.261	CC/TA	1	0.000108	NA	NA	NA
rs6277	-17.1	0.724	CG/TA	1	3.28e-09	1	0.0204397654148778	0.795131167974837
rs6275	-17.1	0.264	CA/TG	1	0.00549	NA	NA	NA
rs1076560	-16.9	0.263	CA/TC	1	0.000152	NA	NA	NA
rs2511521	-15.3	0.483	CG/TA	1	0.00131	0	8.93119307003146e-08	0.999999418815663
rs2283265	-15.1	0.267	CA/TC	1	0.000205	NA	NA	NA
rs12363125	-14.7	0.971	CC/TT	1	2.42e-09	1	0.0274836192362314	0.653111944101825
rs2734839	-14.1	0.967	CC/TT	1	2.39e-09	1	0.0278195802601042	0.625628324865594
rs2734838	-14.1	0.971	CA/TG	1	2.94e-09	1	0.0227379244625599	0.774691402559959
rs2734837	-13.8	0.967	CC/TT	1	2.11e-09	1	0.0314097358531866	0.509841126466251
rs2440390	-13.7	0.204	CT/TC	1	0.0019	NA	NA	NA
rs1107162	-11.6	0.971	CG/TA	1	2.08e-09	1	0.0318509857494518	0.478431390613064
rs2075654	-11.5	0.263	CT/TC	1	0.000376	NA	NA	NA
rs1079727	-11.4	0.265	CC/TT	1	0.000266	NA	NA	NA
rs2002453	-11.3	0.481	CT/TC	1	0.00117	0	9.91376043020739e-08	0.999999329503732
rs78044862	-10.7	0.134	CG/TA	1	0.00339	NA	NA	NA
rs2005313	-10.6	0.481	CA/TG	1	0.002	0	6.05041506839645e-08	0.999999811226131
rs2245805	-9.9	0.481	CT/TG	1	0.000976	0	1.17239591834123e-07	0.999999230366128
rs2734836	-9.36	0.265	CT/TC	1	0.000248	NA	NA	NA
rs2734835	-9.26	0.967	CT/TG	1	1.99e-09	1	0.0332535500609731	0.446580404863613
rs1800498	-9.01	0.967	CG/TA	1	2.53e-09	1	0.026319115481857	0.679431059583682
rs2234690	-8.85	0.967	CT/TA	1	2.6e-09	1	0.025628758058206	0.705059817641888
rs2587548	-8.39	0.967	CG/TC	1	2.79e-09	1	0.0239275093938311	0.728987327035719
rs2734833	-7.68	0.967	CG/TA	1	1.64e-09	1	0.0401508631449314	0.376052359567363
rs2734831	-7	0.967	CT/TG	1	2.91e-09	1	0.0229661510616804	0.751953478097399
rs1962262	-6.42	0.267	CA/TG	1	0.000222	NA	NA	NA
rs11608185	-5.62	0.963	CT/TC	1	2.23e-09	1	0.0297620628580567	0.569760523895348
rs1076563	-4.69	0.971	CA/TC	1	2.2e-09	1	0.0301573345710402	0.539998461037291
rs1076562	-4.59	0.481	CA/TG	1	0.00133	0	8.80719120730612e-08	0.999999506887575
rs1116313	-4.49	0.971	CA/TG	1	2.37e-09	1	0.0280482207101415	0.597808744605489
rs1079598	-4.33	0.267	CG/TA	1	0.000206	NA	NA	NA
rs1079597	-4.32	0.269	CT/TC	1	0.000224	NA	NA	NA
rs1079596	-3.98	0.267	CT/TC	1	0.000195	NA	NA	NA
rs1125394	-3.42	0.267	CC/TT	1	0.000101	NA	NA	NA
rs1125393	-3.25	0.265	CT/TC	1	0.000239	NA	NA	NA
rs2471857	-2.26	0.267	CT/TC	1	0.000196	NA	NA	NA
rs12798900	-1.6	1	CG/TT	1	9.71e-10	1	0.066925304821748	0.135433530299053
rs2471856	-1.4	0.499	CA/TT	1	0.00138	0	8.51241382327471e-08	0.999999592011713
rs75349786	-1.33	0.116	CG/TA	1	0.577	NA	NA	NA
rs2471855	-1.1	0.267	CG/TC	1	0.000214	NA	NA	NA
rs2471854	-0.962	0.269	CC/TG	1	0.000249	NA	NA	NA
rs7131627	-0.772	1	CG/TA	1	1.33e-09	1	0.049246925248744	0.287713770902217
rs7131440	-0.691	1	CC/TT	1	1.36e-09	1	0.0481877255202151	0.335901496422432
rs7131465	-0.579	1	CA/TC	1	1.26e-09	1	0.051912088685448	0.187345618984501
rs7131681	-0.549	1	CC/TT	1	1.28e-09	1	0.051121226668972	0.238466845653473
rs2471851	0.468	0.267	CC/TA	1	0.000202	NA	NA	NA
rs2471850	0.665	0.499	CG/TA	1	0.0014	0	8.40020995894823e-08	0.999999676013813
rs12800853	1.91	0.992	CC/TT	1	1.77e-09	1	0.0372744952352763	0.413326854802639
rs11608109	2.85	0.963	CG/TC	1	3.58e-09	1	0.0187703679288365	0.813901535903674
rs7103679	3.07	0.26	CT/TC	1	0.000253	NA	NA	NA
rs4938017	3.33	0.963	CT/TC	1	4.11e-09	1	0.0164100668150313	0.830311602718705
rs7122246	3.86	0.959	CG/TA	1	7.27e-09	1	0.00942185950729812	0.927821463035533
rs7350522	4.6	0.258	CT/TG	1	0.000233	NA	NA	NA
rs12364051	4.71	0.959	CA/TG	1	6.13e-09	1	0.0111219229800688	0.908359376905216
rs60599314	5.83	0.198	CT/TC	1	0.00539	NA	NA	NA
rs4436578	6.16	0.23	CC/TT	1	0.524	NA	NA	NA
rs4587762	6.29	0.938	CG/TA	1	6.81e-09	1	0.0100402266230188	0.918399603528235
rs4586205	6.53	0.481	CG/TT	1	0.00265	0	4.67567130257581e-08	0.999999959717806
rs17115583	8.3	0.214	CA/TG	1	0.303	NA	NA	NA
rs4620755	9.02	0.212	CA/TG	1	0.313	NA	NA	NA
rs79549222	9.74	0.188	CG/TT	1	0.00627	NA	NA	NA
rs7125415	10.1	0.171	CT/TC	1	0.637	NA	NA	NA
rs11214607	11.5	0.257	CG/TT	1	0.000554	NA	NA	NA
rs4648318	12.8	0.46	CC/TT	1	0.00159	0	7.47081672665589e-08	0.99999975072198
rs4648319	13.8	0.257	CA/TG	1	0.000189	NA	NA	NA
rs12574471	15.6	0.169	CT/TC	1	0.0126	NA	NA	NA
rs17601612	17.1	0.191	CG/TC	1	9.82e-09	NA	NA	NA
rs7948028	28.1	0.183	CA/TC	1	5.56e-08	NA	NA	NA
rs4337071	33.5	0.181	CC/TT	1	6.23e-08	NA	NA	NA
rs4630328	33.6	0.179	CG/TA	1	2.79e-07	NA	NA	NA
rs11601054	35.6	0.179	CG/TA	1	1.22e-07	NA	NA	NA
rs61902787	36.5	0.181	CC/TA	1	3.14e-08	NA	NA	NA
rs61902807	44.3	0.18	CT/TC	1	2.03e-08	NA	NA	NA
rs7110440	48.8	0.18	CC/TA	1	1.37e-08	NA	NA	NA
rs35277073	50	0.18	CC/TG	1	1.39e-08	NA	NA	NA
rs7121986	54.8	0.18	CC/TT	1	1.2e-08	NA	NA	NA
rs6589377	55.1	0.181	CA/TG	1	8.54e-09	NA	NA	NA
rs7929453	55.6	0.18	CT/TC	1	7.23e-08	NA	NA	NA
rs4482060	57.6	0.145	CA/TT	1	6.49e-07	NA	NA	NA
rs4245150	64	0.18	CT/TG	1	6.79e-09	NA	NA	NA
rs17602038	64.1	0.18	CT/TC	1	1.07e-08	NA	NA	NA
rs4938021	64.2	0.18	CT/TC	1	1.05e-08	NA	NA	NA
rs4936275	64.5	0.18	CT/TC	1	8.59e-09	NA	NA	NA
rs4936276	64.5	0.18	CC/TG	1	9.83e-09	NA	NA	NA
rs61902811	70.2	0.192	CG/TA	1	1.25e-08	NA	NA	NA
rs7934649	72.1	0.192	CT/TC	1	1.52e-08	NA	NA	NA
rs6589379	74	0.192	CT/TG	1	3.77e-08	NA	NA	NA
rs4938023	74.2	0.192	CG/TT	1	1.69e-08	NA	NA	NA
rs7111031	76.9	0.192	CA/TC	1	1.98e-08	NA	NA	NA
rs6589381	78.4	0.135	CC/TA	1	0.000169	NA	NA	NA
rs7949802	81.2	0.132	CC/TT	1	0.00023	NA	NA	NA
rs4479021	82.8	0.132	CG/TA	1	0.000276	NA	NA	NA
rs7107293	83.5	0.132	CG/TA	1	0.000367	NA	NA	NA
rs4534613	85.4	0.132	CA/TC	1	0.000363	NA	NA	NA
rs35738585	85.7	0.132	CT/TG	1	0.000361	NA	NA	NA
rs34216353	85.8	0.132	CC/TT	1	0.000361	NA	NA	NA
rs4245154	88.1	0.132	CA/TG	1	0.000363	NA	NA	NA
rs2514218	92.4	0.178	CC/TT	1	3.68e-08	NA	NA	NA
rs4309187	112	0.145	CC/TA	1	1.87e-07	NA	NA	NA
rs10750025	123	0.11	CT/TC	1	1.28e-05	NA	NA	NA
