SNP	KB	R2	Alleles	F	P	inCredible	probNorm	cumSum
rs2282040	0	1	G	1	5.28e-09	1	0.0624564833183245	0.0624564833183245
rs357545	-106	0.393	GT/AG	1	0.00171	NA	NA	NA
rs357544	-106	0.393	GG/AA	1	0.00162	NA	NA	NA
rs357541	-103	0.298	GG/AA	1	0.0185	NA	NA	NA
rs76629064	-100	0.298	GA/AG	1	0.0167	NA	NA	NA
rs357535	-95.1	0.307	GA/AG	1	0.0173	NA	NA	NA
rs357536	-95.1	0.139	GG/AA	1	0.3	NA	NA	NA
rs357537	-94.4	0.426	GA/AG	1	0.00334	0	1.83857870126239e-07	0.99999889822239
rs419574	-93.5	0.307	GG/AA	1	0.0173	NA	NA	NA
rs75297803	-88.9	0.307	GT/AG	1	0.0224	NA	NA	NA
rs10993543	-88.3	0.416	GT/AC	1	0.00285	0	2.12476455393921e-07	0.999998522646636
rs357531	-86.3	0.307	GT/AC	1	0.024	NA	NA	NA
rs357530	-84.9	0.307	GA/AG	1	0.0248	NA	NA	NA
rs357527	-80.5	0.307	GA/AG	1	0.0218	NA	NA	NA
rs357562	-72.6	0.436	GA/AG	1	0.0097	0	7.03071089169405e-08	0.999999937137909
rs357561	-71.2	0.431	GT/AC	1	0.011	0	6.28620907375071e-08	1
rs357560	-71	0.436	GA/AG	1	0.00902	0	7.50170871520167e-08	0.9999998668308
rs357556	-66	0.436	GT/AC	1	0.00719	0	9.19021460955062e-08	0.999999791813713
rs613040	-60.8	0.451	GC/AT	1	0.00437	0	1.44017300327122e-07	0.999999699911567
rs357526	-59.7	0.451	GA/AG	1	0.0039	0	1.59681868246781e-07	0.999999398049225
rs357525	-59.2	0.451	GT/AC	1	0.0038	0	1.63495035131141e-07	0.999999238367357
rs357524	-59.2	0.446	GT/AC	1	0.00395	0	1.57845041460671e-07	0.999999555894267
rs357523	-59	0.446	GC/AT	1	0.00349	0	1.76649932047699e-07	0.999999074872322
rs357520	-57.8	0.446	GC/AT	1	0.00319	0	1.91717884064561e-07	0.99999871436452
rs61652825	-56.6	0.584	GA/AG	1	0.000272	0	1.87296997117475e-06	0.999997143010931
rs58831996	-56.6	0.593	GA/AG	1	0.000241	0	2.09802331237005e-06	0.99999527004096
rs57247461	-55.7	0.593	GG/AC	1	0.000233	0	2.16554303464324e-06	0.999993172017648
rs79180263	-54.3	0.593	GA/AC	1	0.000164	0	3.01214537249891e-06	0.99997438508164
rs28517704	-53.9	0.584	GC/AT	1	0.00018	0	2.75962969189443e-06	0.999988787255141
rs79251983	-53.7	0.576	GG/AA	1	0.000153	0	3.21552684522958e-06	0.999968253274996
rs80321314	-53.6	0.593	GA/AG	1	0.000165	0	2.99496682557249e-06	0.999980375015292
rs76014677	-52.6	0.593	GT/AC	1	0.000177	0	2.8035881453872e-06	0.999986027625449
rs77806505	-51.7	0.593	GT/AC	1	0.000158	0	3.11966127152515e-06	0.999971372936268
rs28615951	-51.5	0.584	GC/AA	1	0.000174	0	2.84902201228132e-06	0.999983224037304
rs28563972	-50.5	0.532	GG/AA	1	0.000451	0	1.16715924891251e-06	0.99999831017018
rs117785736	-50.1	0.593	GA/AG	1	0.000165	0	2.99496682557249e-06	0.999977380048466
rs28421389	-49.2	0.544	GG/AC	1	0.000124	0	3.91948031591674e-06	0.999957429896838
rs113502615	-49	0.611	GA/AG	1	0.000128	0	3.80392565675533e-06	0.999965037748151
rs113688696	-48.9	0.611	GA/AG	1	0.000128	0	3.80392565675533e-06	0.999961233822494
rs79667894	-48.3	0.611	GT/AC	1	0.000122	0	3.98002563002752e-06	0.999949530390892
rs60608001	-47.4	0.593	GA/AG	1	0.000227	0	2.21921947206883e-06	0.999991006474613
rs16909856	-43.8	0.598	GA/AG	1	7.55e-05	0	6.26145322093422e-06	0.999935244374463
rs112191650	-43.7	0.608	GC/AT	1	1.27e-05	0	3.40579580676724e-05	0.999724174245528
rs16909859	-43.5	0.598	GA/AG	1	6.41e-05	0	7.31024183038659e-06	0.999928982921242
rs28485160	-42.7	0.568	GC/AT	1	5.04e-05	0	9.18004250326083e-06	0.999921672679411
rs16909865	-41	0.619	GG/AC	1	3.19e-05	0	1.41694144435031e-05	0.999912492636908
rs59925771	-37.4	0.967	GT/AG	1	1.23e-07	1	0.00294300588848664	0.982179161486092
rs2282043	-35.7	0.966	GT/AC	1	1.08e-06	0	0.000361592917640161	0.995137355994967
rs75259420	-33.1	0.966	GC/AT	1	9.4e-07	0	0.000413293765980584	0.994414170159687
rs28583690	-32.7	0.989	GC/AT	1	3.2e-07	0	0.00116802623810313	0.992865223032449
rs28620532	-31.5	0.211	GG/AA	1	0.00151	NA	NA	NA
rs28457693	-31	0.853	GG/AA	1	0.000122	0	3.98002563002752e-06	0.999953510416522
rs28701981	-30.7	0.211	GC/AT	1	0.0016	NA	NA	NA
rs2236406	-26.5	0.211	GC/AT	1	0.00185	NA	NA	NA
rs2274692	-24	0.211	GG/AC	1	0.00129	NA	NA	NA
rs28377268	-23.3	0.836	GT/AG	1	2.38e-05	0	1.87200561611452e-05	0.999898323222465
rs867452	-22.3	0.879	GA/AG	1	2.45e-08	1	0.0140561055745148	0.920121689201017
rs28493225	-22	0.989	GT/AC	1	3.37e-08	1	0.010316171196482	0.95627183263292
rs28494679	-21.9	0.879	GC/AA	1	2.02e-08	1	0.0169521150920845	0.858202677773342
rs28535536	-21.6	0.879	GC/AT	1	2.05e-08	1	0.0167112157496054	0.874913893522947
rs59015093	-20.9	0.879	GT/AC	1	2.25e-08	1	0.0152672772307663	0.906065583626502
rs16909892	-20.5	0.879	GT/AG	1	1.94e-08	1	0.0176304226979596	0.841250562681257
rs2066829	-18.9	0.204	GG/AC	1	0.00109	NA	NA	NA
rs2036963	-17.8	0.966	GT/AC	1	1.29e-07	1	0.00281047121138946	0.984989632697482
rs28711421	-17.4	0.977	GC/AT	1	7.68e-08	1	0.00464291433191362	0.979236155597605
rs16909898	-17.3	1	GG/AA	1	1.46e-08	1	0.0232354548242232	0.699485685110109
rs56149656	-15.6	0.879	GG/AA	1	1.15e-08	1	0.0292994864771634	0.600259574559221
rs28706464	-13	0.879	GC/AT	1	1.07e-08	1	0.0314261839366012	0.541660601604894
rs28733891	-12.5	0.879	GC/AT	1	1.03e-08	1	0.0326116919945603	0.477622725673732
rs28535421	-12.4	0.879	GG/AA	1	1.03e-08	1	0.0326116919945603	0.510234417668293
rs16909902	-12.1	1	GG/AA	1	1.15e-08	1	0.0292994864771634	0.570960088082057
rs3824488	-11.7	0.977	GT/AC	1	2.75e-08	1	0.0125655463552967	0.945955661436438
rs16909904	-11.5	0.978	GT/AC	1	2.6e-08	1	0.0132684258801249	0.933390115081142
rs2236407	-10.5	0.205	GG/AA	1	0.000777	NA	NA	NA
rs1805155	-9.95	0.879	GG/AA	1	1.3e-08	1	0.0260089621132054	0.626268536672426
rs3780573	-8.82	0.978	GA/AG	1	1.8e-08	1	0.018960431995885	0.823620139983298
rs28448271	-8.6	1	GA/AG	1	1.38e-08	1	0.0245428959051391	0.676250230285886
rs2297086	-8.21	0.204	GA/AG	1	0.000825	NA	NA	NA
rs2297088	-5.34	0.204	GA/AG	1	0.000684	NA	NA	NA
rs28520225	-5.14	0.879	GC/AA	1	7.49e-09	1	0.0444507654115363	0.445011033679172
rs28446116	-4.94	0.888	GG/AA	1	7.25e-09	1	0.0458810401122819	0.355045486329351
rs80155616	-4.46	0.977	GT/AC	1	2.16e-08	1	0.0158844128727884	0.890798306395736
rs28372566	-3.35	0.888	GT/AC	1	7.21e-09	1	0.0461285544734656	0.309164446217069
rs28510415	-3.3	0.977	GG/AA	1	1.69e-08	1	0.0201577759814439	0.764912093884825
rs28474857	-1.12	1	GT/AC	1	7.31e-09	1	0.0455147819382844	0.400560268267636
rs28673156	-0.538	1	GT/AC	1	5.93e-09	1	0.0557861073772242	0.118242590695549
rs2282041	0.059	0.888	GG/AA	1	6.91e-09	1	0.0480750297971663	0.215429809485407
rs2282042	0.307	0.203	GA/AC	1	0.000926	NA	NA	NA
rs79057214	2.35	0.977	GC/AT	1	1.33e-08	1	0.0254387977083208	0.651707334380747
rs28557305	4.52	0.205	GA/AG	1	0.00111	NA	NA	NA
rs28418339	5.15	1	GA/AG	1	6.98e-09	1	0.0476060822581963	0.263035891743604
rs10512249	7.98	0.989	GA/AG	1	6.76e-09	1	0.0491121889926925	0.167354779688241
rs28504650	9.51	0.198	GT/AC	1	0.00167	NA	NA	NA
rs10512248	11.4	0.221	GG/AT	1	0.000937	NA	NA	NA
rs28457763	12.2	0.221	GA/AG	1	0.00108	NA	NA	NA
rs60417486	13.8	0.933	GA/AG	1	5.34e-08	1	0.00660220802654657	0.962874040659467
rs60150206	13.9	0.933	GA/AG	1	5.45e-08	1	0.00647302437867521	0.969347065038142
rs28629854	14.5	0.221	GG/AA	1	0.00109	NA	NA	NA
rs28427480	16.6	0.944	GC/AA	1	1.51e-08	1	0.0224877447535515	0.744754317903381
rs16909919	17.5	0.221	GT/AC	1	0.00175	NA	NA	NA
rs16909922	17.6	0.944	GG/AA	1	1.49e-08	1	0.0227808880397203	0.722266573149829
rs4448343	18	0.221	GG/AA	1	0.00186	NA	NA	NA
rs28446321	18.5	0.944	GA/AT	1	1.7e-08	1	0.0200426121910278	0.784954706075853
rs28620668	19.4	0.223	GG/AT	1	0.00184	NA	NA	NA
rs1355620	21.8	0.223	GG/AA	1	0.00137	NA	NA	NA
rs1355619	21.8	0.222	GG/AA	1	0.00123	NA	NA	NA
rs3758302	24.3	0.223	GC/AG	1	0.00195	NA	NA	NA
rs145965565	25	0.911	GG/AT	1	1.73e-08	1	0.0197050019115602	0.804659707987413
rs75614054	27.5	0.911	GT/AC	1	6.77e-08	1	0.00524617622754961	0.974593241265692
rs28536201	28.4	0.216	GT/AC	1	0.00261	NA	NA	NA
rs28496034	30	0.221	GG/AC	1	0.00182	NA	NA	NA
rs113154802	30.1	0.879	GT/AC	1	1.29e-07	1	0.00281047121138946	0.987800103908871
rs56119276	32.3	0.222	GC/AT	1	0.00308	NA	NA	NA
rs28469297	32.5	0.657	GC/AA	1	2.96e-06	0	0.00013723379543448	0.998996013521716
rs28393820	33.5	0.203	GC/AT	1	0.0135	NA	NA	NA
rs80317870	34	0.705	GA/AC	1	1.65e-06	0	0.000240543353611878	0.99761096349128
rs78843682	34.1	0.705	GA/AG	1	1.56e-06	0	0.000253868654299046	0.996638768191868
rs76062908	34.2	0.705	GT/AC	1	1.73e-06	0	0.00022984276404183	0.99807995665356
rs61076166	34.5	0.687	GT/AC	1	3.64e-06	0	0.000112545394812485	0.999353502312538
rs28536742	34.8	0.21	GT/AC	1	0.0333	NA	NA	NA
rs28520360	35.3	0.644	GG/AT	1	1.18e-05	0	3.65327183367151e-05	0.999653876638029
rs28372466	35.4	0.65	GT/AC	1	1.39e-05	0	3.1247255569905e-05	0.999853667606095
rs16909923	35.7	0.65	GG/AA	1	1.33e-05	0	3.25905293901659e-05	0.999822420350525
rs16909927	35.8	0.65	GT/AC	1	1.33e-05	0	3.25905293901659e-05	0.999789829821135
rs16909930	36	0.65	GC/AT	1	1.31e-05	0	3.30650462173423e-05	0.999757239291745
rs28384095	36.3	0.208	GT/AC	1	0.0169	NA	NA	NA
rs28698544	36.4	0.65	GC/AT	1	1.69e-05	0	2.59355602081486e-05	0.999879603166303
rs28682502	36.7	0.65	GG/AA	1	1.19e-05	0	3.62396494308899e-05	0.99969011628746
rs57594805	37.5	0.65	GA/AT	1	1.15e-05	0	3.74418617168863e-05	0.999617343919692
rs57594450	37.6	0.65	GT/AC	1	1.15e-05	0	3.74418617168863e-05	0.999579902057976
rs57793730	37.7	0.654	GG/AA	1	3.42e-06	0	0.000119478109438058	0.999240956917726
rs76597087	43.5	0.713	GT/AA	1	1.65e-06	0	0.000240543353611878	0.997370420137668
rs28361526	47.5	0.202	GA/AG	1	0.015	NA	NA	NA
rs10512247	48.1	0.716	GT/AC	1	3.08e-07	1	0.0012119341882002	0.990500267821883
rs16909964	48.4	0.661	GG/AA	1	1.08e-06	0	0.000361592917640161	0.994775763077327
rs16909967	48.6	0.661	GC/AT	1	2.21e-06	0	0.000181662974724481	0.998708889364
rs74607569	48.8	0.661	GG/AA	1	1.66e-06	0	0.000239150398237772	0.997850113889518
rs111336625	48.9	0.661	GC/AT	1	1.61e-06	0	0.000246285062141728	0.99688505325401
rs113851275	48.9	0.661	GA/AG	1	1.25e-06	0	0.000314148407186008	0.996129456515458
rs113065637	49	0.661	GT/AA	1	1.62e-06	0	0.000244823530046668	0.997129876784056
rs111320745	49.1	0.654	GG/AA	1	1.78e-06	0	0.000223634867857705	0.998527226389275
rs75846571	49.1	0.654	GT/AC	1	1.78e-06	0	0.000223634867857705	0.998303591521417
rs78007483	49.2	0.661	GC/AT	1	1.55e-06	0	0.000255443022111424	0.996384899537569
rs28778940	50	0.207	GA/AG	1	0.00797	NA	NA	NA
rs73529860	51	0.598	GT/AC	1	7.91e-05	0	5.99167304479747e-06	0.999941236047508
rs28489106	51.1	0.204	GG/AA	1	0.0103	NA	NA	NA
rs182923402	51.3	0.692	GA/AT	1	5.41e-07	0	0.00070376425776889	0.993568987290218
rs28713678	51.4	0.199	GA/AT	1	0.0121	NA	NA	NA
rs28535514	52.4	0.196	GC/AT	1	0.0105	NA	NA	NA
rs16909970	54.6	0.194	GG/AA	1	0.00836	NA	NA	NA
rs28453815	55.1	0.196	GA/AT	1	0.00799	NA	NA	NA
rs61660304	56.3	0.64	GA/AG	1	1.16e-06	0	0.00033756410413841	0.995815308108272
rs60529258	57.2	0.626	GT/AC	1	1.08e-05	0	3.97553636858271e-05	0.999503053145903
rs16909974	58.6	0.186	GG/AA	1	0.00893	NA	NA	NA
rs16909975	58.8	0.616	GA/AG	1	8.98e-07	0	0.000431889103487981	0.994000876393706
rs16909978	59.7	0.679	GA/AG	1	2.49e-07	1	0.00148822972481204	0.989288333633683
rs78893982	59.7	0.48	GG/AT	1	3.25e-06	0	0.000125465286571066	0.999121478808287
rs73654566	60.9	0.626	GC/AG	1	1.09e-05	0	3.940705035527e-05	0.999542460196259
rs73654567	61.2	0.62	GG/AA	1	2.7e-06	0	0.000149890362282204	0.998858779726282
rs16909981	64.7	0.566	GC/AG	1	0.000112	0	4.31431775418335e-06	0.999945550365262
rs76709848	65	0.679	GG/AA	1	3.12e-07	0	0.00119692897246267	0.991697196794346
rs113343136	66	0.608	GA/AG	1	1.15e-06	0	0.0003403880091663	0.995477744004133
rs76239439	66.1	0.48	GA/AG	1	7.78e-06	0	5.43868181246576e-05	0.999463297782218
rs75655735	66.1	0.48	GA/AC	1	7.63e-06	0	5.54086515549199e-05	0.999408910964093
rs41442648	71.1	0.273	GT/AC	1	0.00923	NA	NA	NA
rs76340814	73.1	0.264	GA/AG	1	0.00843	NA	NA	NA
rs28686972	78	0.106	GC/AT	1	0.0452	NA	NA	NA
rs7875436	78.4	0.106	GC/AA	1	0.0485	NA	NA	NA
rs28675274	80.8	0.12	GT/AC	1	0.516	NA	NA	NA
rs57861943	81	0.184	GA/AG	1	0.0033	NA	NA	NA
rs75386118	81	0.126	GT/AG	1	0.161	NA	NA	NA
rs76099988	81	0.13	GA/AT	1	0.156	NA	NA	NA
rs61218176	81.5	0.108	GC/AG	1	0.0179	NA	NA	NA
rs73531950	81.7	0.159	GT/AC	1	0.0511	NA	NA	NA
rs111066154	81.9	0.21	GT/AC	1	0.00433	NA	NA	NA
rs72754342	83.7	0.159	GT/AG	1	0.0514	NA	NA	NA
rs72754343	83.7	0.159	GT/AC	1	0.0548	NA	NA	NA
rs28544351	84.3	0.182	GG/AA	1	0.0041	NA	NA	NA
rs76692457	87.6	0.126	GC/AT	1	0.158	NA	NA	NA
rs112412041	88.7	0.126	GA/AG	1	0.14	NA	NA	NA
rs55672769	89	0.129	GT/AC	1	0.275	NA	NA	NA
rs55957307	89.1	0.126	GC/AT	1	0.13	NA	NA	NA
rs6477853	89.6	0.111	GT/AC	1	0.156	NA	NA	NA
rs79934023	90.1	0.129	GA/AG	1	0.27	NA	NA	NA
rs147911911	90.5	0.126	GG/AA	1	0.116	NA	NA	NA
rs72754351	91.4	0.1	GG/AA	1	0.0562	NA	NA	NA
rs7025117	92	0.183	GG/AT	1	0.00342	NA	NA	NA
rs78621370	92.7	0.129	GT/AC	1	0.256	NA	NA	NA
rs7037829	92.7	0.161	GA/AG	1	0.0432	NA	NA	NA
rs3851543	92.9	0.162	GC/AA	1	0.0384	NA	NA	NA
rs2897052	93.7	0.129	GC/AG	1	0.256	NA	NA	NA
rs2405056	93.9	0.16	GG/AA	1	0.0453	NA	NA	NA
rs80200604	94.5	0.126	GA/AG	1	0.127	NA	NA	NA
rs34299394	96.4	0.116	GT/AA	1	0.0763	NA	NA	NA
rs13298553	96.6	0.116	GA/AG	1	0.0679	NA	NA	NA
rs10990355	97.4	0.14	GC/AG	1	0.0234	NA	NA	NA
rs35474521	98.7	0.102	GT/AG	1	0.196	NA	NA	NA
rs7026894	99.9	0.14	GT/AC	1	0.0245	NA	NA	NA
rs34777564	100	0.116	GA/AG	1	0.0773	NA	NA	NA
rs2405060	106	0.116	GC/AA	1	0.0823	NA	NA	NA
rs4335262	106	0.114	GG/AA	1	0.103	NA	NA	NA
rs10118174	107	0.114	GC/AT	1	0.104	NA	NA	NA
rs10981328	107	0.114	GT/AC	1	0.103	NA	NA	NA
rs12339113	107	0.114	GT/AC	1	0.104	NA	NA	NA
rs882131	110	0.154	GC/AT	1	0.0139	NA	NA	NA
rs10115098	110	0.151	GA/AC	1	0.0288	NA	NA	NA
rs1889616	111	0.127	GA/AG	1	0.1	NA	NA	NA
rs1932075	112	0.151	GT/AC	1	0.0238	NA	NA	NA
rs7862599	112	0.105	GC/AT	1	0.386	NA	NA	NA
rs2275105	114	0.157	GT/AC	1	0.0175	NA	NA	NA
rs10120432	114	0.103	GC/AT	1	0.199	NA	NA	NA
rs74455859	115	0.11	GG/AA	1	0.312	NA	NA	NA
rs150556531	279	0.116	GG/AA	1	0.661	NA	NA	NA
