SNP	KB	R2	Alleles	F	P	inCredible	probNorm	cumSum
rs4909316	0	1	C	1	1.32e-08	1	0.0233429860594996	0.0233429860594996
rs36090608	-63.3	0.184	CC/TT	1	0.615	NA	NA	NA
rs2978213	-63	0.195	CC/TT	1	0.0457	NA	NA	NA
rs6980724	-62.7	0.218	CC/TT	1	0.00322	NA	NA	NA
rs7014815	-62.7	0.229	CG/TA	1	0.00264	NA	NA	NA
rs7002068	-60.8	0.2	CT/TC	1	0.0101	NA	NA	NA
rs34639637	-60.5	0.198	CG/TC	1	0.00731	NA	NA	NA
rs1031280	-60.4	0.219	CC/TT	1	0.00625	NA	NA	NA
rs66594719	-58.1	0.202	CA/TG	1	0.0107	NA	NA	NA
rs7016929	-57.8	0.201	CA/TG	1	0.00703	NA	NA	NA
rs6984842	-56.5	0.202	CA/TT	1	0.0114	NA	NA	NA
rs6577689	-54.7	0.199	CG/TA	1	0.00618	NA	NA	NA
rs1448708	-53.6	0.204	CT/TC	1	0.00663	NA	NA	NA
rs1448707	-53.6	0.201	CG/TA	1	0.00682	NA	NA	NA
rs1448706	-53.5	0.199	CT/TC	1	0.00727	NA	NA	NA
rs2978190	-53.3	0.199	CT/TC	1	0.00623	NA	NA	NA
rs35419580	-52.7	0.198	CG/TA	1	0.00836	NA	NA	NA
rs35605812	-52.4	0.197	CA/TC	1	0.0126	NA	NA	NA
rs6577690	-49	0.198	CA/TG	1	0.00748	NA	NA	NA
rs6577691	-49	0.197	CG/TT	1	0.0114	NA	NA	NA
rs13257256	-47.5	0.196	CC/TT	1	0.0113	NA	NA	NA
rs13251369	-46.6	0.197	CA/TC	1	0.0122	NA	NA	NA
rs7824784	-44.7	0.197	CC/TT	1	0.00879	NA	NA	NA
rs7824945	-44.5	0.195	CC/TT	1	0.0116	NA	NA	NA
rs7012670	-43.7	0.2	CT/TG	1	0.00866	NA	NA	NA
rs1448701	-42	0.201	CC/TG	1	0.00655	NA	NA	NA
rs1375255	-41.9	0.196	CA/TG	1	0.0119	NA	NA	NA
rs1375254	-41.8	0.2	CG/TT	1	0.00764	NA	NA	NA
rs10505638	-41.3	0.236	CT/TC	1	0.00198	NA	NA	NA
rs1806413	-40.6	0.235	CA/TG	1	0.00212	NA	NA	NA
rs7016985	-39.8	0.234	CC/TT	1	0.00255	NA	NA	NA
rs2922356	-39.6	0.224	CG/TA	1	0.00177	NA	NA	NA
rs7827171	-39.4	0.222	CA/TG	1	0.00259	NA	NA	NA
rs7827295	-39.3	0.234	CC/TG	1	0.00259	NA	NA	NA
rs7846261	-39	0.234	CG/TA	1	0.00278	NA	NA	NA
rs7827724	-39	0.234	CA/TG	1	0.00267	NA	NA	NA
rs6577693	-38.6	0.234	CC/TG	1	0.00281	NA	NA	NA
rs2978185	-38.6	0.234	CC/TT	1	0.00233	NA	NA	NA
rs2922353	-38.6	0.234	CG/TT	1	0.00233	NA	NA	NA
rs961369	-37.6	0.232	CT/TA	1	0.00248	NA	NA	NA
rs17606425	-37.5	0.231	CA/TG	1	0.0028	NA	NA	NA
rs17547120	-37.3	0.231	CA/TC	1	0.00284	NA	NA	NA
rs2922352	-37.1	0.232	CT/TA	1	0.00232	NA	NA	NA
rs2952054	-37	0.232	CC/TT	1	0.00235	NA	NA	NA
rs2922350	-36.5	0.232	CC/TT	1	0.00242	NA	NA	NA
rs2952053	-36.2	0.233	CC/TT	1	0.00143	NA	NA	NA
rs2122055	-35.9	0.231	CG/TA	1	0.00272	NA	NA	NA
rs2122054	-35.7	0.215	CT/TA	1	0.00451	NA	NA	NA
rs1448699	-35.6	0.235	CC/TT	1	0.0024	NA	NA	NA
rs1448698	-35.4	0.235	CT/TC	1	0.00243	NA	NA	NA
rs6577695	-34.7	0.235	CT/TG	1	0.00249	NA	NA	NA
rs2952057	-34.5	0.232	CC/TT	1	0.00225	NA	NA	NA
rs72721809	-34.5	0.231	CA/TG	1	0.00327	NA	NA	NA
rs1375253	-34.2	0.234	CG/TA	1	0.00236	NA	NA	NA
rs13256726	-33.9	0.23	CT/TC	1	0.00344	NA	NA	NA
rs75643158	-33	0.242	CA/TG	1	0.00169	NA	NA	NA
rs1470615	-30.7	0.243	CA/TC	1	0.00117	NA	NA	NA
rs13258399	-30.1	0.243	CA/TG	1	0.00125	NA	NA	NA
rs72721818	-27.4	0.239	CA/TG	1	0.00114	NA	NA	NA
rs34693451	-27.2	0.238	CC/TA	1	0.00168	NA	NA	NA
rs35306411	-27.1	0.239	CA/TT	1	0.0011	NA	NA	NA
rs13262909	-21.3	0.264	CG/TA	1	0.00215	NA	NA	NA
rs35455880	-21	0.249	CT/TC	1	0.00136	NA	NA	NA
rs1375258	-20.4	0.268	CT/TC	1	0.00128	NA	NA	NA
rs13255465	-19.1	0.264	CG/TT	1	0.0016	NA	NA	NA
rs13250317	-17.2	0.285	CG/TA	1	0.00142	NA	NA	NA
rs13250618	-17.1	0.266	CG/TA	1	0.00222	NA	NA	NA
rs6989569	-15	0.26	CC/TT	1	0.00151	NA	NA	NA
rs67692335	-14.7	0.245	CT/TC	1	0.0014	NA	NA	NA
rs66536738	-11.8	0.263	CC/TT	1	0.00196	NA	NA	NA
rs1010596	-11.1	0.26	CG/TA	1	0.00149	NA	NA	NA
rs1868368	-9.02	0.258	CC/TT	1	0.00177	NA	NA	NA
rs1448725	-7.61	0.258	CC/TT	1	0.00159	NA	NA	NA
rs6577700	-6.89	0.264	CT/TC	1	0.00249	NA	NA	NA
rs6982765	-3.58	0.262	CG/TA	1	0.00218	NA	NA	NA
rs7823708	-2.02	0.275	CC/TT	1	0.00115	NA	NA	NA
rs11775156	-0.25	0.905	CA/TC	1	2.96e-08	1	0.0106573117160277	0.83062995956911
rs16905457	-0.028	0.246	CA/TT	1	0.108	NA	NA	NA
rs4909536	0.107	0.905	CA/TG	1	3.27e-08	1	0.00967573141107679	0.840305690980187
rs4909317	0.921	0.901	CA/TG	1	2.43e-08	1	0.0129061099073056	0.784388162116845
rs10505640	1.13	0.246	CT/TC	1	0.132	NA	NA	NA
rs10505641	1.26	0.661	CG/TC	1	2.04e-06	0	0.000178701588312165	0.998758123852605
rs10505642	1.34	0.996	CT/TC	1	1.43e-08	1	0.0215966083688335	0.134552553029087
rs2166945	1.59	0.996	CA/TG	1	1.37e-08	1	0.022514880717622	0.0912116079906697
rs1448718	1.62	0.984	CT/TG	1	1.8e-08	1	0.0172712441525714	0.281450588931454
rs1839179	1.66	0.996	CC/TG	1	1.37e-08	1	0.022514880717622	0.0686967272730477
rs1984744	1.77	0.392	CA/TG	1	0.00116	NA	NA	NA
rs7015350	2.62	0.901	CA/TG	1	2.54e-08	1	0.0123633130348214	0.796751475151666
rs6981450	2.67	0.996	CT/TA	1	1.46e-08	1	0.021165404530461	0.155717957559548
rs6981652	2.8	0.996	CT/TC	1	1.35e-08	1	0.0228388604959261	0.0461818465554256
rs6994909	2.87	0.984	CG/TA	1	1.72e-08	1	0.0180508152527267	0.210724947178601
rs4909537	2.94	0.984	CC/TT	1	1.89e-08	1	0.0164720860956655	0.364325029603838
rs4909538	3.1	0.246	CC/TG	1	0.103	NA	NA	NA
rs4909542	3.37	0.398	CT/TC	1	0.00151	NA	NA	NA
rs6996150	3.6	0.996	CT/TC	1	1.42e-08	1	0.021744336669584	0.112955944660254
rs1026105	3.74	0.753	CA/TG	1	9.03e-07	0	0.000391314337978102	0.993988059667133
rs1026106	4.09	0.984	CT/TC	1	1.73e-08	1	0.0179494802183465	0.228674427396947
rs1026107	4.13	0.984	CC/TG	1	1.64e-08	1	0.0189053591135993	0.174623316673147
rs1026108	4.14	0.392	CT/TG	1	0.00126	NA	NA	NA
rs7827516	4.38	0.747	CG/TA	1	9.55e-07	0	0.000370778845082305	0.994746843611609
rs5026631	4.59	0.984	CG/TA	1	1.73e-08	1	0.0179494802183465	0.246623907615294
rs5026630	4.65	0.387	CC/TT	1	0.00181	NA	NA	NA
rs5026629	4.66	0.98	CG/TA	1	1.93e-08	1	0.0161405116864644	0.462157686059012
rs5026628	4.83	0.383	CC/TT	1	0.00283	NA	NA	NA
rs5026627	4.84	0.968	CC/TT	1	3.9e-08	1	0.00815588754791127	0.857112693710539
rs74603529	4.84	0.242	CG/TA	1	0.0804	NA	NA	NA
rs5026626	4.86	0.976	CA/TG	1	2.24e-08	1	0.0139673744353199	0.704072032953334
rs17549128	4.98	0.747	CC/TT	1	8.78e-07	0	0.000402037575450813	0.993596745329155
rs1839176	5.35	0.984	CT/TC	1	1.72e-08	1	0.0180508152527267	0.192674131925874
rs6983628	5.8	0.392	CC/TG	1	0.00129	NA	NA	NA
rs62528876	5.85	0.246	CA/TC	1	0.0882	NA	NA	NA
rs6988619	6.53	0.984	CA/TC	1	2.28e-08	1	0.0137294575070556	0.71780149046039
rs16905463	6.77	0.246	CA/TC	1	0.0864	NA	NA	NA
rs34003049	6.84	0.984	CA/TG	1	2.01e-08	1	0.0155164298817434	0.55734337274901
rs13277193	6.85	0.984	CC/TA	1	2.03e-08	1	0.0153679919096964	0.572711364658707
rs10505643	7.39	0.246	CT/TA	1	0.0641	NA	NA	NA
rs12544435	7.95	0.984	CT/TG	1	1.92e-08	1	0.0162221277299902	0.446017174372547
rs10505644	8.02	0.245	CC/TG	1	0.0714	NA	NA	NA
rs12541332	8.24	0.984	CC/TA	1	1.86e-08	1	0.0167299956821698	0.298180584613624
rs13251347	8.35	0.744	CA/TG	1	9.11e-07	0	0.000388005099393644	0.994376064766527
rs10505645	8.59	0.984	CC/TT	1	1.87e-08	1	0.0166431189399317	0.314823703553556
rs10505646	8.67	0.984	CG/TA	1	1.89e-08	1	0.0164720860956655	0.347852943508172
rs62528877	8.74	0.246	CT/TG	1	0.0807	NA	NA	NA
rs17549392	9	0.984	CT/TC	1	1.89e-08	1	0.0164720860956655	0.380797115699503
rs12545149	9.12	0.984	CT/TA	1	1.93e-08	1	0.0161405116864644	0.478298197745476
rs77213501	9.17	0.245	CA/TG	1	0.0672	NA	NA	NA
rs17614890	9.21	0.744	CC/TG	1	9.93e-07	0	0.000357109834243815	0.995103953445853
rs7004513	9.4	0.984	CC/TT	1	1.88e-08	1	0.0165571538589508	0.331380857412507
rs2029063	10.3	0.98	CA/TG	1	2.11e-08	1	0.0148020045821909	0.632543679716747
rs12543360	10.7	0.984	CC/TT	1	2.41e-08	1	0.013010048515831	0.771482052209539
rs11994949	11.3	0.738	CA/TG	1	1.01e-06	0	0.00035132213253263	0.99581100615166
rs12544215	12.1	0.984	CC/TT	1	1.77e-08	1	0.017555437163589	0.264179344778883
rs12547225	12.4	0.984	CT/TA	1	1.98e-08	1	0.0157446313727469	0.52608231149452
rs12674478	12.6	0.984	CT/TC	1	1.94e-08	1	0.0160597255904076	0.494357923335884
rs1448686	13	0.744	CC/TT	1	9.97e-07	0	0.000355730573274249	0.995459684019127
rs1448688	13.2	0.744	CG/TT	1	8.68e-07	0	0.000406496809188508	0.993194707753704
rs16905465	13.6	0.246	CG/TA	1	0.0704	NA	NA	NA
rs7827114	13.6	0.211	CA/TG	1	0.0357	NA	NA	NA
rs6577701	13.8	0.744	CT/TC	1	1.04e-06	0	0.000341562321909726	0.996838884308236
rs16905467	14.3	0.245	CT/TC	1	0.0597	NA	NA	NA
rs11780110	14.5	0.392	CC/TT	1	0.00178	NA	NA	NA
rs2873442	14.6	0.984	CT/TC	1	2.06e-08	1	0.0151506660416002	0.587862030700307
rs2317357	14.7	0.392	CT/TC	1	0.00161	NA	NA	NA
rs2317356	14.7	0.392	CG/TC	1	0.00167	NA	NA	NA
rs4487814	14.9	0.392	CA/TG	1	0.00168	NA	NA	NA
rs4452820	15	0.391	CA/TT	1	0.00165	NA	NA	NA
rs2317355	15	0.391	CG/TA	1	0.00168	NA	NA	NA
rs11779623	15.4	0.984	CG/TA	1	1.95e-08	1	0.0159797567858892	0.510337680121773
rs58962230	15.6	0.726	CA/TT	1	1.52e-06	0	0.000237099057173651	0.99796526459212
rs1473339	15.7	0.984	CC/TT	1	1.9e-08	1	0.0163879016065318	0.413572918912567
rs1473340	15.8	0.98	CG/TT	1	1.92e-08	1	0.0162221277299902	0.429795046642557
rs1473341	15.8	0.984	CC/TT	1	1.9e-08	1	0.0163879016065318	0.397185017306035
rs7009349	16.1	0.744	CG/TC	1	7.5e-07	0	0.000467926822135588	0.992376690866389
rs6995109	16.3	0.976	CG/TA	1	2.1e-08	1	0.0148704268054951	0.617741675134556
rs6999285	16.3	0.246	CC/TT	1	0.066	NA	NA	NA
rs7012510	16.4	0.984	CA/TG	1	1.98e-08	1	0.0157446313727469	0.541826942867267
rs6996440	17.1	0.984	CC/TA	1	2.33e-08	1	0.0134433933065806	0.758472003693708
rs4259444	17.3	0.984	CT/TG	1	2.08e-08	1	0.0150092176287545	0.602871248329061
rs4527909	17.4	0.984	CT/TC	1	2.17e-08	1	0.0144045357141877	0.661548737912443
rs7017829	17.4	0.984	CA/TG	1	2.17e-08	1	0.0144045357141877	0.67595327362663
rs9987321	18.1	0.984	CA/TG	1	2.3e-08	1	0.0136135599633688	0.745028610387128
rs9987330	18.1	0.984	CT/TC	1	2.21e-08	1	0.0141513848913839	0.690104658518014
rs9987324	18.2	0.984	CT/TG	1	2.14e-08	1	0.0146005224815078	0.647144202198255
rs66624143	18.3	0.744	CG/TA	1	8.57e-07	0	0.000411520078126697	0.992788210944516
rs9987331	18.3	0.984	CT/TC	1	2.3e-08	1	0.0136135599633688	0.731415050423759
rs2317354	18.5	0.984	CA/TG	1	2.69e-08	1	0.0116937341354969	0.808445209287163
rs2218690	18.5	0.984	CA/TG	1	2.73e-08	1	0.0115274385659198	0.819972647853083
rs62528879	18.6	0.245	CG/TT	1	0.0578	NA	NA	NA
rs1159345	18.9	0.738	CG/TA	1	1.11e-06	0	0.000320807262080948	0.997159691570317
rs6986152	19	0.211	CG/TA	1	0.0349	NA	NA	NA
rs10109871	19.3	0.738	CG/TA	1	1.04e-06	0	0.000341562321909726	0.996497321986327
rs10113603	19.5	0.235	CT/TC	1	0.0677	NA	NA	NA
rs13248990	19.7	0.211	CG/TA	1	0.0332	NA	NA	NA
rs1542237	21.3	0.735	CC/TT	1	1.13e-06	0	0.000315341599204273	0.997475033169521
rs7001747	21.5	0.208	CG/TT	1	0.0335	NA	NA	NA
rs13266231	21.9	0.735	CA/TG	1	1.03e-06	0	0.000344753512757077	0.996155759664417
rs13277343	22	0.208	CT/TC	1	0.0344	NA	NA	NA
rs11986474	22.4	0.968	CA/TG	1	3.67e-08	1	0.00865111518244073	0.848956806162628
rs11989223	22.5	0.726	CT/TC	1	1.42e-06	0	0.000253132365424458	0.997728165534946
rs7007723	22.9	0.232	CG/TC	1	0.0804	NA	NA	NA
rs17550215	23.5	0.709	CC/TT	1	1.65e-06	0	0.000219113308726864	0.998184377900846
rs35054612	24.7	0.707	CG/TT	1	1.78e-06	0	0.000203711202605339	0.998388089103452
rs55662061	25.2	0.138	CC/TG	1	0.0206	NA	NA	NA
rs35222270	26	0.395	CG/TC	1	0.00134	NA	NA	NA
rs60489595	26.1	0.222	CC/TT	1	0.0867	NA	NA	NA
rs61467087	26.2	0.222	CC/TT	1	0.0868	NA	NA	NA
rs1375250	26.4	0.395	CA/TG	1	0.00143	NA	NA	NA
rs9644426	26.9	0.4	CG/TA	1	0.00146	NA	NA	NA
rs7815356	27.2	0.222	CA/TC	1	0.0823	NA	NA	NA
rs11994336	27.7	0.714	CT/TC	1	1.9e-06	0	0.000191333160840578	0.998579422264292
rs12547790	27.7	0.395	CC/TT	1	0.00146	NA	NA	NA
rs13250410	28.4	0.714	CC/TT	1	2.15e-06	0	0.000169911070304853	0.999098708458289
rs12156221	28.6	0.139	CC/TA	1	0.0217	NA	NA	NA
rs12155590	28.6	0.139	CT/TG	1	0.0195	NA	NA	NA
rs12155533	28.9	0.956	CA/TG	1	7.81e-08	1	0.00416108148623465	0.861273775196774
rs11984837	29.1	0.203	CG/TA	1	0.0335	NA	NA	NA
rs13260385	29.6	0.72	CG/TA	1	2.26e-06	0	0.000161961438344438	0.999260669896633
rs62528884	29.6	0.233	CC/TA	1	0.0691	NA	NA	NA
rs34934044	29.6	0.395	CA/TG	1	0.00178	NA	NA	NA
rs2317349	30.8	0.23	CG/TA	1	0.058	NA	NA	NA
rs728	31	0.945	CA/TC	1	1.43e-07	1	0.00231723570233778	0.981302641350835
rs59986759	31.1	0.372	CG/TA	1	0.00184	NA	NA	NA
rs6984523	31.1	0.945	CA/TG	1	1.18e-07	1	0.00279064898916361	0.926093405125697
rs13252697	31.7	0.948	CC/TT	1	9.25e-08	1	0.00353221585673814	0.879930586009488
rs4909545	31.8	0.235	CC/TT	1	0.087	NA	NA	NA
rs35061856	31.8	0.709	CT/TA	1	2.14e-06	0	0.000170673535379261	0.998928797387984
rs4909546	31.9	0.235	CG/TA	1	0.0824	NA	NA	NA
rs1031282	32.2	0.386	CG/TA	1	0.00188	NA	NA	NA
rs12550722	32.3	0.948	CT/TC	1	1.08e-07	1	0.00304033550128626	0.908933617993401
rs12545723	32.4	0.948	CA/TG	1	9.39e-08	1	0.00348122062215193	0.88341180663164
rs66689742	32.4	0.945	CG/TT	1	1.18e-07	1	0.00279064898916361	0.923302756136534
rs62528886	32.5	0.233	CC/TG	1	0.101	NA	NA	NA
rs6981441	32.7	0.235	CA/TT	1	0.0831	NA	NA	NA
rs11997914	33.3	0.948	CC/TA	1	9.89e-08	1	0.0033107110776211	0.893406574031966
rs11998638	33.4	0.948	CC/TT	1	9.89e-08	1	0.0033107110776211	0.896717285109587
rs1020458	33.4	0.376	CG/TA	1	0.00209	NA	NA	NA
rs1020459	33.5	0.376	CG/TA	1	0.00191	NA	NA	NA
rs10505647	33.8	0.386	CG/TA	1	0.00178	NA	NA	NA
rs1375261	34	0.371	CC/TA	1	0.00132	NA	NA	NA
rs35105490	34.1	0.956	CG/TA	1	8.92e-08	1	0.00365865524154216	0.87284008219311
rs35331968	34.1	0.709	CG/TA	1	2.29e-06	0	0.000159923541698528	0.999420593438332
rs12676422	34.4	0.945	CA/TG	1	1.25e-07	1	0.0026393025607586	0.939542037509817
rs10089575	34.5	0.945	CG/TA	1	1.38e-07	1	0.00239839689209553	0.971905660950826
rs1375263	34.6	0.945	CG/TT	1	1.31e-07	1	0.00252226464503374	0.954750981372095
rs1375264	34.7	0.945	CT/TG	1	1.3e-07	1	0.00254103201714563	0.944643155419849
rs1823288	34.9	0.941	CA/TG	1	1.23e-07	1	0.00268081303493189	0.936902734949059
rs10102955	35	0.941	CC/TG	1	1.2e-07	1	0.00274563293551252	0.92883903806121
rs56202210	35.3	0.941	CC/TG	1	1.18e-07	1	0.00279064898916361	0.92051210714737
rs62528906	35.7	0.223	CA/TG	1	0.0908	NA	NA	NA
rs55662669	36.4	0.684	CG/TT	1	4.65e-06	0	8.10744957620591e-05	0.999501667934094
rs733959	36.9	0.937	CG/TA	1	1.09e-07	1	0.00301333703678135	0.911946955030182
rs2317350	36.9	0.937	CA/TG	1	1.08e-07	1	0.00304033550128626	0.905893282492115
rs733960	37	0.937	CG/TC	1	1.11e-07	1	0.00296077781831477	0.914907732848497
rs2317351	37.2	0.941	CC/TG	1	1.17e-07	1	0.00281372530970949	0.917721458158207
rs733961	37.3	0.933	CG/TA	1	1.49e-07	1	0.00222692650285947	0.988012717293981
rs12543815	37.6	0.941	CA/TG	1	1.22e-07	1	0.00270207081798509	0.931541108879195
rs12546080	37.8	0.941	CG/TA	1	1.31e-07	1	0.00252226464503374	0.949706452082028
rs13253551	38.1	0.937	CA/TG	1	1.23e-07	1	0.00268081303493189	0.934221921914127
rs6984709	38.5	0.392	CT/TC	1	0.000698	NA	NA	NA
rs10090979	38.5	0.937	CG/TC	1	1.07e-07	1	0.00306783094062074	0.902852946990829
rs10090241	38.6	0.937	CC/TG	1	1.07e-07	1	0.00306783094062074	0.899785116050208
rs4909547	38.9	0.937	CT/TG	1	8.48e-08	1	0.0038423106242479	0.869181426951568
rs4909548	39.1	0.937	CT/TC	1	9.88e-08	1	0.00331395462957836	0.890095862954345
rs4909549	39.1	0.113	CA/TG	1	0.0208	NA	NA	NA
rs4909550	39.1	0.937	CA/TC	1	9.71e-08	1	0.00337010169312702	0.886781908324767
rs4909551	39.2	0.933	CT/TG	1	8e-08	1	0.00406534113054644	0.86533911632732
rs6577703	39.3	0.937	CA/TG	1	9.18e-08	1	0.00355828795963908	0.876398370152749
rs4909552	40.1	0.221	CG/TA	1	0.0507	NA	NA	NA
rs4909553	40.5	0.933	CG/TA	1	1.37e-07	1	0.00241532898457386	0.969507264058731
rs4909554	40.8	0.925	CT/TC	1	1.33e-07	1	0.00248556381205183	0.962244099841155
rs7838794	41.1	0.925	CA/TG	1	1.37e-07	1	0.00241532898457386	0.967091935074157
rs11781512	41.2	0.925	CT/TC	1	1.29e-07	1	0.00256008589288552	0.942102123402703
rs745138	41.5	0.925	CT/TA	1	1.36e-07	1	0.00243250624842795	0.964676606089583
rs895855	41.5	0.925	CA/TT	1	1.32e-07	1	0.00250377732850378	0.959758536029103
rs745137	41.6	0.448	CG/TT	1	0.00184	0	2.88966469001145e-07	0.999997572716438
rs1545402	42	0.921	CA/TG	1	1.39e-07	1	0.00238170473123005	0.974287365682056
rs11778148	42	0.184	CC/TA	1	0.01	NA	NA	NA
rs6982910	42.7	0.448	CC/TG	1	0.00196	0	2.72676276824948e-07	0.999998125965604
rs4909555	42.7	0.933	CG/TA	1	1.31e-07	1	0.00252226464503374	0.952228716727062
rs4909556	42.8	0.925	CC/TG	1	1.47e-07	1	0.00225622293742727	0.983558864288262
rs1375265	42.9	0.925	CT/TG	1	1.49e-07	1	0.00222692650285947	0.985785790791122
rs1375266	43.1	0.933	CG/TA	1	1.32e-07	1	0.00250377732850378	0.957254758700599
rs1375267	43.2	0.925	CT/TC	1	1.3e-07	1	0.00254103201714563	0.947184187436994
rs1545404	43.5	0.925	CA/TC	1	1.41e-07	1	0.00234901998322054	0.978985405648497
rs28525211	43.7	0.933	CG/TC	1	1.41e-07	1	0.00234901998322054	0.976636385665277
rs74699224	43.8	0.184	CA/TG	1	0.00987	NA	NA	NA
rs2016656	44.6	0.914	CA/TT	1	1.99e-07	0	0.00168347995638078	0.991908764044253
rs2016655	44.6	0.925	CT/TC	1	1.5e-07	1	0.00221256679389138	0.990225284087873
rs13269043	44.6	0.648	CG/TA	1	1.53e-05	0	2.59743336606523e-05	0.999853061516718
rs7002791	45.1	0.172	CG/TA	1	0.0107	NA	NA	NA
rs1839180	45.5	0.184	CA/TC	1	0.0103	NA	NA	NA
rs7013490	46.4	0.448	CC/TT	1	0.0019	0	2.80572889397468e-07	0.999997853289327
rs13281262	46.4	0.439	CA/TG	1	0.00199	0	2.68900574030576e-07	0.99999866501304
rs35257495	46.6	0.636	CT/TC	1	2.76e-05	0	1.48113167496307e-05	0.99999270336976
rs13250872	46.7	0.448	CG/TA	1	0.00198	0	2.70146861896532e-07	0.999998396112466
rs1839181	46.9	0.648	CT/TG	1	1.61e-05	0	2.47425112477429e-05	0.999877804027966
rs12156304	47.8	0.446	CG/TA	1	0.00211	0	2.54836232845593e-07	0.999998919849273
rs76539699	47.9	0.184	CC/TT	1	0.0109	NA	NA	NA
rs62528908	49.6	0.612	CT/TG	1	2.37e-05	0	1.7120736552605e-05	0.999977892053011
rs80323452	50.1	0.163	CA/TG	1	0.0148	NA	NA	NA
rs75660981	50.2	0.163	CT/TC	1	0.0146	NA	NA	NA
rs76103425	50.4	0.163	CA/TG	1	0.0145	NA	NA	NA
rs74201491	50.4	0.163	CT/TC	1	0.0141	NA	NA	NA
rs75005433	51	0.163	CT/TC	1	0.0162	NA	NA	NA
rs75988963	51.1	0.156	CG/TA	1	0.0188	NA	NA	NA
rs74459919	51.2	0.163	CC/TA	1	0.0168	NA	NA	NA
rs78993430	51.4	0.163	CT/TC	1	0.0168	NA	NA	NA
rs76921671	51.5	0.163	CT/TC	1	0.0168	NA	NA	NA
rs34361225	51.7	0.163	CG/TA	1	0.0168	NA	NA	NA
rs7815902	51.7	0.561	CG/TA	1	0.000233	0	1.97261446797948e-06	0.999994675984228
rs34678563	51.7	0.163	CT/TC	1	0.0169	NA	NA	NA
rs34602308	51.7	0.163	CT/TC	1	0.0148	NA	NA	NA
rs78334210	51.8	0.163	CA/TG	1	0.0174	NA	NA	NA
rs4268157	51.8	0.82	CG/TA	1	4.74e-06	0	7.95993615380196e-05	0.999661515432083
rs35851908	51.8	0.163	CA/TC	1	0.0172	NA	NA	NA
rs35828396	51.9	0.163	CA/TG	1	0.0169	NA	NA	NA
rs7002417	52	0.163	CG/TA	1	0.0156	NA	NA	NA
rs77148327	52	0.163	CG/TA	1	0.0169	NA	NA	NA
rs78343686	52.4	0.163	CT/TC	1	0.0174	NA	NA	NA
rs75797240	52.6	0.163	CA/TG	1	0.0176	NA	NA	NA
rs80184959	52.7	0.163	CT/TC	1	0.0176	NA	NA	NA
rs113489487	52.8	0.163	CA/TT	1	0.0172	NA	NA	NA
rs77548956	52.8	0.163	CG/TA	1	0.0176	NA	NA	NA
rs80228349	53	0.163	CG/TA	1	0.0179	NA	NA	NA
rs75437658	53.4	0.163	CA/TG	1	0.0178	NA	NA	NA
rs79809157	53.6	0.157	CT/TA	1	0.0171	NA	NA	NA
rs112742148	53.7	0.163	CG/TC	1	0.0184	NA	NA	NA
rs113067651	53.7	0.163	CA/TG	1	0.0184	NA	NA	NA
rs113821801	53.7	0.164	CC/TT	1	0.0188	NA	NA	NA
rs112055790	54.1	0.163	CG/TC	1	0.0274	NA	NA	NA
rs112565857	54.3	0.163	CT/TC	1	0.0188	NA	NA	NA
rs7830565	54.4	0.82	CG/TC	1	4.7e-06	0	8.02481364510591e-05	0.999581916070545
rs4329305	54.6	0.163	CA/TT	1	0.0191	NA	NA	NA
rs4495468	54.6	0.163	CC/TT	1	0.0187	NA	NA	NA
rs4272418	54.8	0.163	CT/TC	1	0.0189	NA	NA	NA
rs76248864	55	0.163	CG/TT	1	0.0189	NA	NA	NA
rs79175063	55	0.163	CG/TA	1	0.0189	NA	NA	NA
rs76368946	55.2	0.163	CT/TC	1	0.0191	NA	NA	NA
rs7006933	55.4	0.358	CC/TT	1	0.0176	NA	NA	NA
rs111945683	55.4	0.163	CC/TT	1	0.0191	NA	NA	NA
rs11779378	55.4	0.163	CA/TG	1	0.0194	NA	NA	NA
rs11783251	55.6	0.163	CG/TA	1	0.019	NA	NA	NA
rs11783260	55.6	0.163	CG/TA	1	0.0194	NA	NA	NA
rs11783282	55.7	0.163	CG/TA	1	0.0195	NA	NA	NA
rs7006372	55.8	0.358	CG/TA	1	0.0177	NA	NA	NA
rs11780169	55.8	0.163	CA/TG	1	0.0195	NA	NA	NA
rs11166628	55.9	0.817	CG/TA	1	7.34e-06	0	5.23774794944365e-05	0.999827087183057
rs11783352	55.9	0.163	CG/TA	1	0.0197	NA	NA	NA
rs11776660	55.9	0.163	CC/TG	1	0.0197	NA	NA	NA
rs11783386	56	0.163	CG/TA	1	0.0198	NA	NA	NA
rs12680099	56	0.358	CG/TA	1	0.0177	NA	NA	NA
rs4909558	56.5	0.163	CG/TA	1	0.0182	NA	NA	NA
rs4909559	56.5	0.163	CA/TC	1	0.0199	NA	NA	NA
rs4909560	56.6	0.163	CT/TC	1	0.0182	NA	NA	NA
rs59781139	56.6	0.36	CC/TT	1	0.0192	NA	NA	NA
rs7464774	56.7	0.548	CT/TC	1	0.000448	0	1.06981984496512e-06	0.999995745804073
rs4909561	56.9	0.817	CT/TC	1	6.86e-06	0	5.58774010234492e-05	0.999774709703563
rs16905474	57	0.163	CC/TT	1	0.0201	NA	NA	NA
rs80200882	57.2	0.163	CG/TA	1	0.0201	NA	NA	NA
rs16905475	57.2	0.163	CT/TC	1	0.0201	NA	NA	NA
rs12543830	57.3	0.36	CC/TT	1	0.0192	NA	NA	NA
rs16905477	57.9	0.163	CT/TG	1	0.0204	NA	NA	NA
rs16905478	57.9	0.163	CG/TT	1	0.0209	NA	NA	NA
rs11785318	58	0.162	CG/TT	1	0.0187	NA	NA	NA
rs4909562	58.6	0.163	CT/TG	1	0.0189	NA	NA	NA
rs4909563	58.7	0.163	CT/TC	1	0.0206	NA	NA	NA
rs4909321	58.9	0.163	CC/TA	1	0.0213	NA	NA	NA
rs4909322	58.9	0.161	CA/TG	1	0.0189	NA	NA	NA
rs16905482	58.9	0.163	CC/TT	1	0.0213	NA	NA	NA
rs35996244	59	0.82	CG/TA	1	6.68e-06	0	5.73168704567084e-05	0.999718832302539
rs16905483	59.1	0.162	CC/TG	1	0.0193	NA	NA	NA
rs11783244	59.3	0.163	CA/TG	1	0.0213	NA	NA	NA
rs11779696	59.4	0.163	CC/TT	1	0.0215	NA	NA	NA
rs11787114	59.6	0.163	CG/TA	1	0.0212	NA	NA	NA
rs11787115	59.6	0.163	CG/TA	1	0.0249	NA	NA	NA
rs11787116	59.6	0.163	CG/TT	1	0.0249	NA	NA	NA
rs79483468	59.8	0.163	CT/TC	1	0.0218	NA	NA	NA
rs11787183	59.9	0.163	CG/TT	1	0.0215	NA	NA	NA
rs11780579	60.1	0.163	CC/TT	1	0.0219	NA	NA	NA
rs78168936	60.3	0.163	CC/TA	1	0.0218	NA	NA	NA
rs76864860	60.5	0.163	CA/TG	1	0.0218	NA	NA	NA
rs80293542	60.6	0.163	CA/TG	1	0.0218	NA	NA	NA
rs9644471	60.7	0.356	CT/TA	1	0.0286	NA	NA	NA
rs79874506	60.9	0.163	CC/TT	1	0.0201	NA	NA	NA
rs74406163	61.2	0.163	CG/TA	1	0.0203	NA	NA	NA
rs1900820	61.6	0.163	CA/TG	1	0.0204	NA	NA	NA
rs1900821	61.7	0.163	CC/TA	1	0.0204	NA	NA	NA
rs77112385	61.8	0.163	CG/TA	1	0.0204	NA	NA	NA
rs16905485	62	0.163	CC/TG	1	0.0212	NA	NA	NA
rs1375259	62.1	0.163	CG/TA	1	0.0212	NA	NA	NA
rs1375260	62.2	0.163	CA/TG	1	0.0212	NA	NA	NA
rs13275381	62.2	0.354	CT/TC	1	0.0448	NA	NA	NA
rs77764443	62.4	0.164	CG/TA	1	0.0251	NA	NA	NA
rs16905486	62.5	0.163	CA/TG	1	0.0217	NA	NA	NA
rs16905488	62.8	0.163	CG/TA	1	0.0217	NA	NA	NA
rs7003367	63.6	0.806	CA/TC	1	1.89e-05	0	2.12369181930823e-05	0.999920715029003
rs16905489	63.6	0.163	CA/TG	1	0.022	NA	NA	NA
rs16905490	63.7	0.163	CC/TT	1	0.0221	NA	NA	NA
rs16905491	63.7	0.163	CA/TG	1	0.0217	NA	NA	NA
rs16905492	63.9	0.163	CA/TC	1	0.0223	NA	NA	NA
rs6983066	63.9	0.354	CG/TC	1	0.0315	NA	NA	NA
rs16905494	63.9	0.163	CC/TT	1	0.0222	NA	NA	NA
rs16905495	64.1	0.163	CG/TA	1	0.0223	NA	NA	NA
rs75988025	64.1	0.163	CG/TA	1	0.0222	NA	NA	NA
rs74357852	64.2	0.163	CC/TA	1	0.0219	NA	NA	NA
rs16905496	64.3	0.163	CA/TG	1	0.0212	NA	NA	NA
rs16905497	64.5	0.163	CG/TA	1	0.0208	NA	NA	NA
rs16905498	64.6	0.163	CT/TC	1	0.0226	NA	NA	NA
rs16905499	65	0.163	CT/TA	1	0.0217	NA	NA	NA
rs78469842	65.2	0.163	CC/TT	1	0.0229	NA	NA	NA
rs6986250	67.3	0.806	CA/TG	1	2.02e-05	0	1.99332608687337e-05	0.999960771316458
rs6577707	67.4	0.806	CG/TC	1	1.85e-05	0	2.16740828442854e-05	0.99989947811081
rs2166943	68.4	0.806	CA/TC	1	2e-05	0	2.01230265863711e-05	0.999940838055589
rs11774733	69	0.556	CT/TC	1	0.000832	0	6.01363454106293e-07	0.999996347167527
rs2122056	69.1	0.54	CC/TG	1	0.00108	0	4.72264654454936e-07	0.999996819432182
rs16905501	69.1	0.157	CT/TC	1	0.0265	NA	NA	NA
rs2166944	69.5	0.54	CC/TT	1	0.0011	0	4.64317786782691e-07	0.999997283749969
rs61597089	69.6	0.356	CC/TT	1	0.0245	NA	NA	NA
rs1448692	70.5	0.153	CG/TA	1	0.0538	NA	NA	NA
rs17551890	72.7	0.12	CC/TT	1	0.437	NA	NA	NA
rs4909564	72.8	0.387	CA/TG	1	0.0129	NA	NA	NA
rs4909324	73.2	0.142	CA/TG	1	0.067	NA	NA	NA
rs2595012	73.7	0.132	CG/TC	1	0.0766	NA	NA	NA
rs2122053	73.7	0.263	CT/TC	1	0.0984	NA	NA	NA
rs1562635	74	0.132	CG/TT	1	0.392	NA	NA	NA
rs62526562	75.1	0.132	CA/TG	1	0.367	NA	NA	NA
rs1448694	75.1	0.42	CA/TG	1	0.00881	0	6.97868244498907e-08	0.999999209734841
rs1375251	75.3	0.42	CT/TA	1	0.00844	0	7.25152952683206e-08	0.999999069300693
rs75052035	75.7	0.142	CC/TT	1	0.0701	NA	NA	NA
rs1597223	77.2	0.132	CT/TC	1	0.372	NA	NA	NA
rs12676677	78.1	0.142	CA/TG	1	0.0687	NA	NA	NA
rs12677101	78.1	0.42	CT/TC	1	0.00869	0	7.0647323549116e-08	0.999999139948016
rs2166941	78.2	0.132	CT/TA	1	0.372	NA	NA	NA
rs1868363	79.6	0.422	CT/TG	1	0.0079	0	7.69361248457321e-08	0.999998996785398
rs930647	80	0.42	CA/TC	1	0.00883	0	6.96455881426761e-08	0.999999279380429
rs41470645	80.5	0.142	CC/TT	1	0.0754	NA	NA	NA
rs74876073	81.4	0.142	CT/TG	1	0.0698	NA	NA	NA
rs75740186	82.2	0.132	CC/TT	1	0.0859	NA	NA	NA
rs1900814	82.3	0.417	CC/TT	1	0.00915	0	6.74663709906273e-08	0.999999483459749
rs1868365	82.8	0.417	CA/TG	1	0.00912	0	6.76644438923843e-08	0.999999415993378
rs12544151	83.4	0.263	CT/TC	1	0.0847	NA	NA	NA
rs4909326	84.1	0.42	CT/TC	1	0.00893	0	6.89485056009192e-08	0.999999348328935
rs16905505	84.5	0.263	CA/TG	1	0.101	NA	NA	NA
rs1900816	85.3	0.417	CC/TG	1	0.00988	0	6.30026090870736e-08	0.999999546462359
rs1448695	86.4	0.409	CG/TA	1	0.0146	0	4.45684573677252e-08	0.999999853131104
rs11166630	87.5	0.406	CC/TT	1	0.0144	0	4.51138419905102e-08	0.999999763448805
rs7829985	87.8	0.266	CA/TG	1	0.091	NA	NA	NA
rs2166942	89.4	0.423	CC/TT	1	0.00992	0	6.27762293093803e-08	0.999999609238588
rs12548244	89.7	0.263	CA/TG	1	0.0944	NA	NA	NA
rs12550534	89.8	0.263	CG/TA	1	0.0943	NA	NA	NA
rs10103094	90.4	0.423	CT/TC	1	0.0107	0	5.86865173996136e-08	0.999999667925105
rs13263265	90.6	0.263	CT/TC	1	0.0854	NA	NA	NA
rs12681652	91.2	0.412	CT/TC	1	0.0144	0	4.51138419905102e-08	0.999999808562647
rs4909565	92	0.142	CT/TA	1	0.123	NA	NA	NA
rs4909567	92.8	0.425	CT/TC	1	0.0127	0	5.04098576699519e-08	0.999999718334963
rs11166632	93.4	0.405	CT/TC	1	0.0194	0	3.47271142087171e-08	0.999999965272886
rs75745381	93.4	0.142	CA/TG	1	0.128	NA	NA	NA
rs1013117	94.4	0.261	CG/TA	1	0.088	NA	NA	NA
rs4398959	95.2	0.245	CT/TG	1	0.115	NA	NA	NA
rs4364665	96	0.406	CC/TG	1	0.0176	0	3.78162717421134e-08	0.999999930545772
rs4562353	96.1	0.246	CA/TG	1	0.126	NA	NA	NA
rs4562354	96.2	0.411	CA/TG	1	0.0167	0	3.95983956176769e-08	0.9999998927295
rs17617902	96.3	0.405	CA/TG	1	0.0194	0	3.47271142087171e-08	1
rs4551400	103	0.128	CT/TG	1	0.876	NA	NA	NA
