SNP	KB	R2	Alleles	F	P	inCredible	probNorm	cumSum
rs10850379	0	1	T	1	3.94e-08	1	0.159676359749168	0.159676359749168
rs7957869	-230	0.119	TC/CT	1	0.0322	NA	NA	NA
rs1121314	-230	0.146	TG/CA	1	0.0447	NA	NA	NA
rs1121313	-230	0.146	TA/CG	1	0.0409	NA	NA	NA
rs1992135	-229	0.146	TC/CT	1	0.0412	NA	NA	NA
rs1992134	-229	0.146	TC/CT	1	0.0353	NA	NA	NA
rs10850039	-229	0.234	TC/CA	1	0.572	NA	NA	NA
rs11066324	-228	0.146	TA/CG	1	0.0402	NA	NA	NA
rs1992136	-225	0.107	TC/CT	1	0.435	NA	NA	NA
rs75646906	-225	0.104	TG/CA	1	0.433	NA	NA	NA
rs10850042	-225	0.234	TC/CT	1	0.684	NA	NA	NA
rs10850044	-225	0.232	TG/CA	1	0.541	NA	NA	NA
rs10744780	-224	0.232	TG/CA	1	0.62	NA	NA	NA
rs2879055	-224	0.203	TA/CC	1	0.806	NA	NA	NA
rs2337861	-224	0.106	TG/CA	1	0.328	NA	NA	NA
rs2879056	-224	0.104	TA/CG	1	0.343	NA	NA	NA
rs12582463	-224	0.203	TT/CC	1	0.837	NA	NA	NA
rs7136285	-223	0.232	TC/CT	1	0.547	NA	NA	NA
rs111468353	-222	0.106	TA/CC	1	0.398	NA	NA	NA
rs10850056	-221	0.203	TC/CT	1	0.946	NA	NA	NA
rs16940122	-221	0.104	TC/CA	1	0.405	NA	NA	NA
rs10850058	-221	0.203	TA/CG	1	0.859	NA	NA	NA
rs10774655	-221	0.203	TC/CT	1	0.93	NA	NA	NA
rs76945296	-221	0.106	TT/CC	1	0.373	NA	NA	NA
rs7131797	-220	0.232	TC/CG	1	0.546	NA	NA	NA
rs7308529	-220	0.232	TC/CT	1	0.551	NA	NA	NA
rs6606702	-220	0.229	TG/CA	1	0.343	NA	NA	NA
rs7956905	-219	0.229	TA/CG	1	0.459	NA	NA	NA
rs7956908	-219	0.102	TC/CG	1	0.395	NA	NA	NA
rs10850060	-219	0.229	TC/CT	1	0.554	NA	NA	NA
rs7306883	-219	0.2	TT/CC	1	0.816	NA	NA	NA
rs7976108	-215	0.106	TA/CG	1	0.352	NA	NA	NA
rs7964706	-215	0.209	TG/CA	1	0.744	NA	NA	NA
rs10850065	-215	0.159	TA/CG	1	0.00807	NA	NA	NA
rs7968387	-215	0.33	TG/CT	1	0.995	NA	NA	NA
rs11066360	-215	0.171	TG/CC	1	0.0646	NA	NA	NA
rs34450456	-214	0.361	TT/CA	1	0.352	NA	NA	NA
rs11066368	-212	0.404	TA/CG	1	0.0591	0	2.65206491387075e-07	0.999994630369496
rs4486687	-212	0.401	TA/CT	1	0.0724	0	2.24337932107136e-07	0.999995843822736
rs5013021	-212	0.257	TA/CC	1	0.139	NA	NA	NA
rs11608488	-211	0.2	TA/CC	1	0.122	NA	NA	NA
rs75131153	-210	0.102	TT/CC	1	0.396	NA	NA	NA
rs10850070	-209	0.401	TG/CA	1	0.0646	0	2.4637613321413e-07	0.999995128609104
rs9332412	-208	0.289	TG/CA	1	0.0931	NA	NA	NA
rs2304549	-208	0.401	TG/CA	1	0.0629	0	2.51863474805358e-07	0.999994882232971
rs2304548	-208	0.401	TG/CT	1	0.0651	0	2.44813850435675e-07	0.999995619484804
rs60819157	-207	0.401	TA/CG	1	0.0647	0	2.46061849263385e-07	0.999995374670954
rs12228876	-206	0.289	TA/CC	1	0.104	NA	NA	NA
rs2075435	-206	0.399	TT/CC	1	0.0732	NA	NA	NA
rs2075434	-206	0.204	TA/CG	1	0.141	NA	NA	NA
rs11066394	-204	0.207	TA/CC	1	0.133	NA	NA	NA
rs12817730	-203	0.204	TA/CG	1	0.135	NA	NA	NA
rs10850074	-202	0.292	TC/CT	1	0.108	NA	NA	NA
rs12822899	-202	0.204	TG/CA	1	0.144	NA	NA	NA
rs11611957	-201	0.292	TG/CA	1	0.106	NA	NA	NA
rs34315524	-200	0.202	TG/CT	1	0.141	NA	NA	NA
rs11066411	-199	0.202	TG/CA	1	0.126	NA	NA	NA
rs7305165	-199	0.292	TA/CG	1	0.0987	NA	NA	NA
rs61936484	-197	0.269	TG/CA	1	0.0406	NA	NA	NA
rs11066422	-196	0.244	TG/CA	1	0.177	NA	NA	NA
rs2338097	-195	0.277	TG/CT	1	0.152	NA	NA	NA
rs7952909	-194	0.244	TA/CT	1	0.178	NA	NA	NA
rs7972346	-194	0.277	TG/CC	1	0.153	NA	NA	NA
rs12231326	-194	0.197	TG/CC	1	0.0805	NA	NA	NA
rs10850086	-193	0.197	TA/CG	1	0.0743	NA	NA	NA
rs11066440	-189	0.275	TC/CA	1	0.0411	NA	NA	NA
rs6606703	-189	0.277	TT/CC	1	0.151	NA	NA	NA
rs7980223	-189	0.194	TC/CT	1	0.0777	NA	NA	NA
rs6606704	-189	0.277	TC/CT	1	0.153	NA	NA	NA
rs983307	-188	0.244	TG/CT	1	0.176	NA	NA	NA
rs10850090	-186	0.272	TG/CA	1	0.0403	NA	NA	NA
rs11066446	-186	0.272	TG/CC	1	0.0401	NA	NA	NA
rs55702807	-184	0.197	TC/CT	1	0.0749	NA	NA	NA
rs7307504	-184	0.197	TC/CT	1	0.0768	NA	NA	NA
rs1988002	-183	0.199	TG/CA	1	0.075	NA	NA	NA
rs1988001	-183	0.272	TT/CA	1	0.0406	NA	NA	NA
rs1119271	-183	0.277	TT/CA	1	0.153	NA	NA	NA
rs1004627	-182	0.269	TC/CT	1	0.0418	NA	NA	NA
rs1550206	-182	0.277	TG/CA	1	0.155	NA	NA	NA
rs10850110	-178	0.102	TA/CG	1	0.606	NA	NA	NA
rs759971	-177	0.279	TT/CA	1	0.154	NA	NA	NA
rs34201785	-176	0.197	TT/CC	1	0.075	NA	NA	NA
rs11066471	-175	0.197	TC/CT	1	0.0788	NA	NA	NA
rs12821085	-174	0.197	TC/CT	1	0.0858	NA	NA	NA
rs6606705	-173	0.279	TT/CG	1	0.145	NA	NA	NA
rs6606706	-173	0.279	TT/CC	1	0.142	NA	NA	NA
rs6606707	-173	0.279	TG/CT	1	0.149	NA	NA	NA
rs7298292	-172	0.197	TG/CA	1	0.0683	NA	NA	NA
rs7976839	-172	0.279	TA/CC	1	0.15	NA	NA	NA
rs7958220	-172	0.386	TC/CT	1	0.135	NA	NA	NA
rs7138357	-170	0.247	TG/CA	1	0.17	NA	NA	NA
rs7300290	-170	0.386	TG/CT	1	0.132	NA	NA	NA
rs12579285	-170	0.386	TC/CT	1	0.135	NA	NA	NA
rs6606708	-170	0.247	TC/CT	1	0.158	NA	NA	NA
rs35697139	-169	0.279	TC/CG	1	0.148	NA	NA	NA
rs2075433	-169	0.247	TG/CA	1	0.169	NA	NA	NA
rs11611358	-167	0.197	TG/CA	1	0.0825	NA	NA	NA
rs7957928	-167	0.247	TC/CG	1	0.175	NA	NA	NA
rs7978210	-167	0.279	TC/CT	1	0.146	NA	NA	NA
rs7958071	-167	0.247	TA/CG	1	0.174	NA	NA	NA
rs7974872	-167	0.197	TG/CA	1	0.0704	NA	NA	NA
rs10850130	-166	0.279	TC/CA	1	0.146	NA	NA	NA
rs4766469	-166	0.279	TG/CC	1	0.152	NA	NA	NA
rs4766470	-166	0.197	TT/CC	1	0.0718	NA	NA	NA
rs10850131	-166	0.279	TT/CC	1	0.151	NA	NA	NA
rs11610131	-165	0.197	TA/CG	1	0.0701	NA	NA	NA
rs12581071	-165	0.197	TC/CT	1	0.0699	NA	NA	NA
rs11066498	-162	0.279	TG/CA	1	0.152	NA	NA	NA
rs9943699	-162	0.386	TC/CG	1	0.138	NA	NA	NA
rs9943753	-162	0.271	TG/CA	1	0.00539	NA	NA	NA
rs11066503	-160	0.285	TG/CA	1	0.192	NA	NA	NA
rs4766594	-160	0.199	TA/CG	1	0.0551	NA	NA	NA
rs12830533	-160	0.199	TC/CG	1	0.0581	NA	NA	NA
rs12811377	-160	0.199	TG/CA	1	0.0543	NA	NA	NA
rs7965056	-160	0.252	TA/CG	1	0.218	NA	NA	NA
rs9888353	-159	0.285	TA/CG	1	0.197	NA	NA	NA
rs9888381	-159	0.112	TT/CC	1	0.482	NA	NA	NA
rs11066505	-158	0.282	TG/CA	1	0.205	NA	NA	NA
rs12425103	-158	0.199	TT/CC	1	0.0512	NA	NA	NA
rs12582083	-156	0.199	TG/CA	1	0.0501	NA	NA	NA
rs6606709	-156	0.285	TC/CA	1	0.204	NA	NA	NA
rs1469944	-155	0.199	TT/CA	1	0.0453	NA	NA	NA
rs7967632	-155	0.285	TG/CC	1	0.221	NA	NA	NA
rs7302765	-155	0.112	TT/CC	1	0.559	NA	NA	NA
rs7315991	-154	0.287	TC/CT	1	0.0918	NA	NA	NA
rs6606711	-153	0.563	TG/CA	1	0.19	0	1.05434113436308e-07	0.999998017888661
rs2196612	-153	0.567	TG/CA	1	0.455	0	5.90485863316624e-08	0.999999695515499
rs7316486	-153	0.568	TG/CA	1	0.404	0	6.32738103645339e-08	0.999999448393554
rs6606712	-151	0.363	TG/CA	1	0.882	NA	NA	NA
rs11066522	-151	0.479	TG/CC	1	0.302	0	7.60923955247004e-08	0.999998327818562
rs11066523	-151	0.479	TT/CC	1	0.318	0	7.35418564857358e-08	0.999998401360419
rs1812103	-151	0.479	TT/CC	1	0.291	0	7.8004925598115e-08	0.999998174079392
rs930356	-150	0.479	TC/CT	1	0.29	0	7.81858054361041e-08	0.999998096074466
rs4766598	-149	0.343	TG/CA	1	0.00224	NA	NA	NA
rs4766471	-149	0.343	TA/CG	1	0.00206	NA	NA	NA
rs4766472	-149	0.343	TG/CC	1	0.00226	NA	NA	NA
rs60945232	-148	0.343	TG/CA	1	0.00224	NA	NA	NA
rs11066526	-148	0.479	TC/CG	1	0.293	0	7.76467749495494e-08	0.999998251726167
rs61934479	-148	0.343	TG/CA	1	0.00164	NA	NA	NA
rs68094047	-148	0.343	TT/CC	1	0.00151	NA	NA	NA
rs12581635	-147	0.479	TA/CG	1	0.414	0	6.23597245610303e-08	0.999999636466912
rs12581637	-147	0.343	TA/CG	1	0.0017	NA	NA	NA
rs7978201	-147	0.345	TT/CC	1	0.00158	NA	NA	NA
rs12582256	-146	0.341	TA/CG	1	0.00166	NA	NA	NA
rs2217972	-145	0.341	TT/CC	1	0.00169	NA	NA	NA
rs2217971	-145	0.341	TC/CG	1	0.00165	NA	NA	NA
rs1866066	-145	0.402	TT/CA	1	0.623	0	5.04062011535033e-08	0.999999950518528
rs2075440	-144	0.402	TG/CA	1	0.622	0	5.04413219291573e-08	0.999999900112327
rs2075439	-143	0.482	TG/CA	1	0.395	0	6.41372130328118e-08	0.999999320982531
rs10774690	-143	0.482	TA/CG	1	0.393	0	6.43345805632816e-08	0.999999256845318
rs10774691	-143	0.482	TT/CC	1	0.378	0	6.58826784644392e-08	0.999998867296301
rs9668180	-142	0.402	TG/CT	1	0.597	0	5.13697576821869e-08	0.999999798533158
rs9669684	-142	0.482	TT/CC	1	0.371	0	6.66485711550858e-08	0.999998535921758
rs9668192	-142	0.402	TA/CT	1	0.59	0	5.16479017202801e-08	0.9999997471634
rs10850134	-141	0.482	TC/CG	1	0.372	0	6.65373756870765e-08	0.999998668996509
rs7953142	-141	0.482	TT/CC	1	0.372	0	6.65373756870765e-08	0.999998602459133
rs10774692	-140	0.487	TT/CG	1	0.389	0	6.4735531799387e-08	0.999999192510737
rs7970482	-140	0.484	TA/CG	1	0.377	0	6.59903316650906e-08	0.999998801413623
rs71456692	-139	0.103	TT/CC	1	0.0214	NA	NA	NA
rs7137190	-137	0.408	TC/CG	1	0.603	0	5.11378472013727e-08	0.999999849671005
rs10850135	-136	0.487	TA/CC	1	0.395	0	6.41372130328118e-08	0.999999385119744
rs12424599	-136	0.35	TG/CA	1	0.00176	NA	NA	NA
rs10774695	-135	0.487	TA/CG	1	0.386	0	6.50418028584391e-08	0.99999906283603
rs7958625	-134	0.487	TT/CA	1	0.373	0	6.64267817668818e-08	0.999998735423291
rs12817055	-133	0.345	TT/CC	1	0.00161	NA	NA	NA
rs11611370	-132	0.487	TA/CG	1	0.383	0	6.53529538778574e-08	0.999998932649255
rs7308864	-132	0.6	TG/CA	1	0.000811	0	1.21759912666287e-05	0.999969983994607
rs7313056	-131	0.425	TC/CT	1	0.0904	0	1.87334435719698e-07	0.999997186824038
rs2164744	-131	0.623	TC/CT	1	0.0877	0	1.91967041633342e-07	0.999996428121889
rs7972069	-131	0.623	TT/CC	1	0.0841	0	1.98580166382688e-07	0.999996042402903
rs6606717	-130	0.603	TC/CA	1	0.000702	0	1.39223321258575e-05	0.99995780800334
rs73194247	-130	0.101	TC/CT	1	0.246	NA	NA	NA
rs2075432	-129	0.425	TG/CA	1	0.0882	0	1.9108893851421e-07	0.999996810299766
rs2075431	-128	0.619	TT/CC	1	0.0867	0	1.93751944493687e-07	0.999996236154847
rs10850137	-128	0.456	TG/CC	1	0.0254	0	5.43201729931379e-07	0.999993839798961
rs2164743	-128	0.623	TT/CC	1	0.0893	0	1.89189836761187e-07	0.999996999489603
rs10774696	-127	0.623	TT/CC	1	0.0882	0	1.9108893851421e-07	0.999996619210827
rs10850139	-127	0.623	TC/CA	1	0.0922	0	1.84388643126264e-07	0.999997555601324
rs10774697	-127	0.623	TG/CA	1	0.1	0	1.72785192829561e-07	0.999997912454547
rs10850141	-127	0.456	TT/CC	1	0.0264	0	5.25364044019542e-07	0.999994365163005
rs7956194	-125	0.627	TA/CG	1	0.0922	0	1.84388643126264e-07	0.999997371212681
rs7973253	-125	0.627	TG/CA	1	0.0924	0	1.84068029856279e-07	0.999997739669354
rs11608355	-123	0.487	TC/CT	1	0.387	0	6.49391755333776e-08	0.999999127775206
rs7132057	-122	0.487	TC/CA	1	0.409	0	6.28110034514778e-08	0.999999574107188
rs11066591	-122	0.487	TA/CG	1	0.36	0	6.79127679934431e-08	0.999998469273187
rs35393419	-121	0.35	TT/CC	1	0.00146	NA	NA	NA
rs3742021	-120	0.461	TC/CT	1	0.651	0	4.94814715070471e-08	1
rs3742020	-120	0.487	TC/CT	1	0.385	0	6.51449723748063e-08	0.999998997794227
rs7969719	-119	0.492	TT/CC	1	0.408	0	6.29026299680863e-08	0.999999511296184
rs888190	-117	0.327	TA/CG	1	0.597	NA	NA	NA
rs12821585	-116	0.109	TC/CT	1	0.0168	NA	NA	NA
rs6663	-116	0.372	TA/CG	1	0.00888	NA	NA	NA
rs73194266	-115	0.106	TT/CC	1	0.14	NA	NA	NA
rs73194269	-114	0.108	TG/CA	1	0.143	NA	NA	NA
rs1477117	-114	0.251	TA/CG	1	0.462	NA	NA	NA
rs4766601	-113	0.364	TC/CG	1	0.00837	NA	NA	NA
rs9943689	-112	0.339	TA/CG	1	0.0225	NA	NA	NA
rs12833054	-112	0.242	TA/CG	1	0.29	NA	NA	NA
rs12578648	-111	0.235	TG/CA	1	0.224	NA	NA	NA
rs6606721	-111	0.26	TA/CG	1	0.142	NA	NA	NA
rs4766603	-111	0.26	TC/CT	1	0.111	NA	NA	NA
rs4766604	-111	0.26	TC/CT	1	0.111	NA	NA	NA
rs35018715	-110	0.26	TC/CT	1	0.109	NA	NA	NA
rs10774708	-110	0.652	TG/CA	1	7.27e-07	1	0.00953402866579587	0.964851795871278
rs35590455	-109	0.26	TG/CA	1	0.112	NA	NA	NA
rs2302709	-109	0.26	TG/CA	1	0.112	NA	NA	NA
rs2302708	-109	0.26	TC/CA	1	0.111	NA	NA	NA
rs2302707	-109	0.26	TA/CG	1	0.111	NA	NA	NA
rs2302706	-109	0.26	TG/CA	1	0.111	NA	NA	NA
rs11615949	-108	0.26	TA/CG	1	0.111	NA	NA	NA
rs11610840	-108	0.26	TC/CT	1	0.111	NA	NA	NA
rs1073779	-108	0.26	TT/CC	1	0.111	NA	NA	NA
rs115893703	-108	0.108	TG/CA	1	0.104	NA	NA	NA
rs1073780	-108	0.259	TC/CT	1	0.111	NA	NA	NA
rs2338104	-108	0.655	TG/CC	1	6.52e-07	1	0.0105886564429256	0.904745933019532
rs4766605	-107	0.26	TA/CC	1	0.112	NA	NA	NA
rs11609019	-107	0.26	TA/CG	1	0.111	NA	NA	NA
rs12822891	-107	0.26	TG/CA	1	0.111	NA	NA	NA
rs7313797	-107	0.925	TC/CT	1	1.61e-07	1	0.0408546462110393	0.340970725515946
rs12819142	-106	0.259	TT/CG	1	0.111	NA	NA	NA
rs12823587	-106	0.26	TG/CA	1	0.111	NA	NA	NA
rs11612500	-106	0.26	TC/CT	1	0.111	NA	NA	NA
rs11613021	-105	0.26	TG/CT	1	0.111	NA	NA	NA
rs11613023	-105	0.26	TC/CT	1	0.111	NA	NA	NA
rs2302705	-104	0.26	TT/CC	1	0.109	NA	NA	NA
rs1558804	-104	0.925	TG/CA	1	1.53e-07	1	0.0429186442640003	0.300116079304907
rs2302704	-104	0.26	TG/CA	1	0.111	NA	NA	NA
rs2302703	-104	0.26	TA/CG	1	0.111	NA	NA	NA
rs7969549	-104	0.452	TC/CG	1	0.000381	0	2.46085540760319e-05	0.999686192788544
rs4766473	-102	0.26	TT/CC	1	0.109	NA	NA	NA
rs34737994	-101	0.26	TT/CC	1	0.111	NA	NA	NA
rs34038572	-101	0.26	TG/CA	1	0.111	NA	NA	NA
rs12818120	-101	0.26	TT/CC	1	0.111	NA	NA	NA
rs12818537	-101	0.26	TT/CC	1	0.111	NA	NA	NA
rs56144717	-100	0.26	TC/CT	1	0.114	NA	NA	NA
rs55902232	-100	0.26	TA/CG	1	0.111	NA	NA	NA
rs9943724	-99.9	0.255	TA/CG	1	0.111	NA	NA	NA
rs12831026	-99.1	0.26	TT/CC	1	0.111	NA	NA	NA
rs7136048	-98.9	0.26	TG/CA	1	0.111	NA	NA	NA
rs918107	-98.6	0.26	TC/CT	1	0.111	NA	NA	NA
rs918106	-98.5	0.655	TT/CC	1	8.64e-07	1	0.00807338517651582	0.972925181047794
rs11066737	-98	0.26	TA/CG	1	0.111	NA	NA	NA
rs7299041	-97.7	0.313	TA/CT	1	0.0423	NA	NA	NA
rs6606723	-97.7	0.26	TG/CC	1	0.111	NA	NA	NA
rs6606724	-97.6	0.26	TC/CT	1	0.111	NA	NA	NA
rs61941585	-97.6	0.259	TT/CC	1	0.111	NA	NA	NA
rs6606725	-97.4	0.925	TA/CC	1	1.72e-07	1	0.0383255982871131	0.379296323803059
rs56209061	-97.1	0.111	TA/CG	1	0.0791	NA	NA	NA
rs9943764	-97.1	0.26	TA/CG	1	0.111	NA	NA	NA
rs7316375	-95.8	0.26	TC/CG	1	0.111	NA	NA	NA
rs12819658	-95.1	0.26	TT/CA	1	0.111	NA	NA	NA
rs4766474	-94.7	0.26	TC/CG	1	0.111	NA	NA	NA
rs4766475	-94.4	0.26	TA/CG	1	0.111	NA	NA	NA
rs7315846	-94.2	0.26	TC/CT	1	0.111	NA	NA	NA
rs7139106	-94.1	0.26	TA/CG	1	0.111	NA	NA	NA
rs2058804	-93.8	0.655	TG/CA	1	7.04e-07	1	0.00983395625108788	0.945732924951497
rs12822974	-93.6	0.26	TT/CG	1	0.111	NA	NA	NA
rs10850219	-93.3	0.333	TC/CG	1	0.0306	NA	NA	NA
rs11066782	-92.2	0.26	TT/CC	1	0.111	NA	NA	NA
rs35422737	-91.3	0.26	TG/CA	1	0.111	NA	NA	NA
rs36094325	-91.2	0.26	TT/CA	1	0.111	NA	NA	NA
rs34538615	-90.9	0.26	TC/CA	1	0.111	NA	NA	NA
rs33997929	-90.7	0.26	TT/CC	1	0.111	NA	NA	NA
rs11613718	-90.4	0.26	TT/CC	1	0.111	NA	NA	NA
rs10850234	-88.1	0.313	TC/CA	1	0.0476	NA	NA	NA
rs11615336	-88	0.26	TA/CC	1	0.11	NA	NA	NA
rs1045582	-87	0.266	TT/CG	1	0.0839	NA	NA	NA
rs142936386	-86.3	0.109	TA/CT	1	0.114	NA	NA	NA
rs11066813	-84.7	0.208	TA/CG	1	0.177	NA	NA	NA
rs11609921	-84.4	0.266	TG/CA	1	0.0843	NA	NA	NA
rs10850240	-83.4	0.45	TA/CC	1	0.000419	0	2.25170407154064e-05	0.999801177491649
rs61941591	-82.8	0.266	TC/CA	1	0.0847	NA	NA	NA
rs1543896	-82.7	0.657	TT/CG	1	5.22e-07	1	0.0131202100783671	0.701342917109152
rs12822282	-79.6	0.266	TA/CG	1	0.0843	NA	NA	NA
rs12826754	-79.5	0.266	TG/CA	1	0.0842	NA	NA	NA
rs12579916	-78.2	0.266	TG/CT	1	0.084	NA	NA	NA
rs2241215	-77.3	0.657	TG/CA	1	5.77e-07	1	0.011912287394555	0.827479052680774
rs12306452	-77.1	0.313	TG/CA	1	0.0437	NA	NA	NA
rs11610558	-76.9	0.266	TT/CC	1	0.0845	NA	NA	NA
rs7976796	-74.8	0.266	TT/CC	1	0.0845	NA	NA	NA
rs61941592	-72.3	0.266	TA/CG	1	0.0931	NA	NA	NA
rs7311488	-71.9	0.266	TG/CC	1	0.0925	NA	NA	NA
rs2287192	-71.2	0.266	TA/CG	1	0.0924	NA	NA	NA
rs11614551	-71.1	0.266	TA/CG	1	0.0925	NA	NA	NA
rs2287191	-71	0.266	TT/CC	1	0.0925	NA	NA	NA
rs73196271	-68.8	0.109	TG/CC	1	0.102	NA	NA	NA
rs4766606	-68.4	0.266	TG/CC	1	0.0922	NA	NA	NA
rs4766476	-68.1	0.266	TG/CA	1	0.0922	NA	NA	NA
rs10850274	-67.7	0.45	TA/CG	1	0.000493	0	1.93462956729277e-05	0.999927364032113
rs61941631	-67.3	0.266	TT/CC	1	0.0842	NA	NA	NA
rs2270361	-66.9	0.266	TC/CG	1	0.0842	NA	NA	NA
rs56244055	-66.6	0.266	TA/CG	1	0.0842	NA	NA	NA
rs11611011	-65.8	0.266	TT/CC	1	0.0841	NA	NA	NA
rs7298565	-65.2	0.657	TA/CG	1	6.64e-07	1	0.0104041823071943	0.925584586671865
rs7311187	-64.9	0.657	TT/CC	1	5.49e-07	1	0.0124974894678348	0.79059369508669
rs55735873	-64.1	0.109	TT/CC	1	0.1	NA	NA	NA
rs2241213	-63.9	0.657	TG/CA	1	4.64e-07	1	0.0146985084502246	0.552764866580792
rs7955932	-61.5	0.266	TA/CG	1	0.0851	NA	NA	NA
rs6606727	-61.3	0.266	TA/CT	1	0.0845	NA	NA	NA
rs6606728	-61.3	0.266	TT/CC	1	0.0857	NA	NA	NA
rs7358739	-59.9	0.452	TT/CC	1	0.000468	0	2.03085137968957e-05	0.99990801773644
rs11611012	-57.6	0.246	TA/CG	1	0.296	NA	NA	NA
rs7310945	-56.8	0.266	TA/CG	1	0.0845	NA	NA	NA
rs7971160	-56	0.266	TA/CT	1	0.0841	NA	NA	NA
rs10437846	-56	0.307	TC/CG	1	0.0442	NA	NA	NA
rs34662493	-55.6	0.112	TG/CA	1	0.106	NA	NA	NA
rs3742018	-53.6	0.266	TT/CC	1	0.0842	NA	NA	NA
rs2241210	-52.6	0.657	TG/CA	1	5.43e-07	1	0.0126306080829439	0.765532516473545
rs6606729	-49.9	0.259	TC/CA	1	0.102	NA	NA	NA
rs6606730	-49.8	0.259	TT/CG	1	0.101	NA	NA	NA
rs7965599	-49.4	0.26	TT/CC	1	0.0908	NA	NA	NA
rs2879107	-49.4	0.657	TG/CA	1	5.16e-07	1	0.0132672920702365	0.675078214653762
rs11067030	-47.5	0.26	TT/CC	1	0.0838	NA	NA	NA
rs10850308	-47.1	0.319	TC/CA	1	0.0423	NA	NA	NA
rs7956788	-41.8	0.657	TC/CT	1	5.06e-07	1	0.0135200495424906	0.621733203867019
rs73196285	-41.4	0.109	TT/CC	1	0.102	NA	NA	NA
rs2241208	-40	0.679	TC/CG	1	3.66e-07	1	0.0184794214740641	0.492320712979605
rs7139198	-38.7	0.26	TT/CC	1	0.0835	NA	NA	NA
rs11609871	-37.8	0.26	TG/CC	1	0.0839	NA	NA	NA
rs10744826	-37.3	0.657	TG/CC	1	5.27e-07	1	0.0130001581159247	0.727390984269371
rs11610418	-36.9	0.26	TT/CC	1	0.0836	NA	NA	NA
rs10850338	-35.8	0.457	TT/CC	1	0.000396	0	2.37363774482583e-05	0.999709929165992
rs2241206	-33.9	0.259	TC/CT	1	0.0825	NA	NA	NA
rs11067115	-33.1	0.319	TT/CC	1	0.0422	NA	NA	NA
rs2287184	-32.5	0.266	TC/CT	1	0.0842	NA	NA	NA
rs4766608	-31.6	0.26	TT/CC	1	0.0836	NA	NA	NA
rs12303137	-31.3	0.45	TG/CC	1	0.000425	0	2.22200545470495e-05	0.999845715686771
rs2241204	-30.7	0.266	TA/CG	1	0.0836	NA	NA	NA
rs2058807	-29.5	0.657	TC/CT	1	4.46e-07	1	0.0152703259129357	0.522894466210575
rs4766609	-29.5	0.266	TG/CA	1	0.0841	NA	NA	NA
rs1045255	-28.8	0.657	TC/CG	1	5.16e-07	1	0.0132672920702365	0.661810922583525
rs1045256	-28.8	0.26	TA/CG	1	0.0836	NA	NA	NA
rs14863	-28.6	0.26	TT/CC	1	0.0844	NA	NA	NA
rs1045263	-28.6	0.266	TG/CA	1	0.0835	NA	NA	NA
rs1617	-28.5	0.264	TA/CG	1	0.0835	NA	NA	NA
rs1001382	-27.8	0.657	TC/CT	1	4.49e-07	1	0.0151718919199928	0.538066358130568
rs1543897	-27.6	0.657	TT/CA	1	5.09e-07	1	0.0134431967972027	0.635176400664222
rs2004359	-25.9	0.657	TT/CG	1	5.35e-07	1	0.0128126659824051	0.740203650251776
rs2004358	-25.7	0.26	TA/CC	1	0.0837	NA	NA	NA
rs12309013	-25.7	0.45	TA/CG	1	0.000438	0	2.16037164373598e-05	0.999867319403208
rs34785014	-25.4	0.259	TT/CC	1	0.0724	NA	NA	NA
rs7979816	-25.4	0.26	TA/CG	1	0.0711	NA	NA	NA
rs10466917	-25.3	0.192	TG/CT	1	0.00709	NA	NA	NA
rs7954512	-25.2	0.26	TA/CG	1	0.0712	NA	NA	NA
rs7965773	-25.2	0.26	TT/CC	1	0.0712	NA	NA	NA
rs7954766	-25	0.262	TC/CG	1	0.071	NA	NA	NA
rs7975756	-24.4	0.457	TG/CT	1	0.00038	0	2.46690769731259e-05	0.999661584234468
rs12821045	-23.6	0.26	TA/CG	1	0.0721	NA	NA	NA
rs12831657	-23.5	0.241	TC/CT	1	0.218	NA	NA	NA
rs7486178	-22.5	0.194	TA/CG	1	0.00682	NA	NA	NA
rs7956536	-22.3	0.657	TT/CC	1	5.12e-07	1	0.0133672298490668	0.648543630513289
rs7956557	-22.2	0.26	TT/CC	1	0.0691	NA	NA	NA
rs11067165	-22.2	0.319	TA/CG	1	0.0452	NA	NA	NA
rs729784	-21.5	0.26	TT/CG	1	0.0711	NA	NA	NA
rs731178	-21.1	0.657	TT/CC	1	5.21e-07	1	0.0131444923770236	0.688222707030785
rs10850349	-21	0.452	TA/CG	1	0.000466	0	2.03898194351003e-05	0.999887709222643
rs6606731	-20.2	0.218	TA/CT	1	0.299	NA	NA	NA
rs55979482	-19.8	0.109	TT/CC	1	0.0791	NA	NA	NA
rs6606732	-18.2	0.66	TA/CG	1	4.45e-07	1	0.0153034273180345	0.507624140297639
rs888194	-15.9	0.929	TG/CC	1	1.27e-07	1	0.0513909279302757	0.211067287679444
rs1075467	-15.8	0.66	TA/CG	1	4.84e-07	1	0.0141122508303606	0.581017546797522
rs888193	-15.2	0.457	TG/CC	1	0.000374	0	2.50388164976943e-05	0.999587455337126
rs4766477	-15.2	0.259	TG/CA	1	0.0721	NA	NA	NA
rs4766611	-14.9	0.66	TG/CA	1	4.83e-07	1	0.0141404293863692	0.566905295967161
rs11067208	-14.9	0.457	TA/CC	1	0.000379	0	2.47299101843001e-05	0.99961218524731
rs56089724	-14.6	0.452	TT/CC	1	0.000423	0	2.23181405750496e-05	0.999823495632224
rs55746902	-14.6	0.452	TC/CA	1	0.000416	0	2.26686535955817e-05	0.999778660450933
rs11067211	-14.6	0.389	TG/CA	1	0.00381	NA	NA	NA
rs12828090	-14.1	0.264	TC/CG	1	0.0711	NA	NA	NA
rs76118041	-14.1	0.262	TA/CG	1	0.0708	NA	NA	NA
rs7304862	-13.9	0.66	TG/CT	1	5.03e-07	1	0.0135978037635034	0.594615350561025
rs12321904	-13.5	0.694	TT/CG	1	1.42e-07	1	0.0461301473614629	0.257197435040907
rs7974321	-12.4	0.216	TC/CT	1	0.332	NA	NA	NA
rs10850358	-11.7	0.66	TG/CA	1	5.03e-07	1	0.0135978037635034	0.608213154324529
rs11067227	-11.1	0.457	TT/CC	1	0.000368	0	2.542026651878e-05	0.999562416520628
rs12817689	-10.8	0.26	TG/CA	1	0.0719	NA	NA	NA
rs35145546	-10.6	0.26	TG/CC	1	0.0744	NA	NA	NA
rs11067231	-9.17	0.671	TA/CC	1	5.49e-07	1	0.0124974894678348	0.803091184554525
rs877709	-8.84	0.459	TT/CG	1	0.000411	0	2.29261182024336e-05	0.999755991797338
rs877710	-8.8	0.671	TG/CC	1	5.25e-07	1	0.0130479090442943	0.714390826153447
rs11067233	-8.57	0.459	TG/CC	1	0.000379	0	2.47299101843001e-05	0.999636915157495
rs888192	-7.68	0.671	TG/CA	1	5.4e-07	1	0.0126982581388244	0.752901908390601
rs12828717	-7.59	0.246	TT/CC	1	0.219	NA	NA	NA
rs2058806	-6.43	0.671	TA/CC	1	5.46e-07	1	0.0125636891453103	0.778096205618855
rs35072126	-6.09	0.266	TA/CG	1	0.0721	NA	NA	NA
rs2287182	-5.61	0.134	TT/CC	1	0.767	NA	NA	NA
rs7964021	-5.13	0.671	TC/CG	1	6.17e-07	1	0.0111669737512925	0.86173414044831
rs11067250	-4.95	0.217	TT/CC	1	0.177	NA	NA	NA
rs12580090	-4.93	0.268	TT/CC	1	0.0682	NA	NA	NA
rs11067253	-4.8	0.457	TA/CG	1	0.000407	0	2.31365131432491e-05	0.999733065679135
rs7953014	-4.68	0.671	TG/CA	1	5.81e-07	1	0.0118332164262798	0.839312269107054
rs2058805	-4.19	0.671	TC/CT	1	5.5e-07	1	0.0124755807316943	0.815566765286219
rs11610545	-3.77	0.268	TA/CG	1	0.0725	NA	NA	NA
rs2287181	-3.74	0.268	TA/CG	1	0.0725	NA	NA	NA
rs12309115	-3.73	0.215	TT/CC	1	0.206	NA	NA	NA
rs2287180	-3.71	0.268	TA/CG	1	0.0724	NA	NA	NA
rs11067271	-2.91	0.319	TC/CT	1	0.0432	NA	NA	NA
rs7134594	-2.58	0.671	TT/CC	1	7.23e-07	1	0.00958484225398542	0.955317767205482
rs61940468	-2.38	0.292	TT/CC	1	0.0603	NA	NA	NA
rs12578365	-2.03	0.268	TA/CG	1	0.0727	NA	NA	NA
rs736344	-1.58	0.671	TG/CA	1	6.17e-07	1	0.0111669737512925	0.872901114199603
rs736343	-1.56	0.319	TA/CG	1	0.0435	NA	NA	NA
rs34899324	-1.16	0.268	TA/CG	1	0.0727	NA	NA	NA
rs7970557	-0.644	0.268	TT/CC	1	0.0747	NA	NA	NA
rs10850380	0.042	0.671	TG/CA	1	6.7e-07	1	0.0103143820285434	0.935898968700409
rs7301541	0.895	0.268	TA/CG	1	0.0742	NA	NA	NA
rs754179	1.26	0.391	TT/CC	1	0.00141	NA	NA	NA
rs754180	1.29	0.319	TT/CG	1	0.0447	NA	NA	NA
rs874171	2.03	0.266	TT/CC	1	0.0732	NA	NA	NA
rs874170	2.18	0.671	TT/CC	1	6.62e-07	1	0.0104344713451394	0.915180404364671
rs9919738	2.22	0.185	TA/CG	1	0.00771	NA	NA	NA
rs11836136	3.74	0.391	TG/CA	1	0.00141	NA	NA	NA
rs12830693	4.04	0.266	TT/CG	1	0.0732	NA	NA	NA
rs11614986	5.16	0.268	TG/CA	1	0.0733	NA	NA	NA
rs59227481	5.22	0.185	TG/CA	1	0.0071	NA	NA	NA
rs4499061	6.28	0.268	TT/CG	1	0.0736	NA	NA	NA
rs12322541	6.98	0.393	TG/CA	1	0.00137	NA	NA	NA
rs2111216	7.37	0.51	TG/CA	1	2.04e-05	0	0.000390454963292219	0.999237888973914
rs12314392	8.09	0.942	TG/CA	1	2.23e-07	1	0.0298184499911957	0.47384129150554
rs10774774	8.45	0.389	TT/CG	1	0.00145	NA	NA	NA
rs10774775	8.45	0.389	TT/CC	1	0.0014	NA	NA	NA
rs3759387	9.69	0.391	TT/CG	1	0.00132	NA	NA	NA
rs6606734	10.9	0.671	TG/CT	1	6.47e-07	1	0.0106675059340777	0.88356862013368
rs7957619	11.1	0.215	TA/CG	1	0.204	NA	NA	NA
rs3752662	11.3	0.391	TT/CC	1	0.00131	NA	NA	NA
rs10850392	12.6	0.319	TT/CC	1	0.0471	NA	NA	NA
rs9783487	12.8	0.391	TA/CG	1	0.00143	NA	NA	NA
rs7954144	13.1	0.671	TG/CA	1	6.52e-07	1	0.0105886564429256	0.894157276576606
rs7300998	13.7	0.391	TA/CG	1	0.00153	NA	NA	NA
rs4766613	13.8	0.268	TA/CG	1	0.0758	NA	NA	NA
rs10774779	14.2	0.546	TA/CT	1	3.37e-05	0	0.000242240771150446	0.999480129745065
rs3742015	14.3	0.938	TC/CT	1	2e-07	1	0.0331261342372263	0.412422458040286
rs61940514	16.1	0.268	TT/CC	1	0.0767	NA	NA	NA
rs2287218	16.6	0.268	TT/CC	1	0.0731	NA	NA	NA
rs66730760	17.1	0.215	TT/CC	1	0.201	NA	NA	NA
rs3782899	17.8	0.268	TA/CG	1	0.0753	NA	NA	NA
rs11615637	20.9	0.268	TA/CG	1	0.0755	NA	NA	NA
rs11067359	22.8	0.397	TA/CG	1	2.1e-05	NA	NA	NA
rs3782898	22.9	0.268	TC/CG	1	0.072	NA	NA	NA
rs3782897	22.9	0.187	TC/CT	1	0.00592	NA	NA	NA
rs3782894	23.2	0.668	TT/CG	1	6.12e-07	1	0.0112548975899637	0.850567166697018
rs11609445	24.3	0.268	TA/CG	1	0.0717	NA	NA	NA
rs11611484	24.8	0.268	TT/CC	1	0.0715	NA	NA	NA
rs11067376	25	0.754	TG/CA	1	0.000946	0	1.05561966011603e-05	0.999980540191208
rs35191208	26.2	0.268	TT/CC	1	0.0712	NA	NA	NA
rs2270374	26.4	0.26	TA/CG	1	0.0717	NA	NA	NA
rs17183465	27	0.268	TA/CT	1	0.072	NA	NA	NA
rs3742014	30.4	0.253	TT/CC	1	0.297	NA	NA	NA
rs10850435	30.5	0.702	TC/CG	1	2.1e-07	1	0.0316003834740591	0.444022841514345
rs11067394	30.6	0.306	TC/CT	1	0.0452	NA	NA	NA
rs10850436	31	0.444	TA/CC	1	0.000584	0	1.65216391008723e-05	0.999943885671214
rs66513915	32.5	0.268	TT/CA	1	0.0715	NA	NA	NA
rs61940517	32.5	0.268	TT/CC	1	0.0653	NA	NA	NA
rs4766479	32.8	0.266	TT/CC	1	0.0702	NA	NA	NA
rs4766480	33	0.266	TG/CC	1	0.0702	NA	NA	NA
rs34866786	34.5	0.111	TT/CC	1	0.162	NA	NA	NA
rs35092346	34.5	0.111	TA/CG	1	0.163	NA	NA	NA
rs9888325	34.6	0.678	TT/CG	1	1.03e-06	1	0.00681672100593361	0.98688606778841
rs17670606	34.7	0.111	TA/CG	1	0.159	NA	NA	NA
rs11612666	35	0.111	TG/CT	1	0.154	NA	NA	NA
rs11609850	35.4	0.264	TA/CG	1	0.0683	NA	NA	NA
rs11609896	35.7	0.678	TA/CG	1	9.81e-07	1	0.0071441657346831	0.980069346782477
rs73200412	35.9	0.111	TC/CT	1	0.153	NA	NA	NA
rs73200413	36.8	0.113	TA/CG	1	0.116	NA	NA	NA
rs34046851	36.9	0.111	TG/CA	1	0.168	NA	NA	NA
rs17607959	37	0.266	TT/CA	1	0.0793	NA	NA	NA
rs12830574	37.8	0.111	TT/CC	1	0.169	NA	NA	NA
rs10850443	37.8	0.674	TG/CA	1	1.06e-06	1	0.00663093589160263	0.993517003680013
rs61940557	38.1	0.266	TT/CC	1	0.0793	NA	NA	NA
rs73200418	38.9	0.113	TT/CC	1	0.117	NA	NA	NA
rs10161126	39.6	0.669	TG/CA	1	1.33e-06	0	0.00533043033060887	0.998847434010622
rs35160901	40	0.248	TG/CA	1	0.344	NA	NA	NA
rs12307823	40.9	0.283	TT/CC	1	0.121	NA	NA	NA
rs67325197	42	0.246	TA/CG	1	0.383	NA	NA	NA
rs1541597	42.1	0.252	TT/CG	1	0.134	NA	NA	NA
rs12316253	43.3	0.428	TC/CT	1	0.0017	0	6.14483212395697e-06	0.999993296597231
rs12579995	43.3	0.248	TA/CG	1	0.243	NA	NA	NA
rs12579997	43.3	0.248	TC/CG	1	0.28	NA	NA	NA
rs10850453	43.8	0.402	TG/CA	1	0.000156	0	5.6866509045133e-05	0.99953699625411
rs12318133	44.8	0.161	TG/CA	1	0.0162	NA	NA	NA
rs7299698	45.2	0.353	TT/CC	1	0.00411	NA	NA	NA
rs7314406	47.2	0.554	TT/CA	1	0.00157	0	6.61157389933684e-06	0.999987151765107
rs7314538	47.3	0.353	TG/CA	1	0.00391	NA	NA	NA
rs4766481	49.5	0.148	TA/CG	1	0.777	NA	NA	NA
rs1985825	51.6	0.308	TC/CT	1	0.00481	NA	NA	NA
rs7312605	51.9	0.248	TC/CA	1	0.104	NA	NA	NA
rs7294688	52	0.322	TC/CG	1	0.002	NA	NA	NA
rs1861679	52.3	0.223	TT/CC	1	0.00101	NA	NA	NA
rs7965152	53.6	0.306	TA/CG	1	0.00175	NA	NA	NA
rs10507234	53.7	0.117	TC/CG	1	0.568	NA	NA	NA
rs1819873	53.9	0.209	TC/CA	1	0.00278	NA	NA	NA
rs11609480	54.2	0.104	TC/CT	1	0.269	NA	NA	NA
rs12830053	55.1	0.111	TC/CT	1	0.899	NA	NA	NA
rs10774803	55.4	0.271	TC/CT	1	0.011	NA	NA	NA
rs12582466	55.6	0.116	TA/CG	1	0.945	NA	NA	NA
rs10850481	56.7	0.279	TG/CA	1	0.00866	NA	NA	NA
rs12423266	57	0.109	TT/CC	1	0.00942	NA	NA	NA
rs4766615	57.4	0.249	TG/CA	1	0.427	NA	NA	NA
rs11608727	58.2	0.107	TG/CT	1	0.218	NA	NA	NA
rs11615462	58.4	0.111	TT/CC	1	0.00887	NA	NA	NA
rs4766482	59.2	0.192	TT/CC	1	0.00285	NA	NA	NA
rs11614508	59.6	0.21	TA/CG	1	0.0151	NA	NA	NA
rs2160594	61.4	0.102	TC/CA	1	0.639	NA	NA	NA
rs10850503	63.3	0.121	TG/CA	1	0.0114	NA	NA	NA
rs12828104	65.4	0.192	TT/CG	1	0.00278	NA	NA	NA
rs752014	66.7	0.169	TG/CA	1	0.00758	NA	NA	NA
rs752015	66.8	0.183	TG/CC	1	0.0269	NA	NA	NA
rs10850533	80.7	0.138	TC/CG	1	0.491	NA	NA	NA
rs12321021	80.8	0.266	TA/CT	1	0.964	NA	NA	NA
rs11067661	80.9	0.103	TA/CC	1	0.544	NA	NA	NA
