SNP	KB	R2	Alleles	F	P	inCredible	probNorm	cumSum
rs11167957	0	1	C	1	6.33e-09	1	0.530966950564857	0.530966950564857
rs13158389	-82.2	0.133	CC/TT	1	0.0231	NA	NA	NA
rs4705455	-81.3	0.133	CC/TT	1	0.0241	NA	NA	NA
rs13187365	-81.2	0.133	CT/TC	1	0.023	NA	NA	NA
rs13183604	-81.1	0.133	CA/TG	1	0.0229	NA	NA	NA
rs2086374	-80.8	0.133	CG/TT	1	0.0237	NA	NA	NA
rs11167950	-77.1	0.131	CC/TT	1	0.0228	NA	NA	NA
rs12188535	-75.4	0.131	CC/TT	1	0.02	NA	NA	NA
rs13159496	-73.4	0.135	CA/TT	1	0.019	NA	NA	NA
rs11742231	-72.6	0.133	CG/TC	1	0.0185	NA	NA	NA
rs11167952	-71.7	0.137	CC/TT	1	0.0175	NA	NA	NA
rs11167953	-71.6	0.13	CA/TG	1	0.0337	NA	NA	NA
rs11167955	-69.4	0.135	CG/TT	1	0.0158	NA	NA	NA
rs11750453	-66.1	0.135	CC/TT	1	0.0104	NA	NA	NA
rs6874143	-64.3	0.127	CG/TT	1	0.0613	NA	NA	NA
rs6860203	-64.2	0.134	CT/TA	1	0.00971	NA	NA	NA
rs12187728	-63.2	0.137	CA/TG	1	0.00979	NA	NA	NA
rs6881291	-62.5	0.137	CG/TA	1	0.00935	NA	NA	NA
rs4705456	-59.5	0.135	CA/TG	1	0.016	NA	NA	NA
rs13162831	-58.2	0.135	CG/TA	1	0.0164	NA	NA	NA
rs6580447	-55.7	0.135	CG/TA	1	0.0168	NA	NA	NA
rs13185770	-54	0.135	CC/TG	1	0.0144	NA	NA	NA
rs13172310	-53.2	0.137	CA/TG	1	0.0159	NA	NA	NA
rs4499882	-52.1	0.135	CT/TG	1	0.018	NA	NA	NA
rs4705457	-50.7	0.137	CA/TG	1	0.016	NA	NA	NA
rs13185031	-48.5	0.135	CC/TT	1	0.014	NA	NA	NA
rs12514241	-37.6	0.135	CA/TT	1	0.00863	NA	NA	NA
rs10056515	-36.4	0.137	CA/TG	1	3.75e-05	NA	NA	NA
rs10056782	-36	0.139	CA/TG	1	2.72e-05	NA	NA	NA
rs10070306	-32.7	0.129	CG/TC	1	4.05e-05	NA	NA	NA
rs7713487	-28.8	0.133	CG/TA	1	1.67e-05	NA	NA	NA
rs10447220	-27.4	0.131	CA/TG	1	1.62e-05	NA	NA	NA
rs877736	-26.9	0.143	CA/TC	1	1.63e-05	NA	NA	NA
rs1480153	-0.943	0.695	CA/TG	1	1.21e-06	0	0.00328730415140682	0.994544486692543
rs7724608	1.11	0.922	CG/TA	1	1.24e-08	1	0.276171531773302	0.80713848233816
rs6580448	1.51	0.668	CC/TT	1	2.55e-06	0	0.0016058896705195	0.996150376363062
rs6896858	3.28	0.958	CG/TC	1	3.91e-08	1	0.0905803912614798	0.897718873599639
rs1871580	4.4	0.848	CG/TT	1	2.68e-07	1	0.0140585073213084	0.991257182541136
rs1871579	4.7	0.857	CG/TT	1	1.63e-07	1	0.022731679213936	0.943182232027511
rs1871578	4.7	0.857	CC/TT	1	1.63e-07	1	0.022731679213936	0.920450552813575
rs7709184	4.95	0.128	CT/TC	1	0.252	NA	NA	NA
rs1480152	5.12	0.623	CT/TC	1	3.58e-06	0	0.00115975221983573	0.997310128582898
rs10463388	5.14	0.853	CG/TA	1	1.94e-07	1	0.0192101602780706	0.962392392305582
rs60803545	5.34	0.128	CT/TC	1	0.454	NA	NA	NA
rs984761	5.72	0.626	CC/TT	1	4.73e-06	0	0.000888033941912077	0.999357914744646
rs4235746	6.7	0.63	CG/TA	1	3.58e-06	0	0.00115975221983573	0.998469880802734
rs74388475	6.94	0.161	CT/TC	1	0.47	NA	NA	NA
rs4705458	6.94	0.858	CG/TT	1	2.54e-07	1	0.0148062829142455	0.977198675219828
rs10054824	6.96	0.126	CA/TC	1	0.259	NA	NA	NA
rs79773641	7.79	0.106	CC/TT	1	0.253	NA	NA	NA
rs12521366	8.83	0.12	CA/TG	1	0.287	NA	NA	NA
rs6895387	9.65	0.102	CC/TG	1	0.217	NA	NA	NA
rs1480149	12	0.562	CA/TG	1	0.000354	0	1.48424592503149e-05	0.999943830238836
rs1383165	13.4	0.621	CA/TG	1	0.000109	0	4.48903472980917e-05	0.9997184017541
rs1904578	13.5	0.602	CC/TT	1	0.00023	0	2.22313294977909e-05	0.99984919073477
rs1904579	13.5	0.621	CA/TC	1	0.000133	0	3.72105902372516e-05	0.999755612344337
rs1480150	18.3	0.603	CC/TT	1	0.000219	0	2.32779249139145e-05	0.999804358968552
rs7708484	19.7	0.599	CT/TC	1	0.000281	0	1.84246245876945e-05	0.999910685189648
rs1156700	21.3	0.599	CC/TT	1	0.000234	0	2.18745075564266e-05	0.999871065242327
rs4279385	22.1	0.606	CG/TA	1	0.000226	0	2.26004367204454e-05	0.999826959405272
rs12152738	23	0.729	CG/TA	1	0.000283	0	1.83025899381028e-05	0.999928987779586
rs1480151	24	0.6	CG/TT	1	0.000411	0	1.29093731015476e-05	0.999956739611938
rs1383171	28.4	0.631	CT/TA	1	0.000242	0	2.11953227335857e-05	0.99989226056506
rs7723948	28.6	0.747	CA/TG	1	3.72e-05	0	0.000124185570938299	0.999482100315584
rs1842344	30.3	0.588	CC/TT	1	0.000951	0	5.91509072388069e-06	1
rs1842345	30.3	0.588	CA/TG	1	0.000873	0	6.40330637284013e-06	0.999987840582138
rs13156727	31.9	0.69	CA/TT	1	0.000199	0	2.54686993010708e-05	0.999781081043638
rs2114976	33.5	0.588	CC/TA	1	0.000897	0	6.24432713774843e-06	0.999994084909276
rs4343884	35	0.588	CC/TT	1	0.000702	0	7.83946842938629e-06	0.999974110329307
rs4451095	35.3	0.683	CA/TG	1	4.64e-05	0	0.000100695081397244	0.999582795396981
rs1480162	35.3	0.588	CC/TT	1	0.000755	0	7.32694645847701e-06	0.999981437275766
rs2008076	37.7	0.605	CA/TG	1	0.000569	0	9.5312489398209e-06	0.999966270860878
rs7711754	38.8	0.42	CA/TT	1	5.18e-05	0	9.07160098203897e-05	0.999673511406802
rs1480159	39.4	0.304	CT/TC	1	0.000673	NA	NA	NA
rs1480160	39.5	0.291	CA/TG	1	0.000852	NA	NA	NA
rs2400242	40.5	0.179	CA/TT	1	0.00117	NA	NA	NA
rs1480161	42.9	0.171	CC/TG	1	0.000586	NA	NA	NA
rs6880853	45.5	0.137	CT/TC	1	0.00261	NA	NA	NA
