SNP	KB	R2	Alleles	F	P	inCredible	probNorm	cumSum
rs11090045	0	1	A	1	3.36e-08	1	0.584141063168048	0.584141063168048
rs9619869	-935	0.132	AA/GG	1	0.187	NA	NA	NA
rs1883473	-816	0.119	AT/GC	1	0.282	NA	NA	NA
rs7289389	-814	0.134	AT/GA	1	0.0757	NA	NA	NA
rs9623184	-806	0.132	AT/GC	1	0.067	NA	NA	NA
rs9619878	-790	0.13	AC/GG	1	0.0703	NA	NA	NA
rs133067	-679	0.105	AC/GT	1	0.0158	NA	NA	NA
rs80533	-668	0.164	AA/GG	1	0.00263	NA	NA	NA
rs142915682	-591	0.108	AA/GG	1	0.633	NA	NA	NA
rs13054099	-538	0.277	AC/GT	1	1.47e-06	NA	NA	NA
rs138333	-537	0.107	AT/GC	1	0.0372	NA	NA	NA
rs138335	-527	0.119	AG/GC	1	0.67	NA	NA	NA
rs138337	-523	0.107	AG/GA	1	0.0312	NA	NA	NA
rs138344	-509	0.107	AG/GC	1	0.0385	NA	NA	NA
rs138346	-506	0.123	AG/GA	1	0.549	NA	NA	NA
rs138347	-506	0.123	AG/GA	1	0.55	NA	NA	NA
rs138349	-504	0.123	AG/GA	1	0.629	NA	NA	NA
rs76793398	-493	0.139	AT/GC	1	0.226	NA	NA	NA
rs138352	-485	0.123	AG/GT	1	0.768	NA	NA	NA
rs4821976	-470	0.103	AG/GA	1	0.0376	NA	NA	NA
rs2899341	-429	0.105	AG/GA	1	0.0396	NA	NA	NA
rs74520475	-414	0.139	AG/GT	1	0.202	NA	NA	NA
rs2413631	-394	0.256	AA/GG	1	4.99e-06	NA	NA	NA
rs5758153	-371	0.116	AG/GT	1	0.514	NA	NA	NA
rs144960271	-364	0.115	AT/GC	1	0.459	NA	NA	NA
rs960596	-360	0.139	AC/GT	1	0.565	NA	NA	NA
rs5751020	-359	0.106	AC/GT	1	0.627	NA	NA	NA
rs117820404	-356	0.138	AA/GG	1	0.31	NA	NA	NA
rs5758168	-354	0.103	AG/GA	1	0.188	NA	NA	NA
rs5758169	-354	0.101	AA/GC	1	0.358	NA	NA	NA
rs5758171	-352	0.103	AG/GA	1	0.57	NA	NA	NA
rs5758172	-352	0.101	AA/GG	1	0.299	NA	NA	NA
rs9611452	-352	0.101	AT/GC	1	0.296	NA	NA	NA
rs5758174	-350	0.111	AT/GC	1	0.345	NA	NA	NA
rs5758175	-350	0.111	AG/GA	1	0.349	NA	NA	NA
rs5758176	-350	0.109	AC/GG	1	0.321	NA	NA	NA
rs5758177	-350	0.107	AA/GG	1	0.324	NA	NA	NA
rs13056300	-345	0.426	AC/GT	1	1.61e-06	1	0.0139054604882375	0.623961552398585
rs9611454	-344	0.143	AC/GT	1	0.453	NA	NA	NA
rs9607764	-342	0.321	AC/GG	1	0.000163	NA	NA	NA
rs9611455	-341	0.325	AT/GC	1	0.00024	NA	NA	NA
rs8138917	-341	0.323	AC/GT	1	0.000145	NA	NA	NA
rs8138349	-341	0.323	AT/GC	1	0.000135	NA	NA	NA
rs8138520	-341	0.323	AG/GA	1	0.000148	NA	NA	NA
rs5758186	-340	0.166	AT/GC	1	0.295	NA	NA	NA
rs9611457	-340	0.323	AG/GC	1	0.00015	NA	NA	NA
rs9611459	-340	0.477	AA/GG	1	1.89e-06	1	0.0119196650069009	0.660410982638399
rs5751028	-339	0.165	AG/GA	1	0.304	NA	NA	NA
rs5751029	-339	0.165	AC/GT	1	0.305	NA	NA	NA
rs8135225	-338	0.323	AC/GA	1	0.00015	NA	NA	NA
rs9607765	-338	0.476	AT/GC	1	1.81e-06	1	0.0124254411213244	0.63638699351991
rs4821980	-338	0.323	AG/GC	1	0.00014	NA	NA	NA
rs4821981	-338	0.323	AT/GG	1	0.000139	NA	NA	NA
rs8139770	-337	0.319	AT/GC	1	0.000133	NA	NA	NA
rs926914	-335	0.487	AT/GC	1	1.86e-06	1	0.0121043241115882	0.648491317631498
rs9611460	-335	0.433	AC/GT	1	3e-06	1	0.00764919351145093	0.73166845196209
rs75723348	-333	0.487	AG/GT	1	2.1e-06	1	0.0107722980976492	0.715929731926627
rs9611462	-330	0.169	AG/GC	1	0.235	NA	NA	NA
rs9611465	-327	0.488	AA/GG	1	3.18e-06	1	0.00723337007234506	0.746383621022546
rs9611466	-327	0.488	AT/GA	1	3.07e-06	1	0.00748179898811066	0.739150250950201
rs9611467	-327	0.488	AT/GC	1	2.83e-06	1	0.00808952652401277	0.724019258450639
rs12484477	-325	0.484	AA/GG	1	1.97e-06	1	0.0114542555226799	0.671865238161079
rs2899343	-324	0.171	AC/GT	1	0.234	NA	NA	NA
rs5758193	-324	0.171	AC/GT	1	0.223	NA	NA	NA
rs4820423	-323	0.484	AT/GA	1	2.09e-06	1	0.0108217981375952	0.705157433828978
rs4820426	-322	0.48	AT/GC	1	2.01e-06	1	0.0112351987651518	0.694335635691382
rs4821982	-321	0.48	AT/GC	1	2.01e-06	1	0.0112351987651518	0.683100436926231
rs4820427	-321	0.292	AC/GG	1	0.00148	NA	NA	NA
rs9611469	-320	0.491	AC/GT	1	4.62e-06	1	0.00505648647284191	0.796936535199262
rs73174657	-319	0.491	AA/GG	1	6.24e-06	1	0.00379198396891048	0.853375952295193
rs112779734	-319	0.441	AC/GT	1	7.66e-05	0	0.000348724458191868	0.997124985181338
rs9607769	-319	0.491	AA/GG	1	6.76e-06	1	0.00351243656966839	0.86793394166376
rs9611474	-319	0.491	AA/GG	1	6.16e-06	1	0.00383909480608413	0.845750827866583
rs8135524	-317	0.329	AC/GT	1	0.000349	NA	NA	NA
rs4821984	-317	0.329	AT/GA	1	0.000371	NA	NA	NA
rs73174660	-316	0.499	AC/GT	1	4.31e-06	1	0.00540440712772608	0.781595256252234
rs4821989	-316	0.499	AT/GC	1	3.98e-06	1	0.00583310299971219	0.770399577306452
rs4821990	-315	0.499	AG/GT	1	3.86e-06	1	0.00600680343219616	0.75866226077407
rs12484971	-314	0.496	AT/GA	1	3.69e-06	1	0.00627183631932786	0.752655457341874
rs9754487	-314	0.329	AG/GA	1	0.000349	NA	NA	NA
rs7286603	-314	0.329	AC/GT	1	0.000353	NA	NA	NA
rs13055800	-313	0.499	AA/GG	1	4.01e-06	1	0.00579127181805616	0.776190849124508
rs4821991	-313	0.499	AC/GT	1	3.93e-06	1	0.0059042135326696	0.76456647430674
rs8137906	-311	0.329	AG/GA	1	0.000387	NA	NA	NA
rs12484525	-310	0.329	AC/GG	1	0.000384	NA	NA	NA
rs1967708	-309	0.321	AC/GG	1	0.000381	NA	NA	NA
rs6002239	-305	0.321	AC/GT	1	0.000499	NA	NA	NA
rs8142874	-303	0.481	AA/GG	1	6.76e-06	1	0.00351243656966839	0.871446378233429
rs8138132	-302	0.186	AA/GC	1	0.0886	NA	NA	NA
rs28814423	-301	0.477	AA/GG	1	5.91e-06	1	0.00399436998230606	0.837962122960166
rs9619935	-298	0.481	AG/GC	1	5.52e-06	1	0.00426410090137637	0.829832639993564
rs9611486	-295	0.474	AG/GC	1	5.98e-06	1	0.00394961010033284	0.841911733060499
rs13053242	-294	0.481	AA/GG	1	6.94e-06	1	0.00342524569629472	0.878335067422592
rs9611487	-293	0.477	AT/GC	1	4.82e-06	1	0.00485533775603236	0.811720044073265
rs73424602	-292	0.327	AT/GC	1	0.000543	NA	NA	NA
rs5758209	-292	0.226	AT/GG	1	0.0134	NA	NA	NA
rs9306351	-292	0.192	AG/GA	1	0.0803	NA	NA	NA
rs9611488	-291	0.489	AT/GG	1	4.68e-06	1	0.00499437166227113	0.801930906861533
rs4821998	-285	0.489	AG/GC	1	4.74e-06	1	0.00493379945569891	0.806864706317232
rs12485034	-284	0.485	AG/GA	1	4.59e-06	1	0.00508814102207605	0.79188004872642
rs4821999	-284	0.272	AG/GA	1	0.000351	NA	NA	NA
rs5758212	-283	0.134	AA/GG	1	0.0709	NA	NA	NA
rs8136923	-283	0.492	AA/GG	1	4.49e-06	1	0.00519665145211004	0.786791907704344
rs5751033	-283	0.132	AC/GT	1	0.0789	NA	NA	NA
rs4822000	-283	0.259	AC/GT	1	0.000238	NA	NA	NA
rs8142276	-282	0.274	AC/GT	1	0.000347	NA	NA	NA
rs8141730	-281	0.278	AG/GA	1	0.000391	NA	NA	NA
rs9607771	-280	0.492	AA/GG	1	4.98e-06	1	0.00470583471157233	0.821159023269461
rs7290458	-277	0.274	AC/GT	1	0.000376	NA	NA	NA
rs7289989	-277	0.274	AC/GA	1	0.000399	NA	NA	NA
rs9623320	-275	0.488	AA/GG	1	6.3e-06	1	0.00375742072684162	0.857133373022035
rs5758216	-274	0.124	AC/GG	1	0.0901	NA	NA	NA
rs5751038	-269	0.138	AC/GA	1	0.102	NA	NA	NA
rs5758222	-267	0.106	AA/GG	1	0.194	NA	NA	NA
rs5995992	-266	0.499	AC/GT	1	7.14e-06	1	0.00333342338674587	0.885056392231101
rs4822002	-266	0.133	AA/GG	1	0.00839	NA	NA	NA
rs61342075	-265	0.106	AC/GT	1	0.214	NA	NA	NA
rs2267424	-264	0.132	AA/GC	1	0.00754	NA	NA	NA
rs766314	-263	0.129	AC/GG	1	0.00618	NA	NA	NA
rs5751040	-262	0.13	AC/GT	1	0.00673	NA	NA	NA
rs738628	-260	0.133	AT/GC	1	0.00707	NA	NA	NA
rs2899344	-259	0.139	AT/GC	1	0.00708	NA	NA	NA
rs5751042	-258	0.137	AA/GG	1	0.00696	NA	NA	NA
rs5995993	-258	0.137	AA/GT	1	0.00704	NA	NA	NA
rs11090039	-257	0.514	AA/GG	1	1.02e-05	1	0.00237054237468173	0.926932857059469
rs17002284	-257	0.106	AA/GG	1	0.197	NA	NA	NA
rs5758228	-256	0.139	AG/GA	1	0.0086	NA	NA	NA
rs2024717	-256	0.139	AT/GC	1	0.00604	NA	NA	NA
rs7286979	-255	0.106	AG/GA	1	0.203	NA	NA	NA
rs2267425	-252	0.139	AC/GG	1	0.00717	NA	NA	NA
rs4822004	-251	0.139	AG/GT	1	0.00861	NA	NA	NA
rs6002260	-251	0.106	AA/GG	1	0.184	NA	NA	NA
rs5758231	-250	0.137	AG/GC	1	0.00696	NA	NA	NA
rs9611497	-246	0.137	AG/GA	1	0.00854	NA	NA	NA
rs5995996	-245	0.133	AG/GT	1	0.00828	NA	NA	NA
rs13058113	-245	0.503	AT/GG	1	1.1e-05	1	0.00220563922682979	0.949992996733563
rs6002262	-244	0.134	AG/GC	1	0.00847	NA	NA	NA
rs738629	-243	0.134	AT/GG	1	0.00929	NA	NA	NA
rs738630	-242	0.128	AC/GT	1	0.00684	NA	NA	NA
rs738631	-242	0.13	AA/GG	1	0.00685	NA	NA	NA
rs2064558	-241	0.133	AA/GG	1	0.00596	NA	NA	NA
rs2144342	-241	0.133	AT/GG	1	0.00624	NA	NA	NA
rs4822005	-239	0.133	AA/GG	1	0.00585	NA	NA	NA
rs5758237	-238	0.133	AG/GT	1	0.00681	NA	NA	NA
rs5758238	-234	0.133	AA/GG	1	0.00685	NA	NA	NA
rs4822006	-234	0.133	AC/GT	1	0.00693	NA	NA	NA
rs5758240	-232	0.134	AC/GT	1	0.00601	NA	NA	NA
rs738632	-230	0.139	AG/GA	1	0.00758	NA	NA	NA
rs113673125	-225	0.106	AT/GG	1	0.24	NA	NA	NA
rs2064560	-224	0.51	AG/GA	1	1.12e-05	1	0.00216802147488433	0.954329039683332
rs5758242	-222	0.106	AA/GG	1	0.253	NA	NA	NA
rs4822007	-221	0.131	AC/GT	1	0.00604	NA	NA	NA
rs9611503	-219	0.506	AT/GC	1	9.55e-06	1	0.00252442460792832	0.914692429283044
rs4820428	-216	0.507	AG/GA	1	1.02e-05	1	0.00237054237468173	0.934044484183514
rs4822008	-214	0.507	AG/GC	1	1.09e-05	1	0.00222495500501713	0.945581718279904
rs4822010	-214	0.137	AC/GT	1	0.00676	NA	NA	NA
rs9611505	-213	0.507	AC/GT	1	9.19e-06	1	0.00261881870581903	0.899252305376158
rs1569857	-213	0.106	AC/GG	1	0.247	NA	NA	NA
rs1569858	-213	0.135	AG/GA	1	0.00648	NA	NA	NA
rs2413637	-212	0.135	AC/GG	1	0.00658	NA	NA	NA
rs59568053	-210	0.106	AG/GA	1	0.239	NA	NA	NA
rs75843224	-206	0.123	AA/GC	1	0.0163	NA	NA	NA
rs5751053	-206	0.138	AG/GC	1	0.00631	NA	NA	NA
rs20551	-206	0.514	AG/GA	1	1.14e-05	1	0.00213169693745099	0.958628758095667
rs6002268	-205	0.134	AC/GT	1	0.00684	NA	NA	NA
rs4820431	-204	0.133	AC/GA	1	0.00716	NA	NA	NA
rs4822011	-203	0.133	AT/GC	1	0.006	NA	NA	NA
rs20552	-203	0.133	AA/GT	1	0.007	NA	NA	NA
rs66776572	-201	0.106	AT/GG	1	0.232	NA	NA	NA
rs1033611	-195	0.138	AG/GA	1	0.00796	NA	NA	NA
rs2057070	-189	0.511	AC/GT	1	1.02e-05	1	0.00237054237468173	0.92930339943415
rs5751058	-188	0.106	AA/GG	1	0.224	NA	NA	NA
rs9611509	-188	0.511	AG/GA	1	8.72e-06	1	0.00275353648177084	0.896633486670339
rs6002271	-187	0.504	AT/GC	1	9.59e-06	1	0.00251436508716277	0.917206794370206
rs9607779	-187	0.14	AG/GA	1	0.00686	NA	NA	NA
rs5751060	-186	0.135	AT/GG	1	0.00602	NA	NA	NA
rs2076577	-185	0.138	AC/GT	1	0.00681	NA	NA	NA
rs9611510	-184	0.511	AC/GT	1	9.62e-06	1	0.00250687423224255	0.919713668602449
rs2076578	-184	0.105	AC/GT	1	0.246	NA	NA	NA
rs2076580	-184	0.105	AG/GA	1	0.243	NA	NA	NA
rs2076581	-184	0.141	AC/GT	1	0.0061	NA	NA	NA
rs77339131	-183	0.158	AA/GG	1	0.00167	NA	NA	NA
rs5758251	-183	0.106	AT/GC	1	0.231	NA	NA	NA
rs136394	-176	0.14	AG/GA	1	0.0061	NA	NA	NA
rs4408817	-173	0.141	AT/GC	1	0.00492	NA	NA	NA
rs6002277	-171	0.511	AC/GG	1	7.02e-06	1	0.00338790142176322	0.881722968844355
rs2143694	-169	0.106	AG/GA	1	0.233	NA	NA	NA
rs2038208	-168	0.128	AG/GT	1	0.00726	NA	NA	NA
rs4822016	-167	0.131	AT/GC	1	0.00701	NA	NA	NA
rs9607782	-166	0.395	AA/GT	1	2.41e-05	NA	NA	NA
rs2092563	-161	0.499	AA/GG	1	1.08e-05	1	0.00224462106682968	0.943356763274887
rs11913442	-160	0.129	AT/GC	1	0.00716	NA	NA	NA
rs5758257	-160	0.129	AA/GG	1	0.00696	NA	NA	NA
rs5751061	-160	0.129	AG/GT	1	0.00683	NA	NA	NA
rs2038209	-159	0.13	AC/GT	1	0.00653	NA	NA	NA
rs136401	-158	0.129	AC/GA	1	0.00664	NA	NA	NA
rs8138990	-156	0.106	AA/GC	1	0.272	NA	NA	NA
rs5758259	-156	0.13	AG/GC	1	0.00647	NA	NA	NA
rs5751062	-156	0.129	AC/GT	1	0.00615	NA	NA	NA
rs11703115	-155	0.106	AG/GA	1	0.255	NA	NA	NA
rs136402	-155	0.499	AA/GG	1	9.2e-06	1	0.0026160989439223	0.90186840432008
rs78947368	-154	0.158	AG/GC	1	0.00191	NA	NA	NA
rs79546	-151	0.106	AA/GT	1	0.263	NA	NA	NA
rs117279218	-149	0.158	AG/GC	1	0.00185	NA	NA	NA
rs139431	-149	0.141	AC/GT	1	0.00501	NA	NA	NA
rs4820432	-149	0.141	AA/GG	1	0.00492	NA	NA	NA
rs139432	-149	0.141	AG/GA	1	0.00502	NA	NA	NA
rs139434	-149	0.141	AA/GG	1	0.005	NA	NA	NA
rs139435	-149	0.141	AG/GA	1	0.00498	NA	NA	NA
rs139436	-148	0.141	AG/GA	1	0.00499	NA	NA	NA
rs139437	-148	0.141	AT/GC	1	0.00496	NA	NA	NA
rs139438	-148	0.14	AC/GT	1	0.0049	NA	NA	NA
rs7290378	-147	0.141	AT/GC	1	0.00579	NA	NA	NA
rs7289286	-147	0.141	AA/GG	1	0.00562	NA	NA	NA
rs7289294	-147	0.141	AA/GG	1	0.00569	NA	NA	NA
rs7290545	-147	0.141	AT/GC	1	0.00545	NA	NA	NA
rs7289858	-147	0.141	AG/GC	1	0.00492	NA	NA	NA
rs7289861	-147	0.141	AG/GA	1	0.00492	NA	NA	NA
rs5758262	-147	0.141	AG/GA	1	0.00485	NA	NA	NA
rs139440	-147	0.141	AA/GG	1	0.00499	NA	NA	NA
rs139441	-147	0.141	AA/GG	1	0.00501	NA	NA	NA
rs4820433	-147	0.509	AG/GC	1	7.85e-06	1	0.00304454118132876	0.88810093341243
rs139445	-145	0.141	AT/GC	1	0.00533	NA	NA	NA
rs139446	-145	0.141	AG/GC	1	0.00502	NA	NA	NA
rs8141477	-145	0.141	AG/GT	1	0.00497	NA	NA	NA
rs12167677	-145	0.141	AC/GG	1	0.00515	NA	NA	NA
rs12169035	-145	0.14	AC/GT	1	0.00557	NA	NA	NA
rs139447	-144	0.141	AG/GA	1	0.00479	NA	NA	NA
rs3818003	-144	0.509	AT/GC	1	6.17e-06	1	0.00383314045969979	0.849583968326283
rs139450	-144	0.141	AT/GC	1	0.00478	NA	NA	NA
rs139451	-144	0.141	AG/GA	1	0.00475	NA	NA	NA
rs139452	-143	0.141	AG/GC	1	0.00478	NA	NA	NA
rs139453	-143	0.141	AA/GG	1	0.00487	NA	NA	NA
rs139454	-143	0.141	AG/GA	1	0.00471	NA	NA	NA
rs139455	-143	0.141	AC/GG	1	0.00482	NA	NA	NA
rs139456	-143	0.141	AA/GG	1	0.0047	NA	NA	NA
rs139457	-143	0.141	AT/GC	1	0.00467	NA	NA	NA
rs139458	-143	0.141	AG/GA	1	0.00437	NA	NA	NA
rs139460	-143	0.141	AT/GC	1	0.00468	NA	NA	NA
rs8139263	-142	0.142	AT/GC	1	0.00468	NA	NA	NA
rs139461	-142	0.105	AC/GT	1	0.241	NA	NA	NA
rs13058265	-142	0.141	AA/GG	1	0.00453	NA	NA	NA
rs13054131	-142	0.141	AT/GC	1	0.00467	NA	NA	NA
rs139462	-141	0.141	AT/GC	1	0.00443	NA	NA	NA
rs139463	-141	0.141	AT/GG	1	0.00456	NA	NA	NA
rs85220	-141	0.141	AT/GG	1	0.00468	NA	NA	NA
rs9611520	-140	0.508	AT/GC	1	6.49e-06	1	0.00365210532874373	0.860785478350779
rs139464	-140	0.141	AC/GG	1	0.00474	NA	NA	NA
rs139465	-139	0.138	AC/GT	1	0.00463	NA	NA	NA
rs139466	-139	0.105	AG/GA	1	0.243	NA	NA	NA
rs139467	-139	0.105	AG/GA	1	0.235	NA	NA	NA
rs139468	-139	0.105	AC/GT	1	0.256	NA	NA	NA
rs2273085	-138	0.504	AT/GC	1	5.7e-06	1	0.00413511298429612	0.83396775297786
rs139469	-138	0.105	AG/GA	1	0.245	NA	NA	NA
rs5758264	-137	0.509	AG/GT	1	6.52e-06	1	0.00363602674331312	0.864421505094092
rs139470	-137	0.138	AC/GT	1	0.0047	NA	NA	NA
rs79543	-137	0.102	AC/GT	1	0.242	NA	NA	NA
rs139472	-136	0.102	AC/GG	1	0.21	NA	NA	NA
rs79545	-135	0.106	AG/GA	1	0.241	NA	NA	NA
rs5758266	-135	0.496	AT/GG	1	1.27e-05	1	0.00192294078293524	0.978708509477031
rs139473	-135	0.128	AG/GC	1	0.00653	NA	NA	NA
rs139474	-134	0.14	AG/GC	1	0.00455	NA	NA	NA
rs5758267	-134	0.496	AA/GT	1	1.21e-05	1	0.00201383082965589	0.968945429122543
rs2179744	-132	0.496	AA/GG	1	1.23e-05	1	0.00198256943756826	0.972910567997679
rs5758268	-131	0.496	AT/GA	1	1.23e-05	1	0.00198256943756826	0.970927998560111
rs139475	-130	0.138	AC/GT	1	0.00611	NA	NA	NA
rs139478	-129	0.137	AG/GA	1	0.0052	NA	NA	NA
rs139480	-127	0.107	AT/GC	1	0.223	NA	NA	NA
rs3721	-127	0.138	AC/GT	1	0.00495	NA	NA	NA
rs139483	-126	0.107	AG/GA	1	0.206	NA	NA	NA
rs139484	-126	0.138	AT/GG	1	0.00569	NA	NA	NA
rs139485	-126	0.138	AG/GA	1	0.00519	NA	NA	NA
rs139486	-126	0.138	AC/GG	1	0.00508	NA	NA	NA
rs5751069	-126	0.505	AG/GC	1	1.03e-05	1	0.00234855782493069	0.938763584383126
rs9611522	-126	0.44	AT/GC	1	2.6e-05	0	0.000971692457335751	0.995818575279669
rs139492	-125	0.131	AG/GT	1	0.00926	NA	NA	NA
rs139493	-122	0.135	AC/GT	1	0.0107	NA	NA	NA
rs2281336	-118	0.135	AG/GC	1	0.0089	NA	NA	NA
rs4820434	-116	0.626	AT/GG	1	9.4e-06	1	0.00256289461716109	0.909612899972836
rs139496	-114	0.168	AG/GT	1	0.456	NA	NA	NA
rs139497	-114	0.179	AT/GC	1	0.197	NA	NA	NA
rs3171692	-111	0.671	AT/GC	1	1.12e-05	1	0.00216802147488433	0.956497061158216
rs73176656	-110	0.107	AG/GA	1	0.286	NA	NA	NA
rs1983631	-110	0.665	AT/GC	1	8.71e-06	1	0.00275655752725732	0.893879950188568
rs139498	-109	0.238	AG/GC	1	0.00125	NA	NA	NA
rs9611527	-109	0.668	AA/GG	1	1.19e-05	1	0.00204612090106718	0.96488547739182
rs139499	-109	0.13	AG/GA	1	0.556	NA	NA	NA
rs45627435	-108	0.149	AT/GC	1	0.00331	NA	NA	NA
rs71948	-108	0.128	AG/GC	1	0.566	NA	NA	NA
rs11703267	-107	0.241	AA/GG	1	0.00127	NA	NA	NA
rs139501	-106	0.127	AA/GT	1	0.551	NA	NA	NA
rs139502	-106	0.241	AC/GT	1	0.00093	NA	NA	NA
rs9611528	-105	0.66	AC/GT	1	1.16e-05	1	0.00209659958337268	0.962839356490753
rs139503	-104	0.242	AG/GA	1	0.00123	NA	NA	NA
rs7364221	-103	0.679	AA/GC	1	1.5e-05	1	0.00164065056471859	0.987679085287786
rs139504	-103	0.13	AG/GC	1	0.542	NA	NA	NA
rs146017020	-103	0.107	AT/GC	1	0.296	NA	NA	NA
rs104974	-103	0.243	AG/GA	1	0.00133	NA	NA	NA
rs139506	-102	0.247	AA/GG	1	0.00138	NA	NA	NA
rs139507	-102	0.24	AT/GC	1	0.00137	NA	NA	NA
rs139508	-102	0.13	AA/GG	1	0.53	NA	NA	NA
rs470112	-101	0.243	AC/GG	1	0.00129	NA	NA	NA
rs4820435	-101	0.679	AT/GG	1	1.68e-05	0	0.00147264886164923	0.992402084930736
rs2235849	-100	0.66	AG/GT	1	9.83e-06	1	0.00245569280477578	0.922169361407225
rs139512	-98.6	0.125	AG/GA	1	0.593	NA	NA	NA
rs139513	-98.5	0.125	AG/GA	1	0.683	NA	NA	NA
rs139515	-97.5	0.245	AA/GG	1	0.00119	NA	NA	NA
rs5751071	-97.3	0.67	AA/GG	1	2.64e-05	0	0.000957685443477277	0.996776260723146
rs5751072	-97.1	0.663	AA/GG	1	2.51e-05	0	0.00100480355444129	0.994846882822333
rs2235850	-96	0.676	AT/GC	1	1.1e-05	1	0.00220563922682979	0.947787357506734
rs139516	-95.9	0.247	AG/GA	1	0.00109	NA	NA	NA
rs2284079	-95	0.676	AT/GC	1	1.03e-05	1	0.00234855782493069	0.941112142208057
rs2413639	-94	0.676	AA/GG	1	1.01e-05	1	0.00239295327756224	0.924562314684787
rs139519	-93.2	0.247	AC/GG	1	0.000994	NA	NA	NA
rs139520	-92.6	0.129	AG/GA	1	0.456	NA	NA	NA
rs2235852	-92.4	0.676	AT/GG	1	1.12e-05	1	0.00216802147488433	0.952161018208448
rs5758273	-89.1	0.131	AC/GT	1	0.376	NA	NA	NA
rs5758274	-89.1	0.676	AG/GA	1	7.91e-06	1	0.00302245924888066	0.891123392661311
rs139525	-88.7	0.247	AG/GA	1	0.00246	NA	NA	NA
rs5751074	-87.9	0.676	AA/GG	1	9.2e-06	1	0.0026160989439223	0.904484503264003
rs117255386	-87.4	0.162	AA/GC	1	0.00299	NA	NA	NA
rs2267429	-86.1	0.676	AC/GG	1	9.39e-06	1	0.00256550209167248	0.907050005355675
rs139526	-85.9	0.249	AA/GG	1	0.00248	NA	NA	NA
rs6519249	-81.9	0.243	AG/GA	1	0.00101	NA	NA	NA
rs139528	-81.3	0.13	AC/GA	1	0.473	NA	NA	NA
rs139529	-81.1	0.13	AG/GA	1	0.473	NA	NA	NA
rs9611540	-79.4	0.695	AT/GC	1	1.33e-05	1	0.00184008853311981	0.984309755174623
rs60171	-79.1	0.13	AA/GG	1	0.463	NA	NA	NA
rs5758280	-78.6	0.13	AC/GT	1	0.47	NA	NA	NA
rs5996011	-78.5	0.13	AA/GG	1	0.467	NA	NA	NA
rs6002310	-78.5	0.688	AG/GA	1	9.43e-06	1	0.00255510470227922	0.912168004675115
rs139533	-76.4	0.13	AC/GT	1	0.492	NA	NA	NA
rs9611542	-76.3	0.691	AT/GC	1	1.72e-05	0	0.00143999433715543	0.993842079267892
rs139535	-75.3	0.248	AT/GC	1	0.00134	NA	NA	NA
rs118089244	-73.6	0.162	AA/GG	1	0.00299	NA	NA	NA
rs1969666	-69.8	0.678	AC/GA	1	1.26e-05	1	0.00193750034820816	0.976785568694096
rs1535048	-69.5	0.685	AT/GC	1	1.52e-05	1	0.00162006149151563	0.990929436069087
rs1984584	-69.2	0.252	AG/GA	1	0.000998	NA	NA	NA
rs1003619	-68.8	0.253	AG/GC	1	0.000913	NA	NA	NA
rs1984839	-67.7	0.727	AC/GG	1	6.86e-06	1	0.00346344349286878	0.874909821726297
rs9680530	-65.1	0.142	AG/GC	1	0.499	NA	NA	NA
rs6519250	-64.2	0.143	AC/GA	1	0.486	NA	NA	NA
rs5996014	-64.1	0.143	AC/GT	1	0.477	NA	NA	NA
rs8138006	-61	0.143	AG/GA	1	0.488	NA	NA	NA
rs2024566	-56.3	0.739	AG/GA	1	1.42e-05	1	0.00172867954844394	0.986038434723067
rs9611546	-55.1	0.746	AG/GC	1	1.51e-05	1	0.00163028928978569	0.989309374577571
rs2024567	-54.4	0.731	AC/GG	1	1.3e-05	1	0.00188057858223612	0.982469666641503
rs4822020	-53.4	0.731	AT/GC	1	1.19e-05	1	0.00204612090106718	0.966931598292887
rs55658582	-53.2	0.254	AA/GG	1	0.00142	NA	NA	NA
rs7292854	-52.9	0.254	AG/GC	1	0.00147	NA	NA	NA
rs7287619	-52.5	0.254	AA/GG	1	0.00149	NA	NA	NA
rs6002323	-52.5	0.731	AC/GT	1	1.15e-05	1	0.00211399881171275	0.96074275690738
rs1883825	-50.2	0.731	AG/GA	1	1.02e-05	1	0.00237054237468173	0.936415026558196
rs1883826	-50.2	0.739	AA/GG	1	1.26e-05	1	0.00193750034820816	0.974848068345888
rs1883827	-50	0.731	AG/GA	1	1.02e-05	1	0.00237054237468173	0.931673941808832
rs7289932	-49.8	0.254	AA/GG	1	0.00135	NA	NA	NA
rs34011394	-48.7	0.25	AC/GT	1	0.0015	NA	NA	NA
rs9611549	-47.7	0.739	AG/GC	1	1.3e-05	1	0.00188057858223612	0.980589088059267
rs1807590	-44.4	0.225	AG/GA	1	0.000459	NA	NA	NA
rs6002328	-43.6	0.714	AC/GT	1	4.95e-06	1	0.00473314448462404	0.816453188557889
rs9611555	-40.5	0.732	AA/GG	1	5.33e-06	1	0.00440951582272672	0.825568539092188
rs13057907	-38.7	0.251	AG/GA	1	0.000683	NA	NA	NA
rs6002333	-34.1	0.49	AT/GC	1	0.00632	0	5.82662223223753e-06	0.999465971942775
rs5758297	-32.9	0.456	AG/GA	1	0.00483	0	7.4267215790878e-06	0.999110043706103
rs5751077	-32.9	0.456	AC/GG	1	0.00484	0	7.41283659527401e-06	0.999117456542699
rs3927	-30.7	0.49	AC/GT	1	0.00559	0	6.50808791510399e-06	0.999341695422347
rs79356064	-29.3	0.109	AT/GC	1	0.632	NA	NA	NA
rs5758300	-28.4	0.449	AG/GC	1	0.00526	0	6.87560851048832e-06	0.999268452960575
rs4822021	-27.6	0.474	AA/GG	1	0.00501	0	7.1849551592132e-06	0.999204959113435
rs6002337	-26.8	0.474	AG/GT	1	0.00447	0	7.96629939727138e-06	0.998933145185134
rs9611556	-26.6	0.49	AA/GG	1	0.00578	0	6.31481106491869e-06	0.999399253967718
rs2143695	-25	0.467	AC/GT	1	0.00458	0	7.79277399546023e-06	0.999011808848301
rs8137373	-24.4	0.478	AA/GG	1	0.00495	0	7.26366486954598e-06	0.999190523738845
rs2235845	-24.3	0.467	AG/GT	1	0.00474	0	7.55422084100207e-06	0.999057633826957
rs5758301	-21.2	0.463	AC/GT	1	0.00465	0	7.68646391628075e-06	0.999027211834864
rs138818147	-20.3	0.138	AA/GG	1	0.51	NA	NA	NA
rs4822022	-19.7	0.474	AG/GA	1	0.00452	0	7.88641689929581e-06	0.998972736486579
rs5751080	-17.3	0.467	AG/GA	1	0.00474	0	7.55422084100207e-06	0.999050079606116
rs1883828	-14.2	0.307	AC/GT	1	0.0101	NA	NA	NA
rs2235846	-12.6	0.46	AC/GG	1	0.00435	0	8.16522054661715e-06	0.998803652074457
rs4822023	-12.1	0.49	AA/GG	1	0.00494	0	7.27696187316706e-06	0.999175996409106
rs5751081	-10.8	0.463	AT/GA	1	0.00432	0	8.21661156379622e-06	0.998738296201344
rs2281331	-8.25	0.313	AG/GA	1	0.0074	NA	NA	NA
rs4239894	-8.06	0.544	AG/GC	1	0.001	0	3.14330435802476e-05	0.997759576055624
rs2281332	-7.39	0.467	AC/GT	1	0.0039	0	9.01577176579135e-06	0.998532940731354
rs3817999	-5.89	0.528	AA/GG	1	0.00111	0	2.8539926129377e-05	0.997788115981753
rs2281333	-3.97	0.545	AC/GT	1	0.00077	0	4.00516711626455e-05	0.997577535357716
rs7290404	-3.81	0.576	AT/GC	1	0.000839	0	3.69856927007777e-05	0.997692150873528
rs5758307	-3.38	0.545	AG/GA	1	0.000818	0	3.78657244805926e-05	0.997655165180827
rs9611560	-2.98	0.139	AC/GT	1	0.329	NA	NA	NA
rs12484074	-0.856	0.572	AA/GG	1	0.000864	0	3.59921385160182e-05	0.997728143012044
rs1109151	-0.659	0.519	AG/GA	1	0.00118	0	2.69713997979184e-05	0.997815087381551
rs28638318	-0.544	0.549	AA/GG	1	0.00339	0	1.02412588195899e-05	0.998438911777959
rs5751084	1.5	0.437	AG/GA	1	0.000776	0	3.97640986305394e-05	0.997617299456346
rs56021266	2.97	0.393	AT/GC	1	0.475	NA	NA	NA
rs6002351	3.62	0.541	AT/GC	1	0.000685	0	4.4649026466348e-05	0.997453938390081
rs9611561	3.63	0.572	AG/GC	1	0.000745	0	4.12981896364756e-05	0.997537483686553
rs4822024	4.04	0.554	AA/GG	1	0.000727	0	4.22471068359665e-05	0.997496185496917
rs117079136	4.17	0.107	AA/GC	1	0.492	NA	NA	NA
rs5758311	5.77	0.54	AT/GG	1	0.000609	0	4.98096537233324e-05	0.997364273700637
rs9607798	6.38	0.558	AG/GA	1	0.000589	0	5.13820491733755e-05	0.997314464046914
rs4820437	7.69	0.541	AC/GT	1	0.000679	0	4.50156629772005e-05	0.997409289363614
rs5758314	8.92	0.494	AG/GT	1	0.00302	0	1.13787716728364e-05	0.998364127502299
rs4820438	13.5	0.558	AT/GC	1	0.00043	0	6.88981316515027e-05	0.99726308199774
rs9611565	13.9	0.506	AC/GT	1	0.00168	0	1.94734500537181e-05	0.998041871611566
rs9611566	15	0.559	AT/GC	1	0.000428	0	6.91986847511473e-05	0.997194183866089
rs5751086	15.3	0.467	AT/GC	1	0.00333	0	1.04091553770232e-05	0.998418401676468
rs9611567	16.2	0.513	AG/GA	1	0.00575	0	6.34451222177475e-06	0.999380250132209
rs7287294	21.9	0.251	AA/GG	1	0.00338	NA	NA	NA
rs4822025	23	0.567	AC/GG	1	0.00257	0	1.31854675820237e-05	0.998303731712006
rs2234052	23.6	0.572	AG/GA	1	0.00242	0	1.39312401151896e-05	0.998235747210381
rs9607799	24	0.572	AG/GA	1	0.00223	0	1.50145072561553e-05	0.998120948285917
rs2234058	24.3	0.572	AA/GG	1	0.00211	0	1.57954893432833e-05	0.998075142315991
rs2234059	24.3	0.572	AC/GT	1	0.00234	0	1.43666542366542e-05	0.998193470504561
rs73176684	25	0.101	AC/GT	1	0.349	NA	NA	NA
rs3788584	25.5	0.572	AA/GT	1	0.00233	0	1.44231089986077e-05	0.998179103850324
rs767593	26.4	0.577	AT/GG	1	0.00238	0	1.41454159507943e-05	0.998221815970266
rs73176686	28.5	0.563	AT/GC	1	0.00245	0	1.37750393208589e-05	0.998263401009373
rs73176687	28.8	0.563	AA/GC	1	0.00248	0	1.36224867296348e-05	0.998277023496102
rs111763257	28.8	0.563	AA/GG	1	0.00281	0	1.21524338281502e-05	0.99834133547989
rs73176689	29	0.563	AC/GT	1	0.00277	0	1.2312607400184e-05	0.998329183046061
rs11546403	30.1	0.507	AT/GC	1	0.00934	0	4.10576249586448e-06	0.999670239824474
rs9607800	31	0.511	AG/GA	1	0.00914	0	4.18584528289413e-06	0.999649556374639
rs9611571	31.3	0.511	AA/GG	1	0.0102	0	3.7957850905145e-06	0.999705949945757
rs9611572	31.7	0.511	AA/GG	1	0.00888	0	4.29511549767219e-06	0.999636898191146
rs73176692	32.1	0.511	AA/GG	1	0.0089	0	4.28649292729576e-06	0.999641184684073
rs28604950	32.2	0.508	AG/GA	1	0.00864	0	4.40156860970621e-06	0.999628210594096
rs4822027	32.6	0.563	AA/GG	1	0.00243	0	1.38787596704949e-05	0.998249625970052
rs73176694	33.2	0.511	AT/GC	1	0.00866	0	4.39248155230692e-06	0.999632603075648
rs9611573	34.1	0.511	AC/GG	1	0.00922	0	4.15341266994391e-06	0.999653709787309
rs4822028	35.8	0.511	AG/GA	1	0.0095	0	4.04402439433414e-06	0.99967838178352
rs17365991	36.6	0.119	AA/GG	1	0.00647	NA	NA	NA
rs60119330	37.4	0.507	AC/GT	1	0.00922	0	4.15341266994391e-06	0.999657863199979
rs74484224	37.6	0.508	AA/GG	1	0.0085	0	4.46632533824813e-06	0.999623809025487
rs2073167	37.9	0.219	AT/GC	1	0.025	NA	NA	NA
rs9611577	39.5	0.508	AG/GT	1	0.00839	0	4.51865832318456e-06	0.999614866956556
rs132901	43.9	0.556	AC/GT	1	0.00237	0	1.42000497541661e-05	0.998207670554315
rs132902	44.2	0.556	AG/GA	1	0.00227	0	1.47719129327558e-05	0.998135720198849
rs202645	44.9	0.523	AA/GG	1	0.00382	0	9.18713929449917e-06	0.9985148457245
rs132904	45.3	0.471	AG/GC	1	0.0157	0	2.59129996855974e-06	0.999765692402696
rs132905	45.5	0.471	AC/GA	1	0.0153	0	2.65082667628206e-06	0.999760495194479
rs132906	46.2	0.435	AG/GC	1	0.0062	0	5.92804451545464e-06	0.999454259989872
rs75784	46.2	0.471	AG/GT	1	0.0163	0	2.50724932342189e-06	0.999778338553016
rs169364	47.1	0.471	AC/GT	1	0.0166	0	2.46740203995375e-06	0.999788261137158
rs9611579	47.3	0.183	AG/GA	1	0.0431	NA	NA	NA
rs132907	47.7	0.471	AA/GC	1	0.0165	0	2.48053073872297e-06	0.999783326333078
rs6002372	47.7	0.471	AA/GT	1	0.0166	0	2.46740203995375e-06	0.999790728539198
rs132908	48.2	0.471	AG/GA	1	0.0149	0	2.71340271903668e-06	0.999755178192134
rs132909	48.4	0.471	AG/GA	1	0.0168	0	2.4415924818899e-06	0.999795637533719
rs75804965	48.8	0.154	AC/GT	1	0.00107	NA	NA	NA
rs5751094	49.7	0.471	AC/GT	1	0.0166	0	2.46740203995375e-06	0.999785793735118
rs132911	50.6	0.471	AC/GT	1	0.0161	0	2.53460137926221e-06	0.999770789614208
rs132912	50.6	0.471	AA/GG	1	0.0159	0	2.56261013244491e-06	0.999768255012829
rs132914	52.1	0.471	AT/GC	1	0.0173	0	2.37956346738207e-06	0.999812491436839
rs132915	52.2	0.471	AT/GC	1	0.0163	0	2.50724932342189e-06	0.999780845802339
rs132916	53.2	0.451	AC/GG	1	0.00956	0	4.02138329134708e-06	0.999682403166811
rs132917	53.3	0.471	AT/GC	1	0.0162	0	2.52084474215912e-06	0.99977331045895
rs132918	54.7	0.471	AC/GT	1	0.0173	0	2.37956346738207e-06	0.999810111873372
rs202634	56	0.464	AA/GG	1	0.0152	0	2.66617566914878e-06	0.999757844367803
rs202635	56	0.471	AC/GT	1	0.0172	0	2.39169381200116e-06	0.999807732309904
rs132920	56.6	0.474	AT/GC	1	0.0162	0	2.52084474215912e-06	0.999775831303692
rs202659	58	0.474	AT/GC	1	0.0181	0	2.28713245392571e-06	0.999819478231467
rs132921	58.4	0.474	AG/GA	1	0.0176	0	2.34396227975628e-06	0.999817191099013
rs132922	58.5	0.474	AG/GA	1	0.0169	0	2.42890646935072e-06	0.999798066440189
rs202661	58.8	0.474	AA/GG	1	0.0175	0	2.35569989478686e-06	0.999814847136734
rs202662	59.2	0.474	AC/GT	1	0.0185	0	2.24378126065742e-06	0.999824009145182
rs202663	59.2	0.474	AT/GC	1	0.0169	0	2.42890646935072e-06	0.999802924253127
rs202664	60.3	0.527	AC/GT	1	0.00421	0	8.41107121448991e-06	0.998672055106627
rs75208280	60.5	0.154	AT/GC	1	0.00107	NA	NA	NA
rs202665	60.8	0.527	AA/GG	1	0.0041	0	8.61556362312351e-06	0.998629761853585
rs202666	61.1	0.527	AT/GC	1	0.00401	0	8.79090094807819e-06	0.998577545707132
rs2899345	62	0.2	AT/GC	1	0.0158	NA	NA	NA
rs5758341	62.3	0.218	AC/GT	1	0.0177	NA	NA	NA
rs5758342	62.4	0.221	AG/GA	1	0.0198	NA	NA	NA
rs5758343	63	0.522	AA/GT	1	0.00452	0	7.88641689929581e-06	0.99896485006968
rs5758344	64.1	0.522	AG/GA	1	0.00449	0	7.93414099232217e-06	0.99895696365278
rs5758345	64.3	0.522	AA/GG	1	0.00436	0	8.14824146477205e-06	0.998868939880666
rs2413643	64.6	0.522	AA/GG	1	0.00425	0	8.33923781999947e-06	0.998688787334449
rs2413644	64.7	0.522	AA/GG	1	0.00403	0	8.75128568109883e-06	0.998603799564176
rs420071	66.1	0.498	AT/GC	1	0.00381	0	9.20904731414955e-06	0.998505658585205
rs12165508	66.4	0.472	AT/GC	1	0.00125	0	2.55732269512687e-05	0.997866617593242
rs2142505	66.9	0.522	AA/GG	1	0.0042	0	8.42923528835248e-06	0.998663644035413
rs5758347	67.4	0.522	AG/GT	1	0.00555	0	6.55039722315621e-06	0.999322128958794
rs6002378	67.6	0.522	AT/GC	1	0.00436	0	8.14824146477205e-06	0.998860791639202
rs6002379	67.6	0.498	AG/GA	1	0.0038	0	9.23106635566384e-06	0.998496449537891
rs6002380	67.8	0.522	AC/GT	1	0.00435	0	8.16522054661715e-06	0.99881998251555
rs6002381	67.9	0.522	AT/GC	1	0.00434	0	8.18227491671726e-06	0.998754660751177
rs202613	68.4	0.522	AC/GA	1	0.00435	0	8.16522054661715e-06	0.998779156412817
rs202614	68.5	0.522	AA/GC	1	0.00435	0	8.16522054661715e-06	0.998762825971724
rs202616	68.6	0.522	AC/GG	1	0.00447	0	7.96629939727138e-06	0.998925178885737
rs188057	68.7	0.522	AT/GG	1	0.00435	0	8.16522054661715e-06	0.998770991192271
rs202617	69.2	0.522	AG/GA	1	0.00434	0	8.18227491671726e-06	0.998746478476261
rs202618	69.3	0.518	AA/GG	1	0.00435	0	8.16522054661715e-06	0.998828147736097
rs202619	70	0.522	AT/GC	1	0.00435	0	8.16522054661715e-06	0.998811817295004
rs9611588	70.2	0.212	AG/GA	1	0.0123	NA	NA	NA
rs202620	71.2	0.522	AT/GC	1	0.00435	0	8.16522054661715e-06	0.998795486853911
rs202622	71.7	0.522	AT/GG	1	0.00445	0	7.99873588268867e-06	0.998909230103688
rs9611589	72.5	0.212	AC/GT	1	0.0126	NA	NA	NA
rs202623	72.8	0.522	AT/GC	1	0.00435	0	8.16522054661715e-06	0.998852643397737
rs202624	73.2	0.522	AG/GA	1	0.00435	0	8.16522054661715e-06	0.99884447817719
rs202625	73.5	0.522	AG/GA	1	0.00435	0	8.16522054661715e-06	0.998836312956644
rs169362	74	0.472	AG/GC	1	0.0013	0	2.46638721888509e-05	0.99789128146543
rs5751101	74.5	0.517	AC/GT	1	0.00441	0	8.06445786947824e-06	0.998893199913679
rs7285041	75.5	0.522	AG/GT	1	0.0043	0	8.25125553692264e-06	0.998713629083343
rs6609	76.2	0.522	AC/GG	1	0.00446	0	7.98248265161358e-06	0.998917212586339
rs9611591	76.6	0.472	AG/GA	1	0.00154	0	2.10972479119291e-05	0.99798175115423
rs41276317	77.3	0.154	AT/GC	1	0.00134	NA	NA	NA
rs202641	79.5	0.493	AC/GT	1	0.00477	0	7.51120694426691e-06	0.999087721552617
rs202642	79.9	0.498	AC/GT	1	0.00465	0	7.68646391628075e-06	0.99903489829878
rs2011790	81.8	0.522	AG/GA	1	0.00483	0	7.4267215790878e-06	0.999102616984524
rs79005	81.9	0.498	AG/GA	1	0.00463	0	7.71652264636343e-06	0.999019525370947
rs202650	83.9	0.498	AG/GC	1	0.00432	0	8.21661156379622e-06	0.99873007958978
rs202652	85.2	0.498	AA/GG	1	0.00448	0	7.95018566204416e-06	0.998941095370796
rs169365	86.1	0.517	AG/GA	1	0.00431	0	8.23389487347679e-06	0.998721862978217
rs202653	86.6	0.498	AC/GT	1	0.00435	0	8.16522054661715e-06	0.998787321633364
rs106860	86.8	0.522	AT/GC	1	0.00443	0	8.0314541258187e-06	0.998901231367805
rs202654	87.4	0.472	AG/GA	1	0.00131	0	2.44900659284143e-05	0.997915771531359
rs202656	88.6	0.522	AT/GA	1	0.00455	0	7.83929844154309e-06	0.998980575785021
rs202657	91.2	0.507	AG/GT	1	0.00419	0	8.44748280305276e-06	0.998655214800124
rs202626	93.6	0.498	AC/GA	1	0.00392	0	8.97398259799992e-06	0.998550909539682
rs202627	93.8	0.498	AA/GT	1	0.00422	0	8.3929900020725e-06	0.998680448096629
rs202628	95.9	0.498	AG/GA	1	0.00409	0	8.63467864472538e-06	0.998621146289962
rs202629	96.4	0.493	AC/GT	1	0.00405	0	8.71204714131297e-06	0.998612511611317
rs202630	96.6	0.502	AC/GT	1	0.00346	0	1.00524754934117e-05	0.998448964253453
rs79008	96.9	0.502	AA/GG	1	0.00368	0	9.50427622610006e-06	0.998477920673295
rs202636	98.9	0.502	AT/GC	1	0.0035	0	9.94786738970792e-06	0.998458912120842
rs8136635	99	0.21	AG/GA	1	0.0104	NA	NA	NA
rs202637	100	0.474	AA/GG	1	0.0484	0	9.82257005026889e-07	1
rs9607805	101	0.71	AC/GT	1	8.43e-07	1	0.0259150287422993	0.610056091910348
rs202638	102	0.486	AA/GG	1	0.00136	0	2.365816027021e-05	0.997939429691629
rs202639	103	0.502	AT/GA	1	0.00377	0	9.29779824092417e-06	0.998487218471536
rs5751107	104	0.518	AA/GG	1	0.00476	0	7.52548696273879e-06	0.999072699138729
rs5751108	104	0.522	AT/GC	1	0.00457	0	7.80821684801505e-06	0.99899622330031
rs5758365	105	0.502	AA/GG	1	0.00387	0	9.07923508854719e-06	0.998523924959588
rs6002385	106	0.522	AT/GC	1	0.00475	0	7.53982480921582e-06	0.999065173651766
rs6002386	106	0.502	AA/GG	1	0.0033	0	1.049530877508e-05	0.998407992521091
rs79009	107	0.502	AC/GA	1	0.00391	0	8.99482572991162e-06	0.998541935557084
rs5758368	109	0.498	AT/GC	1	0.00403	0	8.75128568109883e-06	0.998595048278494
rs202631	110	0.498	AA/GG	1	0.00403	0	8.75128568109883e-06	0.998586296992813
rs505533	111	0.472	AA/GC	1	0.00123	0	2.59569847390786e-05	0.99784104436629
rs19573	112	0.498	AC/GA	1	0.00392	0	8.97398259799992e-06	0.99855988352228
rs79011	113	0.498	AA/GG	1	0.00416	0	8.50273186826337e-06	0.998638264585453
rs727563	114	0.472	AC/GT	1	0.00338	0	1.02688426716152e-05	0.99842867051914
rs9611598	118	0.102	AA/GG	1	0.79	NA	NA	NA
rs169361	124	0.502	AA/GG	1	0.0044	0	8.08106799192859e-06	0.99888513545581
rs146585608	146	0.154	AT/GC	1	0.000834	NA	NA	NA
rs137830	149	0.48	AC/GT	1	0.00397	0	8.87128390402433e-06	0.998568754806184
rs2076199	150	0.465	AT/GG	1	0.00156	0	2.08480376406931e-05	0.998002599191871
rs137831	150	0.473	AC/GA	1	0.00153	0	2.12242146892498e-05	0.997960653906318
rs2413646	153	0.499	AT/GC	1	0.0055	0	6.60411531099131e-06	0.999315578561571
rs2413647	154	0.489	AA/GG	1	0.00504	0	7.14627629204941e-06	0.999219290344886
rs9611602	155	0.489	AC/GT	1	0.00528	0	6.85207834399135e-06	0.999275305038919
rs1569516	157	0.489	AT/GC	1	0.00495	0	7.26366486954598e-06	0.999183260073976
rs1799932	158	0.207	AC/GT	1	0.0148	NA	NA	NA
rs9611603	159	0.489	AG/GA	1	0.0053	0	6.82871892028594e-06	0.99928896247676
rs9619974	160	0.207	AC/GT	1	0.014	NA	NA	NA
rs203320	160	0.473	AC/GT	1	0.00233	0	1.44231089986077e-05	0.998164680741326
rs17367716	160	0.489	AG/GA	1	0.00496	0	7.25041943084416e-06	0.999197774158276
rs203319	161	0.465	AT/GC	1	0.00215	0	1.55258114454674e-05	0.998090668127437
rs203318	161	0.465	AG/GT	1	0.00219	0	1.52656512238983e-05	0.99810593377866
rs11090049	162	0.492	AT/GC	1	0.00601	0	6.0965771542088e-06	0.999436309668403
rs9611604	162	0.495	AG/GC	1	0.00556	0	6.53976504970403e-06	0.999328668723844
rs12484694	166	0.489	AG/GA	1	0.00492	0	7.30371180277969e-06	0.999146888561613
rs73178621	168	0.489	AG/GA	1	0.00494	0	7.27696187316706e-06	0.999154165523487
rs17367849	170	0.489	AA/GG	1	0.00562	0	6.47673585867309e-06	0.99935468024612
rs4822032	172	0.461	AC/GT	1	0.00231	0	1.45374334778805e-05	0.998150257632327
rs1810460	174	0.489	AT/GC	1	0.00494	0	7.27696187316706e-06	0.99916144248536
rs1810461	174	0.489	AA/GG	1	0.00494	0	7.27696187316706e-06	0.999168719447233
rs73178625	175	0.489	AC/GG	1	0.00488	0	7.35784408321905e-06	0.999139584849811
rs73178626	175	0.489	AG/GT	1	0.00477	0	7.51120694426691e-06	0.999080210345673
rs2076198	176	0.211	AT/GG	1	0.0184	NA	NA	NA
rs4822033	176	0.484	AG/GT	1	0.00505	0	7.13348154654178e-06	0.999226423826433
rs4822034	177	0.484	AC/GT	1	0.00486	0	7.3852315144132e-06	0.999132227005727
rs9611606	177	0.484	AG/GA	1	0.00455	0	7.83929844154309e-06	0.998988415083462
rs116959331	179	0.484	AG/GA	1	0.0053	0	6.82871892028594e-06	0.999282133757839
rs56319767	180	0.484	AA/GG	1	0.00514	0	7.02048399246549e-06	0.99924758552985
rs73178632	181	0.484	AT/GC	1	0.00506	0	7.12073543244552e-06	0.999233544561865
rs28530678	181	0.486	AC/GG	1	0.00613	0	5.98896781287439e-06	0.999448331945356
rs169407	181	0.132	AA/GG	1	0.0583	NA	NA	NA
rs12483991	182	0.466	AG/GA	1	0.00189	0	1.74752150817373e-05	0.998059346826648
rs12483998	182	0.484	AG/GA	1	0.00449	0	7.93414099232217e-06	0.998949029511788
rs4822035	182	0.489	AA/GG	1	0.00515	0	7.00816317660565e-06	0.999254593693027
rs4822036	182	0.489	AG/GA	1	0.00517	0	6.98365903777326e-06	0.999261577352065
rs12483786	185	0.484	AG/GA	1	0.00501	0	7.1849551592132e-06	0.999212144068594
rs12484228	186	0.484	AG/GA	1	0.00514	0	7.02048399246549e-06	0.999240565045858
rs9607812	188	0.484	AA/GG	1	0.00848	0	4.47574359255983e-06	0.999619342700148
rs9607813	188	0.484	AA/GG	1	0.0048	0	7.46871032774991e-06	0.999095190262945
rs5758389	188	0.462	AC/GT	1	0.00165	0	1.97989696413053e-05	0.998022398161512
rs73178638	189	0.481	AC/GT	1	0.00469	0	7.62708649486574e-06	0.999042525385275
rs56904812	190	0.484	AT/GC	1	0.00458	0	7.79277399546023e-06	0.999004016074306
rs4822037	192	0.484	AT/GG	1	0.00425	0	8.33923781999947e-06	0.998697126572269
rs9611609	192	0.484	AA/GC	1	0.0043	0	8.25125553692264e-06	0.998705377827806
rs9611610	196	0.489	AG/GA	1	0.00312	0	1.10457088901543e-05	0.998386483680892
rs9611611	197	0.489	AT/GC	1	0.00313	0	1.10135314244459e-05	0.998397497212316
rs76930421	197	0.489	AC/GT	1	0.00304	0	1.13104697023508e-05	0.998375437972001
rs9607815	197	0.489	AT/GA	1	0.00301	0	1.14132507365911e-05	0.998352748730626
rs9607816	197	0.48	AA/GG	1	0.0025	0	1.35227483218474e-05	0.998290546244424
rs56364401	198	0.483	AG/GT	1	0.00258	0	1.31387266552149e-05	0.998316870438661
rs73178641	198	0.489	AT/GA	1	0.00416	0	8.50273186826337e-06	0.998646767317321
rs12484175	200	0.489	AC/GA	1	0.00438	0	8.11450715123989e-06	0.998877054387818
rs1972057	201	0.48	AG/GA	1	0.00368	0	9.50427622610006e-06	0.998468416397069
rs12484722	201	0.494	AC/GT	1	0.00486	0	7.3852315144132e-06	0.999124841774213
rs41281291	203	0.15	AA/GG	1	0.00186	NA	NA	NA
rs12484467	204	0.412	AC/GT	1	0.0169	0	2.42890646935072e-06	0.999800495346658
rs4822038	205	0.423	AA/GG	1	0.0181	0	2.28713245392571e-06	0.999821765363921
rs143096365	207	0.142	AC/GT	1	0.00176	NA	NA	NA
rs9611613	208	0.406	AC/GT	1	0.00827	0	4.57727036433473e-06	0.999601203650597
rs12483860	208	0.406	AT/GC	1	0.00828	0	4.57232381781012e-06	0.999610348298232
rs12484254	208	0.406	AA/GT	1	0.00824	0	4.59217907287557e-06	0.999596626380233
rs6002402	209	0.422	AG/GC	1	0.017	0	2.41636296469582e-06	0.999805340616092
rs9611615	209	0.406	AC/GT	1	0.00806	0	4.68386484546077e-06	0.99959203420116
rs4822040	210	0.406	AG/GC	1	0.0075	0	4.99604151446623e-06	0.999568176108134
rs73178647	211	0.413	AA/GG	1	0.0234	0	1.82824858296888e-06	0.999844174669218
rs7290990	211	0.406	AA/GC	1	0.00963	0	3.99531040355836e-06	0.999690412373862
rs7290991	211	0.406	AG/GC	1	0.0104	0	3.73074735178533e-06	0.999717174404339
rs6002406	212	0.413	AT/GA	1	0.0185	0	2.24378126065742e-06	0.999826252926443
rs5996037	212	0.406	AG/GA	1	0.00795	0	4.74185384563182e-06	0.999587350336314
rs5996038	212	0.406	AC/GT	1	0.0079	0	4.76872431578677e-06	0.999582608482469
rs2064164	213	0.415	AA/GC	1	0.00664	0	5.57340031013494e-06	0.999494336128868
rs6002408	214	0.393	AT/GC	1	0.0127	NA	NA	NA
rs78404259	217	0.137	AA/GG	1	0.0375	NA	NA	NA
rs1006407	218	0.419	AC/GT	1	0.0214	0	1.97592467919469e-06	0.999836660768997
rs4822043	223	0.402	AC/GT	1	0.00828	0	4.57232381781012e-06	0.999605775974415
rs4822044	226	0.422	AC/GG	1	0.0241	0	1.78209086302811e-06	0.999851354888239
rs4481089	227	0.411	AC/GT	1	0.00914	0	4.18584528289413e-06	0.999645370529356
rs5996039	228	0.407	AG/GA	1	0.00929	0	4.12547337599456e-06	0.999666134061978
rs9611618	229	0.403	AT/GA	1	0.00681	0	5.44818218217775e-06	0.999505246912264
rs9607821	230	0.132	AC/GT	1	0.0299	NA	NA	NA
rs2076200	232	0.437	AT/GG	1	0.0247	0	1.74451249857873e-06	0.999858395128105
rs4822045	232	0.437	AA/GC	1	0.0257	0	1.68560028747697e-06	0.999889204427849
rs9611619	233	0.437	AT/GC	1	0.027	0	1.61523766647708e-06	0.999915597000805
rs4822046	234	0.427	AA/GG	1	0.0243	0	1.76936843225041e-06	0.999854899961288
rs57102627	234	0.411	AC/GT	1	0.00924	0	4.14538862299483e-06	0.999662008588602
rs62236532	234	0.134	AA/GT	1	0.0319	NA	NA	NA
rs4822047	234	0.364	AA/GC	1	0.031	NA	NA	NA
rs12628667	235	0.134	AG/GC	1	0.0306	NA	NA	NA
rs28750375	237	0.411	AC/GA	1	0.00936	0	4.09793465176202e-06	0.999674337759126
rs4822049	240	0.437	AA/GG	1	0.0267	0	1.63089620039584e-06	0.999909099587684
rs8139993	242	0.411	AC/GT	1	0.0104	0	3.73074735178533e-06	0.999724635899042
rs148894219	243	0.437	AT/GC	1	0.026	0	1.66876864894363e-06	0.999895901903391
rs80477	248	0.418	AC/GT	1	0.0103	0	3.76296387780031e-06	0.999709712909635
rs132761	251	0.427	AC/GT	1	0.0253	0	1.7086330941766e-06	0.999875581687633
rs132765	254	0.433	AA/GG	1	0.0254	0	1.70281016156199e-06	0.999882410397077
rs132767	256	0.423	AT/GC	1	0.0252	0	1.71450001133821e-06	0.999873873054539
rs132768	260	0.423	AC/GA	1	0.0253	0	1.7086330941766e-06	0.999880707586915
rs5751129	262	0.407	AC/GT	1	0.01	0	3.8633121986584e-06	0.999702154160667
rs2267437	263	0.135	AC/GG	1	0.0253	NA	NA	NA
rs132770	264	0.423	AA/GG	1	0.0397	0	1.16114501345502e-06	0.999999017742995
rs5758397	266	0.423	AC/GT	1	0.0252	0	1.71450001133821e-06	0.999868729554505
rs13055759	268	0.423	AC/GG	1	0.0268	0	1.625639626854e-06	0.999913981763139
rs132771	272	0.423	AA/GG	1	0.0251	0	1.72041142305745e-06	0.99986529464307
rs132773	278	0.423	AT/GA	1	0.0254	0	1.70281016156199e-06	0.999884113207238
rs132774	278	0.407	AC/GG	1	0.00968	0	3.97690814825047e-06	0.99969438928201
rs132776	283	0.428	AT/GC	1	0.0254	0	1.70281016156199e-06	0.999887518827562
rs132779	285	0.423	AA/GG	1	0.0252	0	1.71450001133821e-06	0.999870444054516
rs9611636	288	0.4	AC/GA	1	0.0418	NA	NA	NA
rs132781	293	0.396	AT/GG	1	0.0157	NA	NA	NA
rs5751135	295	0.393	AT/GC	1	0.0155	NA	NA	NA
rs132784	299	0.393	AG/GA	1	0.0146	NA	NA	NA
rs132786	305	0.39	AG/GA	1	0.00611	NA	NA	NA
rs132787	305	0.39	AG/GA	1	0.00594	NA	NA	NA
rs28384790	307	0.12	AG/GC	1	0.00611	NA	NA	NA
rs132790	308	0.405	AC/GT	1	0.011	0	3.5492461920219e-06	0.999738950119293
rs34077262	308	0.411	AA/GG	1	0.00958	0	4.01389664730247e-06	0.999686417063459
rs132792	309	0.422	AC/GT	1	0.00686	0	5.41248779321046e-06	0.999521505732076
rs132793	310	0.435	AA/GG	1	0.0186	0	2.23322155021626e-06	0.999828486147993
rs132796	310	0.425	AA/GG	1	0.0288	0	1.52781865722241e-06	0.999950281997471
rs132797	311	0.425	AA/GG	1	0.0278	0	1.57505536950473e-06	0.999937896263522
rs132798	311	0.422	AG/GA	1	0.007	0	5.31514919148363e-06	0.999532205171183
rs132802	314	0.422	AG/GA	1	0.00715	0	5.21492128608313e-06	0.999542721640465
rs132803	315	0.407	AA/GG	1	0.0104	0	3.73074735178533e-06	0.99972090515169
rs132804	315	0.407	AG/GA	1	0.0107	0	3.63756067898584e-06	0.999728273459721
rs132805	315	0.425	AT/GC	1	0.0282	0	1.5557783276755e-06	0.999944133785324
rs8779	317	0.427	AT/GC	1	0.0259	0	1.67433795624187e-06	0.999892564366093
rs132807	318	0.422	AT/GC	1	0.0264	0	1.64689319525693e-06	0.999904190978539
rs1807497	319	0.407	AC/GA	1	0.011	0	3.5492461920219e-06	0.999735400873101
rs1811113	320	0.422	AC/GT	1	0.0273	0	1.59990676436932e-06	0.999922022071847
rs949438	320	0.422	AA/GC	1	0.033	0	1.35929499192233e-06	0.999989959046238
rs5758404	322	0.422	AG/GA	1	0.006	0	6.1057311853844e-06	0.999430213091249
rs5751136	322	0.424	AT/GA	1	0.0251	0	1.72041142305745e-06	0.999867015054493
rs5758406	323	0.404	AA/GG	1	0.0104	0	3.73074735178533e-06	0.999713443656987
rs5758407	323	0.407	AC/GT	1	0.0109	0	3.57816718799366e-06	0.999731851626909
rs5758408	324	0.425	AA/GC	1	0.0284	0	1.54633359686269e-06	0.999945680118921
rs5758409	324	0.426	AG/GA	1	0.00637	0	5.78544658534108e-06	0.999471757389361
rs6519270	325	0.41	AA/GG	1	0.0115	0	3.41187273719563e-06	0.999749404126447
rs148537066	326	0.138	AA/GG	1	0.0812	NA	NA	NA
rs5758411	326	0.427	AG/GA	1	0.00575	0	6.34451222177475e-06	0.999386594644431
rs2157287	327	0.408	AT/GC	1	0.00989	0	3.9015664575519e-06	0.999698290848468
rs5758412	327	0.427	AT/GA	1	0.0262	0	1.65775145971534e-06	0.999900897192148
rs5758414	327	0.427	AG/GA	1	0.00565	0	6.4457038264264e-06	0.999361125949947
rs13056262	328	0.427	AA/GG	1	0.036	0	1.26191312066325e-06	0.999996609434217
rs62236556	329	0.145	AG/GA	1	0.00596	NA	NA	NA
rs5758415	329	0.423	AT/GC	1	0.0267	0	1.63089620039584e-06	0.999910730483885
rs5758416	329	0.417	AT/GC	1	0.026	0	1.66876864894363e-06	0.999899239440688
rs10775759	335	0.408	AT/GC	1	0.011	0	3.5492461920219e-06	0.999742499365485
rs739134	336	0.405	AT/GC	1	0.0112	0	3.49288822466868e-06	0.99974599225371
rs739135	336	0.423	AA/GC	1	0.0297	0	1.48789633153552e-06	0.999971394039227
rs2187795	339	0.427	AC/GA	1	0.031	0	1.43412932625222e-06	0.999981579912638
rs11090056	342	0.416	AA/GC	1	0.00725	0	5.15031542749193e-06	0.999553060827886
rs2413652	344	0.423	AC/GT	1	0.00719	0	5.18887199329971e-06	0.999547910512458
rs8138780	344	0.423	AA/GT	1	0.0309	0	1.43811246002785e-06	0.999978711653985
rs5758426	345	0.403	AT/GG	1	0.0156	0	2.60590824823559e-06	0.999763101102728
rs5758427	346	0.405	AA/GG	1	0.013	0	3.06066296774904e-06	0.999752464789415
rs5751139	346	0.423	AG/GC	1	0.032	0	1.39560086916184e-06	0.999987207877658
rs739136	347	0.427	AA/GG	1	0.0332	0	1.35228338199935e-06	0.999992663613002
rs6002445	347	0.427	AA/GG	1	0.0332	0	1.35228338199935e-06	0.99999131132962
rs2097413	348	0.364	AG/GA	1	0.0629	NA	NA	NA
rs1988153	351	0.4	AA/GG	1	0.0128	NA	NA	NA
rs5758428	353	0.418	AG/GA	1	0.0333	0	1.34880759199774e-06	0.999994012420594
rs2413653	353	0.415	AT/GC	1	0.0294	0	1.50094546548881e-06	0.999963928515291
rs2413654	354	0.415	AT/GC	1	0.03	0	1.47509548165236e-06	0.999974348470001
rs5751141	354	0.415	AA/GG	1	0.031	0	1.43412932625222e-06	0.999980145783312
rs5758430	356	0.4	AG/GT	1	0.0134	NA	NA	NA
rs5758431	356	0.4	AA/GG	1	0.0127	NA	NA	NA
rs5758432	358	0.425	AT/GC	1	0.0317	0	1.40691676102085e-06	0.999984409154537
rs9306355	358	0.419	AA/GT	1	0.00702	0	5.30154799573587e-06	0.999537506719179
rs5758434	363	0.422	AG/GA	1	0.00683	0	5.43384422531854e-06	0.99951068075649
rs739129	365	0.425	AG/GA	1	0.0321	0	1.39187358758593e-06	0.999988599751246
rs62239561	367	0.136	AG/GA	1	0.00805	NA	NA	NA
rs2011053	368	0.422	AG/GA	1	0.00679	0	5.46260121428917e-06	0.999499798730082
rs55906525	368	0.132	AT/GG	1	0.00813	NA	NA	NA
rs1807669	369	0.419	AC/GT	1	0.00781	0	4.81792244242869e-06	0.999577839758153
rs739132	369	0.418	AA/GT	1	0.0337	0	1.33510050240639e-06	0.999995347521096
rs738422	370	0.419	AC/GT	1	0.00776	0	4.84572757589381e-06	0.99957302183571
rs2092274	370	0.4	AA/GG	1	0.0138	NA	NA	NA
rs5758436	371	0.418	AC/GT	1	0.0365	0	1.24716376478494e-06	0.999997856597982
rs2179332	373	0.133	AC/GG	1	0.00683	NA	NA	NA
rs2064189	374	0.415	AT/GC	1	0.00658	0	5.61907722365898e-06	0.999488762728558
rs5751144	374	0.419	AG/GA	1	0.0074	0	5.05655070676722e-06	0.99956318006662
rs2413656	376	0.422	AG/GT	1	0.00739	0	5.06268802746544e-06	0.999558123515913
rs2092275	376	0.418	AT/GC	1	0.026	0	1.66876864894363e-06	0.999894233134742
rs13054514	377	0.419	AA/GG	1	0.00625	0	5.88533067124995e-06	0.999460145320543
rs5758439	378	0.422	AC/GT	1	0.0254	0	1.70281016156199e-06	0.9998858160174
rs5758440	379	0.422	AT/GC	1	0.00589	0	6.20839537259767e-06	0.999411728325095
rs5758442	379	0.422	AT/GC	1	0.00589	0	6.20839537259767e-06	0.999417936720467
rs5758443	380	0.422	AG/GA	1	0.0253	0	1.7086330941766e-06	0.999878998953821
rs5751145	380	0.432	AC/GT	1	0.0272	0	1.60498131075702e-06	0.999920422165083
rs5758444	380	0.422	AT/GA	1	0.0278	0	1.57505536950473e-06	0.999936321208152
rs2899346	381	0.422	AT/GC	1	0.0266	0	1.63619037670244e-06	0.999907468691484
rs768414	382	0.419	AT/GC	1	0.025	0	1.72636784733114e-06	0.999860121495952
rs8141103	383	0.415	AT/GC	1	0.0257	0	1.68560028747697e-06	0.999890890028136
rs5758447	385	0.422	AG/GT	1	0.00651	0	5.67338831154238e-06	0.999483143651334
rs5751147	385	0.425	AG/GA	1	0.0297	0	1.48789633153552e-06	0.999969906142896
rs5751148	385	0.422	AA/GG	1	0.0274	0	1.59486746590875e-06	0.999925211806779
rs5751149	386	0.422	AA/GG	1	0.0271	0	1.6100914834913e-06	0.999917207092289
rs5758449	387	0.426	AC/GT	1	0.00686	0	5.41248779321046e-06	0.999516093244283
rs5996058	388	0.418	AA/GG	1	0.025	0	1.72636784733114e-06	0.9998618478638
rs5758450	388	0.422	AG/GA	1	0.0296	0	1.49221809429746e-06	0.999968418246564
rs964898	389	0.422	AT/GC	1	0.025	0	1.72636784733114e-06	0.999863574231647
rs964899	389	0.432	AG/GA	1	0.0268	0	1.625639626854e-06	0.999912356123512
rs1883368	390	0.422	AG/GA	1	0.00646	0	5.71287366198001e-06	0.999477470263023
rs1883369	390	0.418	AA/GG	1	0.0252	0	1.71450001133821e-06	0.999872158554527
rs5758452	391	0.426	AG/GA	1	0.0069	0	5.38428991553415e-06	0.999526890021992
rs1807725	394	0.418	AA/GG	1	0.0279	0	1.57018681962845e-06	0.999939466450341
rs715498	395	0.422	AG/GA	1	0.0299	0	1.47933529185516e-06	0.999972873374519
rs1534932	397	0.432	AC/GT	1	0.0313	0	1.42232513864992e-06	0.999983002237776
rs2050031	399	0.422	AA/GG	1	0.0265	0	1.64152256865518e-06	0.999905832501107
rs2050032	399	0.436	AC/GT	1	0.0166	0	2.46740203995375e-06	0.999793195941238
rs17377643	399	0.134	AA/GC	1	0.0173	NA	NA	NA
rs5751150	400	0.422	AT/GG	1	0.0291	0	1.51425032560452e-06	0.999960917783339
rs5758458	401	0.422	AG/GA	1	0.0303	0	1.4625357622265e-06	0.999977273541525
rs4401299	403	0.415	AA/GG	1	0.00593	0	6.17063959608841e-06	0.999424107360063
rs5758459	403	0.415	AT/GC	1	0.0277	0	1.57995735413179e-06	0.999934746152783
rs2899347	405	0.428	AT/GC	1	0.0303	0	1.4625357622265e-06	0.999975811005763
rs2050033	406	0.419	AG/GT	1	0.0274	0	1.59486746590875e-06	0.999923616939313
rs2064188	406	0.419	AC/GT	1	0.00583	0	6.26596200442144e-06	0.999405519929722
rs5758461	409	0.415	AG/GC	1	0.029	0	1.51874343668154e-06	0.999956370539251
rs2899348	411	0.418	AC/GG	1	0.0318	0	1.40312225160988e-06	0.999985812276789
rs2899349	411	0.415	AT/GC	1	0.0282	0	1.5557783276755e-06	0.999941022228669
rs2413659	411	0.407	AA/GG	1	0.00547	0	6.6367990960788e-06	0.999302370330949
rs1983576	413	0.415	AG/GA	1	0.0294	0	1.50094546548881e-06	0.999965429460756
rs5996062	414	0.415	AC/GG	1	0.029	0	1.51874343668154e-06	0.999957889282687
rs6002474	415	0.415	AA/GG	1	0.0289	0	1.52326611435141e-06	0.999951805263585
rs5996063	415	0.418	AG/GA	1	0.0282	0	1.5557783276755e-06	0.999942578006997
rs6519288	416	0.41	AG/GA	1	0.00559	0	6.50808791510399e-06	0.999348203510262
rs5751156	416	0.415	AA/GG	1	0.0289	0	1.52326611435141e-06	0.999954851795814
rs6519289	417	0.415	AA/GC	1	0.0291	0	1.51425032560452e-06	0.999959403533013
rs17377987	417	0.136	AG/GC	1	0.00122	NA	NA	NA
rs5758464	418	0.415	AT/GC	1	0.0285	0	1.54165852461755e-06	0.999947221777446
rs9623450	422	0.419	AG/GA	1	0.00575	0	6.34451222177475e-06	0.999392939156653
rs5758465	422	0.415	AT/GC	1	0.0287	0	1.53240136797424e-06	0.999948754178814
rs5751159	422	0.414	AG/GA	1	0.0055	0	6.60411531099131e-06	0.99930897444626
rs5751160	422	0.418	AA/GG	1	0.0271	0	1.6100914834913e-06	0.999918817183772
rs4822050	424	0.411	AC/GG	1	0.00574	0	6.35447889281569e-06	0.999373905619988
rs45500192	424	0.412	AG/GA	1	0.0232	0	1.84192339845575e-06	0.999842346420635
rs139540	424	0.412	AT/GC	1	0.00535	0	6.77105509321532e-06	0.999295733531853
rs126092	425	0.412	AA/GG	1	0.00558	0	6.51861058751816e-06	0.999335187334431
rs139545	428	0.418	AC/GT	1	0.026	0	1.66876864894363e-06	0.99989757067204
rs8137029	432	0.198	AC/GT	1	0.31	NA	NA	NA
rs9607841	433	0.412	AA/GG	1	0.0246	0	1.75065431836258e-06	0.999856650615607
rs9611667	433	0.425	AT/GC	1	0.0253	0	1.7086330941766e-06	0.999877290320727
rs139553	434	0.415	AT/GC	1	0.00608	0	6.03330914038704e-06	0.999442342977543
rs139559	438	0.411	AG/GA	1	0.00567	0	6.42519114793371e-06	0.999367551141095
rs73163343	439	0.415	AA/GG	1	0.0238	0	1.80155609021622e-06	0.999845976225308
rs9607842	439	0.415	AA/GG	1	0.0242	0	1.77570461702806e-06	0.999853130592856
rs4822052	440	0.397	AA/GG	1	0.00868	NA	NA	NA
rs4820443	440	0.419	AC/GT	1	0.0238	0	1.80155609021622e-06	0.999847777781398
rs139560	441	0.414	AG/GA	1	0.0225	0	1.89160689221761e-06	0.999840504497237
rs139561	442	0.419	AC/GT	1	0.0239	0	1.79501597740776e-06	0.999849572797376
rs139562	443	0.419	AC/GG	1	0.0264	0	1.64689319525693e-06	0.999902544085344
rs4239895	444	0.131	AC/GG	1	0.00959	NA	NA	NA
rs139564	445	0.422	AT/GC	1	0.0292	0	1.50978648651492e-06	0.999962427569825
rs139566	446	0.415	AG/GA	1	0.0295	0	1.49656771375779e-06	0.99996692602847
rs73163354	447	0.415	AG/GA	1	0.0274	0	1.59486746590875e-06	0.999929996409177
rs74705753	448	0.139	AG/GA	1	0.0888	NA	NA	NA
rs4820444	449	0.415	AA/GG	1	0.0276	0	1.584893125932e-06	0.999933166195429
rs112524762	449	0.415	AA/GG	1	0.0274	0	1.59486746590875e-06	0.999928401541711
rs9611671	451	0.415	AA/GG	1	0.0289	0	1.52326611435141e-06	0.9999533285297
rs4512	452	0.428	AC/GG	1	0.0274	0	1.59486746590875e-06	0.999926806674245
rs6002503	455	0.162	AG/GA	1	0.457	NA	NA	NA
rs9611672	456	0.415	AG/GA	1	0.0276	0	1.584893125932e-06	0.999931581302303
rs139568	457	0.169	AC/GT	1	0.302	NA	NA	NA
rs139569	458	0.378	AG/GA	1	0.00481	NA	NA	NA
rs4822053	459	0.355	AA/GC	1	0.0155	NA	NA	NA
rs139571	461	0.415	AA/GG	1	0.0213	0	1.98400107689853e-06	0.999834684844318
rs139572	461	0.41	AA/GG	1	0.0217	0	1.952121347078e-06	0.999838612890344
rs139573	461	0.41	AA/GG	1	0.0206	0	2.04262616596833e-06	0.999832700843241
rs4820446	462	0.41	AT/GC	1	0.0192	0	2.17206908239077e-06	0.999830658217075
rs7364123	463	0.358	AG/GA	1	0.0139	NA	NA	NA
rs56229399	465	0.164	AA/GG	1	0.347	NA	NA	NA
rs4822055	466	0.154	AC/GG	1	0.344	NA	NA	NA
rs4822056	466	0.154	AA/GG	1	0.337	NA	NA	NA
rs8137791	467	0.137	AA/GG	1	0.202	NA	NA	NA
rs8138849	467	0.116	AG/GT	1	0.436	NA	NA	NA
rs41281295	468	0.154	AT/GC	1	0.326	NA	NA	NA
rs41277466	468	0.154	AT/GC	1	0.318	NA	NA	NA
rs41277467	468	0.157	AT/GC	1	0.317	NA	NA	NA
rs77889640	471	0.138	AC/GG	1	0.291	NA	NA	NA
rs55760438	473	0.144	AA/GT	1	0.331	NA	NA	NA
rs57380124	473	0.135	AA/GG	1	0.285	NA	NA	NA
rs4822057	473	0.135	AG/GA	1	0.31	NA	NA	NA
rs4822058	473	0.135	AG/GA	1	0.306	NA	NA	NA
rs2006638	479	0.132	AT/GC	1	0.313	NA	NA	NA
rs76902725	479	0.115	AT/GC	1	0.773	NA	NA	NA
rs4822060	480	0.135	AA/GG	1	0.311	NA	NA	NA
rs7287010	481	0.115	AT/GC	1	0.0129	NA	NA	NA
rs7293096	482	0.135	AC/GT	1	0.311	NA	NA	NA
rs1124998	486	0.135	AT/GC	1	0.333	NA	NA	NA
rs7292219	491	0.133	AA/GG	1	0.29	NA	NA	NA
rs34587252	492	0.133	AA/GG	1	0.303	NA	NA	NA
rs67057013	498	0.135	AC/GT	1	0.448	NA	NA	NA
rs55834311	499	0.135	AG/GC	1	0.453	NA	NA	NA
rs7292386	499	0.135	AG/GA	1	0.437	NA	NA	NA
rs17002706	505	0.135	AG/GC	1	0.274	NA	NA	NA
rs2413662	507	0.135	AG/GC	1	0.267	NA	NA	NA
rs4820447	515	0.135	AT/GC	1	0.277	NA	NA	NA
rs4822061	517	0.135	AA/GC	1	0.27	NA	NA	NA
rs4822062	521	0.137	AA/GG	1	0.232	NA	NA	NA
rs73163396	524	0.149	AA/GC	1	0.277	NA	NA	NA
rs4822064	526	0.119	AC/GG	1	0.204	NA	NA	NA
rs8139212	573	0.138	AA/GG	1	0.385	NA	NA	NA
rs112045239	576	0.14	AA/GG	1	0.408	NA	NA	NA
rs6002545	580	0.125	AG/GC	1	0.442	NA	NA	NA
rs73432628	581	0.126	AT/GC	1	0.409	NA	NA	NA
rs8135804	581	0.126	AT/GC	1	0.411	NA	NA	NA
rs73165147	583	0.141	AG/GA	1	0.446	NA	NA	NA
rs12483944	583	0.126	AT/GC	1	0.415	NA	NA	NA
rs6002551	585	0.125	AA/GG	1	0.442	NA	NA	NA
rs3752592	589	0.126	AT/GG	1	0.432	NA	NA	NA
rs5996091	591	0.112	AG/GA	1	0.814	NA	NA	NA
rs8141722	591	0.109	AA/GG	1	0.808	NA	NA	NA
rs2157591	594	0.109	AC/GG	1	0.839	NA	NA	NA
rs4822070	598	0.1	AG/GA	1	0.615	NA	NA	NA
rs73417007	600	0.111	AG/GA	1	0.674	NA	NA	NA
rs67222508	602	0.101	AG/GC	1	0.693	NA	NA	NA
rs78863773	603	0.111	AT/GG	1	0.724	NA	NA	NA
