SNP	KB	R2	Alleles	F	P	inCredible	probNorm	cumSum
rs674094	0	1	A	1	7.29e-12	1	0.178983071885567	0.178983071885567
rs12364489	-336	0.11	AC/CT	1	0.208	NA	NA	NA
rs2649664	-304	0.102	AC/CT	1	0.0329	NA	NA	NA
rs2848627	-304	0.102	AT/CA	1	0.0339	NA	NA	NA
rs2509897	-303	0.103	AG/CC	1	0.0308	NA	NA	NA
rs28362947	-296	0.447	AG/CC	1	4.03e-05	0	5.23246779515804e-08	1
rs28362948	-296	0.447	AC/CA	1	3.81e-05	0	5.51881710615234e-08	0.999999839318397
rs11229063	-296	0.447	AA/CG	1	3.7e-05	0	5.6744594331395e-08	0.999999784130226
rs11820040	-295	0.447	AC/CT	1	3.69e-05	0	5.68905829858803e-08	0.999999727385631
rs78364821	-295	0.45	AT/CC	1	3.91e-05	0	5.38475497122847e-08	0.999999947675322
rs76525968	-294	0.447	AT/CG	1	3.59e-05	0	5.83941672524008e-08	0.999999555078127
rs144256346	-294	0.447	AT/CC	1	3.86e-05	0	5.45093755097702e-08	0.999999893827772
rs28362949	-293	0.45	AT/CG	1	3.65e-05	0	5.74823539331374e-08	0.999999670495048
rs28362950	-293	0.45	AA/CG	1	3.62e-05	0	5.79345680072848e-08	0.999999613012695
rs28362951	-293	0.45	AG/CA	1	3.45e-05	0	6.06421882156824e-08	0.999999496683959
rs11603020	-291	0.451	AC/CT	1	8.05e-06	0	2.42703860662522e-07	0.999996416403528
rs11229066	-290	0.451	AG/CC	1	8.24e-06	0	2.37351598941679e-07	0.999997138587124
rs11229067	-290	0.451	AT/CG	1	8.06e-06	0	2.42415998858339e-07	0.999996901235526
rs78624400	-290	0.451	AC/CG	1	8.64e-06	0	2.26838241157071e-07	0.99999806611867
rs138770460	-289	0.451	AA/CG	1	9e-06	0	2.18159783595824e-07	0.99999872747044
rs3824988	-287	0.451	AG/CA	1	8.76e-06	0	2.23867775076746e-07	0.999998289986445
rs10896631	-284	0.466	AC/CT	1	9.67e-06	0	2.03695796197752e-07	0.999998931166237
rs1557522	-284	0.106	AT/CC	1	0.00784	NA	NA	NA
rs4926	-283	0.466	AA/CG	1	1.72e-05	0	1.17587448526994e-07	0.999999436041771
rs11606677	-282	0.466	AA/CG	1	1e-05	0	1.97270309847345e-07	0.999999128436546
rs11606706	-282	0.466	AT/CG	1	1.04e-05	0	1.9001777607636e-07	0.999999318454323
rs112764194	-279	0.478	AT/CC	1	4.18e-06	0	4.54457703187438e-07	0.999994542254038
rs7117896	-277	0.471	AA/CG	1	4.86e-06	0	3.93352553975804e-07	0.999994935606592
rs11607122	-276	0.467	AA/CG	1	4.89e-06	0	3.91041019502973e-07	0.999995326647612
rs10896632	-275	0.478	AA/CG	1	3.43e-06	0	5.49313021704423e-07	0.999992522116235
rs11229075	-274	0.478	AC/CA	1	7.57e-06	0	2.57396953078874e-07	0.999995921710744
rs2511996	-274	0.113	AT/CC	1	0.00479	NA	NA	NA
rs2511994	-274	0.113	AA/CG	1	0.00508	NA	NA	NA
rs2511993	-273	0.113	AC/CT	1	0.00389	NA	NA	NA
rs2081362	-271	0.113	AT/CG	1	0.00406	NA	NA	NA
rs7102271	-269	0.474	AT/CG	1	8.06e-06	0	2.42415998858339e-07	0.999996658819527
rs112936078	-268	0.474	AG/CA	1	7.74e-06	0	2.51988923500141e-07	0.999996173699667
rs11229077	-266	0.478	AT/CC	1	8.39e-06	0	2.33293987876203e-07	0.999997606780961
rs11229078	-266	0.478	AC/CT	1	8.33e-06	0	2.3489984882453e-07	0.999997373486973
rs11229080	-266	0.478	AC/CT	1	8.42e-06	0	2.32499467816495e-07	0.999997839280429
rs73480556	-265	0.474	AC/CG	1	8.95e-06	0	2.19324211600284e-07	0.999998509310657
rs2926664	-265	0.115	AA/CG	1	0.00358	NA	NA	NA
rs1647396	-264	0.171	AA/CG	1	0.00112	NA	NA	NA
rs73480560	-264	0.485	AT/CC	1	5.7e-06	0	3.37666178712023e-07	0.999995664313791
rs1783826	-262	0.187	AG/CT	1	0.00107	NA	NA	NA
rs10750866	-261	0.584	AG/CA	1	2.06e-06	0	8.96046726020662e-07	0.999990831512711
rs731384	-257	0.623	AA/CG	1	3.53e-06	0	5.34382903779265e-07	0.999993056499139
rs1783827	-256	0.181	AA/CG	1	0.00615	NA	NA	NA
rs1647395	-256	0.631	AG/CC	1	3.19e-06	0	5.88888383641213e-07	0.999991420401095
rs55920079	-255	0.636	AC/CT	1	3.73e-06	0	5.0688096038656e-07	0.999994087796335
rs929934	-254	0.186	AC/CT	1	0.00486	NA	NA	NA
rs55649513	-254	0.636	AG/CC	1	3.6e-06	0	5.24416236218836e-07	0.999993580915375
rs1783828	-254	0.183	AC/CT	1	0.00536	NA	NA	NA
rs2081361	-254	0.636	AT/CC	1	3.41e-06	0	5.52402118484464e-07	0.999991972803213
rs1798177	-253	0.183	AT/CC	1	0.00553	NA	NA	NA
rs7947357	-251	0.186	AG/CA	1	0.00511	NA	NA	NA
rs1647394	-247	0.273	AT/CC	1	2.32e-05	NA	NA	NA
rs1783983	-245	0.274	AC/CT	1	1.83e-05	NA	NA	NA
rs1647397	-244	0.266	AA/CT	1	2.75e-05	NA	NA	NA
rs7117878	-244	0.815	AA/CC	1	4.26e-10	1	0.00334783083968206	0.973382919044101
rs1613592	-241	0.274	AT/CG	1	1.87e-05	NA	NA	NA
rs10896633	-241	0.815	AC/CT	1	4.14e-10	1	0.00344252024393363	0.970035088204419
rs11229087	-240	0.129	AC/CT	1	0.0851	NA	NA	NA
rs1647403	-239	0.272	AG/CC	1	2.47e-05	NA	NA	NA
rs1783984	-236	0.272	AT/CG	1	2.41e-05	NA	NA	NA
rs1798172	-235	0.274	AC/CT	1	2.36e-05	NA	NA	NA
rs1783985	-234	0.273	AA/CG	1	2.13e-05	NA	NA	NA
rs1267146	-233	0.142	AC/CT	1	0.0315	NA	NA	NA
rs1798173	-233	0.278	AC/CT	1	7.13e-05	NA	NA	NA
rs515939	-233	0.155	AG/CA	1	0.0248	NA	NA	NA
rs527528	-232	0.835	AT/CC	1	1.3e-10	1	0.0106719797299827	0.667181410012057
rs504921	-232	0.138	AT/CC	1	0.0123	NA	NA	NA
rs499188	-231	0.864	AA/CC	1	1.79e-10	1	0.00780731614956412	0.850994162047518
rs11601607	-230	0.207	AT/CG	1	0.457	NA	NA	NA
rs11602109	-230	0.873	AA/CG	1	1.13e-10	1	0.0122387372497242	0.578212369219838
rs503037	-229	0.137	AC/CT	1	0.0126	NA	NA	NA
rs1783818	-228	0.322	AT/CC	1	0.000208	NA	NA	NA
rs540234	-224	0.137	AG/CA	1	0.0132	NA	NA	NA
rs604344	-222	0.137	AC/CG	1	0.0104	NA	NA	NA
rs517638	-222	0.137	AC/CA	1	0.0108	NA	NA	NA
rs12805841	-221	0.877	AA/CG	1	1.34e-10	1	0.0103605217947353	0.687978580634883
rs1624389	-219	0.317	AG/CA	1	7.92e-05	NA	NA	NA
rs10896636	-217	0.837	AG/CC	1	7.66e-12	1	0.170507143312913	0.34949021519848
rs509564	-217	0.117	AC/CT	1	0.0607	NA	NA	NA
rs1783980	-217	0.317	AT/CC	1	8.32e-05	NA	NA	NA
rs1785498	-216	0.317	AG/CC	1	6.53e-05	NA	NA	NA
rs7124804	-216	0.302	AG/CA	1	0.000166	NA	NA	NA
rs669433	-216	0.137	AC/CT	1	0.0114	NA	NA	NA
rs488769	-215	0.825	AC/CA	1	2.65e-10	1	0.00532176686524557	0.951216282414077
rs1783981	-214	0.321	AC/CT	1	0.000248	NA	NA	NA
rs549279	-213	0.138	AG/CA	1	0.0116	NA	NA	NA
rs669950	-213	0.137	AT/CC	1	0.0116	NA	NA	NA
rs504311	-212	0.137	AC/CT	1	0.0102	NA	NA	NA
rs12362166	-212	0.877	AT/CC	1	1.37e-10	1	0.010138737838408	0.738966906328996
rs549022	-209	0.137	AC/CT	1	0.0104	NA	NA	NA
rs12801694	-205	0.136	AC/CT	1	0.0586	NA	NA	NA
rs1783976	-203	0.321	AC/CT	1	0.000117	NA	NA	NA
rs1783977	-203	0.317	AC/CT	1	7.67e-05	NA	NA	NA
rs79740710	-202	0.877	AT/CC	1	1.33e-10	1	0.0104366488280909	0.677618058840148
rs1783978	-202	0.322	AC/CT	1	0.00028	NA	NA	NA
rs12804972	-202	0.877	AC/CT	1	1.45e-10	1	0.00959171598113445	0.797853154860535
rs2926656	-200	0.873	AT/CC	1	1.38e-10	1	0.0100669297775351	0.749033836106531
rs11604333	-198	0.877	AG/CC	1	1.43e-10	1	0.00972279506545508	0.788261438879401
rs1783979	-197	0.317	AC/CT	1	7.97e-05	NA	NA	NA
rs1785499	-196	0.322	AG/CT	1	0.000214	NA	NA	NA
rs544446	-194	0.137	AT/CC	1	0.0127	NA	NA	NA
rs1783824	-192	0.322	AG/CA	1	0.000192	NA	NA	NA
rs61888873	-191	0.137	AG/CA	1	0.0127	NA	NA	NA
rs491719	-190	0.137	AG/CA	1	0.0127	NA	NA	NA
rs56406844	-188	0.157	AA/CC	1	0.00104	NA	NA	NA
rs1647405	-187	0.869	AT/CC	1	1.28e-10	1	0.0108349280141778	0.656509430282074
rs1424752	-185	0.137	AA/CC	1	0.0103	NA	NA	NA
rs1424753	-185	0.315	AC/CT	1	3.68e-05	NA	NA	NA
rs577741	-185	0.137	AC/CG	1	0.0125	NA	NA	NA
rs492131	-184	0.137	AC/CT	1	0.0125	NA	NA	NA
rs7116341	-184	0.877	AA/CG	1	1.41e-10	1	0.00985755181011527	0.758891387916646
rs523985	-184	0.137	AC/CG	1	0.0125	NA	NA	NA
rs480933	-177	0.137	AG/CA	1	0.0125	NA	NA	NA
rs71484461	-176	0.877	AA/CG	1	1.49e-10	1	0.0093400024850077	0.82618483149534
rs2956982	-175	0.322	AG/CA	1	0.000207	NA	NA	NA
rs11229109	-173	0.317	AA/CG	1	6.23e-05	NA	NA	NA
rs7938083	-172	0.877	AA/CC	1	1.42e-10	1	0.00978970408718427	0.778538643813946
rs36036499	-171	0.317	AT/CC	1	6.13e-05	NA	NA	NA
rs11607056	-169	0.873	AT/CC	1	1.34e-10	1	0.0103605217947353	0.698339102429618
rs11604325	-168	0.877	AA/CC	1	1.37e-10	1	0.010138737838408	0.71868943065218
rs7105506	-167	0.312	AG/CA	1	7.09e-05	NA	NA	NA
rs2847308	-167	0.873	AC/CT	1	1.27e-10	1	0.010918305748279	0.645674502267896
rs78459567	-167	0.161	AG/CA	1	0.0193	NA	NA	NA
rs547891	-166	0.873	AC/CT	1	1.36e-10	1	0.0102115903841534	0.708550692813772
rs7117020	-166	0.322	AT/CG	1	0.000215	NA	NA	NA
rs527140	-165	0.137	AA/CG	1	0.0119	NA	NA	NA
rs72928102	-165	0.137	AC/CT	1	0.0129	NA	NA	NA
rs2956981	-164	0.322	AC/CT	1	0.000221	NA	NA	NA
rs78224972	-163	0.137	AG/CA	1	0.0122	NA	NA	NA
rs12363024	-162	0.317	AG/CC	1	6.63e-05	NA	NA	NA
rs536673	-158	0.137	AG/CA	1	0.0128	NA	NA	NA
rs4827	-157	0.877	AT/CC	1	1.47e-10	1	0.00946416548931057	0.816844829010332
rs12146541	-157	0.877	AC/CG	1	1.46e-10	1	0.00952750866048599	0.807380663521021
rs9420	-155	0.82	AA/CG	1	2.7e-10	1	0.00522549889250696	0.961686250673253
rs11229113	-155	0.824	AT/CG	1	2.69e-10	1	0.00524446936666817	0.956460751780746
rs56392705	-147	0.317	AT/CC	1	5.81e-05	NA	NA	NA
rs3017889	-144	0.322	AA/CG	1	0.000182	NA	NA	NA
rs11229115	-144	0.137	AA/CG	1	0.0134	NA	NA	NA
rs511708	-144	0.137	AT/CG	1	0.0141	NA	NA	NA
rs61888880	-144	0.137	AC/CT	1	0.0141	NA	NA	NA
rs77993055	-142	0.887	AT/CC	1	1.81e-10	1	0.00772301783733557	0.858717179884854
rs11605731	-141	0.887	AG/CC	1	1.82e-10	1	0.00768155589168881	0.866398735776543
rs11601449	-141	0.887	AA/CG	1	1.73e-10	1	0.00807177424821411	0.843186845897954
rs7949841	-141	0.887	AC/CG	1	1.86e-10	1	0.00752011829967976	0.873918854076222
rs12805343	-141	0.307	AC/CA	1	0.00015	NA	NA	NA
rs501738	-139	0.141	AA/CG	1	0.0105	NA	NA	NA
rs558653	-136	0.141	AC/CT	1	0.0116	NA	NA	NA
rs11570176	-136	0.307	AA/CG	1	0.000132	NA	NA	NA
rs7120868	-135	0.307	AT/CG	1	0.000131	NA	NA	NA
rs530094	-134	0.141	AG/CA	1	0.0114	NA	NA	NA
rs12146692	-131	0.293	AG/CA	1	0.00022	NA	NA	NA
rs11229116	-131	0.896	AG/CC	1	2.3e-10	1	0.00611140100878468	0.928792585388774
rs17455422	-131	0.308	AC/CT	1	0.000157	NA	NA	NA
rs12270209	-128	0.313	AG/CA	1	0.000575	NA	NA	NA
rs17455520	-125	0.891	AA/CC	1	1.95e-10	1	0.00718084368743368	0.881099697763656
rs537627	-125	0.141	AG/CA	1	0.0117	NA	NA	NA
rs580223	-124	0.141	AT/CA	1	0.0122	NA	NA	NA
rs2156638	-122	0.313	AG/CC	1	0.000542	NA	NA	NA
rs17455626	-121	0.307	AT/CC	1	0.000157	NA	NA	NA
rs541245	-119	0.141	AA/CG	1	0.0111	NA	NA	NA
rs35808061	-118	0.891	AC/CT	1	2.09e-10	1	0.0067105618501463	0.92268118437999
rs12362406	-115	0.13	AA/CG	1	0.0648	NA	NA	NA
rs4611222	-113	0.312	AG/CA	1	0.000548	NA	NA	NA
rs11570181	-110	0.308	AT/CC	1	0.000153	NA	NA	NA
rs12274865	-108	0.312	AC/CT	1	0.000531	NA	NA	NA
rs11570190	-105	0.896	AC/CA	1	2.05e-10	1	0.00683844506107058	0.915970622529843
rs501054	-104	0.141	AG/CT	1	0.0117	NA	NA	NA
rs11229130	-103	0.896	AG/CA	1	2.04e-10	1	0.00687119074599967	0.909132177468773
rs11229131	-103	0.896	AA/CG	1	2.04e-10	1	0.00687119074599967	0.902260986722773
rs10896644	-101	0.307	AC/CT	1	0.000181	NA	NA	NA
rs58132137	-101	0.141	AG/CA	1	0.0114	NA	NA	NA
rs112976685	-100	0.312	AG/CA	1	0.000649	NA	NA	NA
rs567017	-99	0.141	AA/CT	1	0.0103	NA	NA	NA
rs483030	-98.5	0.141	AA/CG	1	0.0106	NA	NA	NA
rs653889	-94.9	0.311	AA/CG	1	0.000184	NA	NA	NA
rs3781885	-94.7	0.843	AT/CC	1	6.57e-10	0	0.00219355720989336	0.993745306296602
rs10896647	-93.5	0.891	AT/CC	1	1.96e-10	1	0.00714504910655873	0.888244746870215
rs11570210	-88.7	0.169	AG/CA	1	0.0244	NA	NA	NA
rs612688	-88.2	0.141	AA/CG	1	0.0102	NA	NA	NA
rs581217	-86.9	0.141	AT/CC	1	0.0104	NA	NA	NA
rs665058	-86.2	0.313	AT/CC	1	0.000706	NA	NA	NA
rs658936	-84.8	0.315	AG/CT	1	0.000648	NA	NA	NA
rs623541	-83.7	0.315	AA/CC	1	0.000717	NA	NA	NA
rs708228	-79.7	0.891	AT/CC	1	2.5e-10	1	0.005633406264191	0.945894515548832
rs10896649	-77.5	0.313	AA/CG	1	0.000727	NA	NA	NA
rs507946	-76.2	0.141	AT/CA	1	0.0104	NA	NA	NA
rs471398	-71.7	0.315	AT/CC	1	0.000672	NA	NA	NA
rs606499	-71.5	0.313	AA/CG	1	0.000689	NA	NA	NA
rs547118	-70.3	0.315	AG/CC	1	0.00072	NA	NA	NA
rs1786438	-68.3	0.315	AG/CT	1	0.000714	NA	NA	NA
rs585337	-68.1	0.315	AT/CC	1	0.000714	NA	NA	NA
rs585761	-68	0.313	AA/CG	1	0.000731	NA	NA	NA
rs12807250	-65.1	0.891	AT/CC	1	2.88e-10	1	0.00490631728723301	0.966592567960486
rs656227	-64.8	0.141	AC/CT	1	0.0107	NA	NA	NA
rs639158	-63.3	0.315	AA/CG	1	0.000718	NA	NA	NA
rs627145	-62.9	0.313	AA/CG	1	0.000727	NA	NA	NA
rs652908	-61.3	0.315	AT/CC	1	0.000722	NA	NA	NA
rs659165	-56.3	0.293	AA/CC	1	0.000354	NA	NA	NA
rs645145	-55.5	0.307	AG/CT	1	0.000205	NA	NA	NA
rs644219	-55.3	0.307	AC/CT	1	2e-04	NA	NA	NA
rs594233	-55.2	0.141	AT/CC	1	0.00997	NA	NA	NA
rs608648	-54.2	0.141	AA/CG	1	0.0103	NA	NA	NA
rs640767	-53	0.141	AA/CG	1	0.0103	NA	NA	NA
rs588612	-52.4	0.313	AC/CG	1	0.000708	NA	NA	NA
rs79260745	-52.4	0.892	AC/CT	1	2.45e-10	1	0.00574566869680969	0.934538254085584
rs658183	-50.1	0.141	AT/CC	1	0.0102	NA	NA	NA
rs645097	-49	0.141	AA/CT	1	0.0102	NA	NA	NA
rs11229148	-43.9	0.896	AT/CA	1	2.46e-10	1	0.00572285519905681	0.940261109284641
rs647264	-43.4	0.141	AC/CT	1	0.0108	NA	NA	NA
rs638864	-42.8	0.141	AG/CA	1	0.0102	NA	NA	NA
rs10750870	-41.5	0.315	AC/CA	1	0.000711	NA	NA	NA
rs2848445	-41.2	0.142	AG/CA	1	0.0106	NA	NA	NA
rs604094	-40.6	0.141	AG/CT	1	0.0101	NA	NA	NA
rs675154	-37	0.141	AA/CG	1	0.0101	NA	NA	NA
rs636807	-31.4	0.141	AG/CA	1	0.0105	NA	NA	NA
rs652191	-30.3	0.307	AA/CG	1	0.000203	NA	NA	NA
rs666021	-29.4	0.141	AA/CG	1	0.0121	NA	NA	NA
rs671508	-28.8	0.312	AT/CA	1	0.000697	NA	NA	NA
rs682258	-28.1	0.312	AT/CG	1	0.000671	NA	NA	NA
rs7936998	-26.3	0.901	AA/CG	1	1.96e-10	1	0.00714504910655873	0.895389795976773
rs78956812	-26.2	0.243	AT/CC	1	0.0263	NA	NA	NA
rs609596	-25.9	0.15	AC/CT	1	0.0121	NA	NA	NA
rs682503	-24.3	0.935	AC/CG	1	1.56e-10	1	0.00893024015440051	0.83511507164974
rs7117205	-23.5	0.939	AC/CT	1	1.21e-10	1	0.0114471901171363	0.601489137736878
rs624759	-23.2	0.152	AC/CT	1	0.0141	NA	NA	NA
rs11601320	-22.7	0.944	AC/CT	1	1.37e-10	1	0.010138737838408	0.728828168490588
rs6591434	-21	0.931	AG/CA	1	4.39e-11	1	0.0308533196451685	0.536665939164866
rs1704781	-18	0.151	AG/CC	1	0.0153	NA	NA	NA
rs96894	-16.1	0.151	AG/CA	1	0.0156	NA	NA	NA
rs676205	-15.6	0.151	AT/CC	1	0.0159	NA	NA	NA
rs2509805	-14.5	0.953	AT/CC	1	1.25e-10	1	0.0110890195942466	0.623667176925371
rs616039	-13.4	0.151	AG/CA	1	0.0146	NA	NA	NA
rs615592	-13.3	0.151	AG/CA	1	0.0148	NA	NA	NA
rs615556	-13.3	0.151	AG/CC	1	0.0146	NA	NA	NA
rs2509808	-10.7	0.953	AC/CG	1	1.06e-10	1	0.0130282287726543	0.565973631970114
rs78587207	-10.3	0.953	AG/CT	1	8.44e-11	1	0.0162794640325935	0.552945403197459
rs12807357	-8.43	0.977	AT/CC	1	1.25e-10	1	0.0110890195942466	0.634756196519617
rs673344	-8.2	0.977	AG/CA	1	1.41e-10	1	0.00985755181011527	0.768748939726761
rs685149	-7.92	0.785	AA/CG	1	7.3e-10	0	0.00197929281523612	0.999989935465985
rs686489	-5.5	0.317	AA/CG	1	0.000185	NA	NA	NA
rs685110	-5.14	0.151	AA/CC	1	0.0134	NA	NA	NA
rs589914	-4.3	0.977	AA/CG	1	1.17e-10	1	0.0118295783999036	0.590041947619741
rs644883	-1.81	0.977	AC/CG	1	1.25e-10	1	0.0110890195942466	0.612578157331124
rs627816	-1.6	0.151	AA/CG	1	0.0121	NA	NA	NA
rs694131	0.094	0.151	AC/CT	1	0.0142	NA	NA	NA
rs694261	0.113	0.151	AC/CT	1	0.0142	NA	NA	NA
rs592785	1.28	0.272	AT/CC	1	0.000341	NA	NA	NA
rs593239	1.78	0.307	AT/CC	1	5.87e-05	NA	NA	NA
rs12790660	1.89	0.892	AC/CT	1	5.2e-10	1	0.00275580322275906	0.978963462999255
rs12798206	3.14	0.892	AG/CT	1	5.85e-10	1	0.00245658992882425	0.986722850184952
rs10896656	3.6	0.892	AG/CC	1	6e-10	1	0.00239664704141658	0.991551749086709
rs626043	4.11	0.313	AG/CA	1	0.000254	NA	NA	NA
rs631791	10.1	0.892	AA/CG	1	6.9e-10	0	0.00209114832461864	0.998010642650749
rs12792253	10.5	0.122	AC/CT	1	0.028	NA	NA	NA
rs12360939	10.6	0.892	AT/CC	1	5.39e-10	1	0.00266096365976782	0.981624426659022
rs11229160	10.7	0.892	AT/CC	1	5.91e-10	1	0.00243225186034079	0.989155102045292
rs112181796	10.8	0.307	AA/CC	1	5.32e-05	NA	NA	NA
rs9645687	10.9	0.892	AC/CT	1	6.63e-10	0	0.00217418802952792	0.99591949432613
rs660763	11	0.111	AA/CG	1	0.093	NA	NA	NA
rs631663	13	0.111	AC/CT	1	0.0807	NA	NA	NA
rs10896661	13.7	0.892	AA/CC	1	5.07e-10	1	0.00282474073239436	0.976207659776496
rs10896662	13.7	0.892	AG/CA	1	5.43e-10	1	0.00264183359710478	0.984266260256127
rs636388	14.2	0.307	AC/CG	1	6.37e-05	NA	NA	NA
rs641325	16.5	0.805	AT/CG	1	8.37e-12	1	0.156322404321217	0.505812619519697
rs681397	16.7	0.311	AG/CT	1	7.61e-05	NA	NA	NA
rs588713	18.3	0.261	AG/CC	1	1e-05	NA	NA	NA
rs600488	18.7	0.269	AC/CT	1	7.16e-06	NA	NA	NA
rs591322	19.3	0.269	AT/CG	1	6.9e-06	NA	NA	NA
rs615133	19.6	0.269	AC/CA	1	6.54e-06	NA	NA	NA
rs633129	19.9	0.269	AG/CA	1	6.63e-06	NA	NA	NA
rs616911	20	0.264	AG/CA	1	6.38e-06	NA	NA	NA
rs662638	21.4	0.268	AC/CT	1	6.03e-06	NA	NA	NA
rs606731	22	0.282	AA/CG	1	0.000102	NA	NA	NA
rs12788836	23.9	0.197	AA/CG	1	0.000723	NA	NA	NA
rs631350	25.6	0.257	AC/CT	1	3.21e-06	NA	NA	NA
rs12364898	26.2	0.257	AT/CC	1	3.2e-06	NA	NA	NA
rs7942126	26.2	0.197	AG/CA	1	0.00058	NA	NA	NA
rs659313	26.4	0.257	AA/CG	1	3.23e-06	NA	NA	NA
rs659756	26.5	0.257	AA/CT	1	3.05e-06	NA	NA	NA
rs672537	28	0.258	AC/CT	1	3.42e-06	NA	NA	NA
rs687432	28.9	0.187	AA/CC	1	0.000114	NA	NA	NA
rs632052	29	0.258	AA/CT	1	3.75e-06	NA	NA	NA
rs609154	30.9	0.184	AC/CT	1	9.86e-05	NA	NA	NA
rs714942	31.4	0.194	AC/CT	1	0.000577	NA	NA	NA
rs66813766	32.9	0.194	AT/CG	1	0.000562	NA	NA	NA
rs34563263	33.3	0.194	AT/CA	1	0.000545	NA	NA	NA
rs11605267	34.1	0.194	AT/CC	1	0.000544	NA	NA	NA
rs7946863	34.2	0.194	AT/CC	1	0.000555	NA	NA	NA
rs12364646	35.3	0.258	AC/CA	1	2.82e-06	NA	NA	NA
rs11600171	35.4	0.194	AC/CT	1	0.000593	NA	NA	NA
rs34534719	35.5	0.194	AA/CC	1	0.000587	NA	NA	NA
rs1510420	35.9	0.194	AC/CT	1	0.00059	NA	NA	NA
rs12421773	37.8	0.184	AT/CC	1	0.000108	NA	NA	NA
rs34594669	38.2	0.194	AT/CC	1	0.000575	NA	NA	NA
rs7926999	38.4	0.179	AT/CC	1	0.00074	NA	NA	NA
rs1397273	40	0.184	AG/CA	1	0.000105	NA	NA	NA
rs56055377	40.3	0.194	AG/CA	1	0.000585	NA	NA	NA
rs11229170	40.6	0.258	AT/CC	1	3.67e-06	NA	NA	NA
rs7123570	40.6	0.194	AA/CG	1	0.000504	NA	NA	NA
rs7109912	40.8	0.18	AG/CA	1	0.000102	NA	NA	NA
rs12419176	41.4	0.187	AC/CT	1	0.000103	NA	NA	NA
rs11229171	42.3	0.258	AC/CT	1	3.28e-06	NA	NA	NA
rs35713433	43.1	0.194	AT/CC	1	0.000606	NA	NA	NA
rs7943793	43.1	0.258	AT/CC	1	3.72e-06	NA	NA	NA
rs10792118	43.8	0.258	AG/CA	1	3.28e-06	NA	NA	NA
rs11229172	44.7	0.258	AA/CG	1	3.73e-06	NA	NA	NA
rs4245215	48.4	0.258	AG/CA	1	3.92e-06	NA	NA	NA
rs12420220	49.3	0.258	AT/CC	1	4.04e-06	NA	NA	NA
rs1848879	49.4	0.258	AC/CT	1	3.99e-06	NA	NA	NA
rs7126334	50.1	0.194	AG/CA	1	0.00062	NA	NA	NA
rs11229173	50.4	0.258	AA/CG	1	3.82e-06	NA	NA	NA
rs7936212	51.2	0.194	AT/CG	1	0.000661	NA	NA	NA
rs7119218	52.1	0.194	AT/CC	1	0.000606	NA	NA	NA
rs7119973	53.5	0.258	AT/CA	1	4.04e-06	NA	NA	NA
rs7103977	54	0.258	AT/CG	1	4.05e-06	NA	NA	NA
rs11602442	54.2	0.194	AA/CC	1	0.000697	NA	NA	NA
rs7930234	54.5	0.194	AA/CG	1	0.000696	NA	NA	NA
rs6591443	54.6	0.258	AA/CT	1	4.02e-06	NA	NA	NA
rs6591444	58.7	0.258	AA/CG	1	8.84e-06	NA	NA	NA
rs6591445	59	0.258	AA/CG	1	3.62e-06	NA	NA	NA
rs12807528	60.3	0.194	AT/CC	1	0.000679	NA	NA	NA
rs7927640	61.2	0.258	AG/CC	1	3.42e-06	NA	NA	NA
rs11601082	61.7	0.194	AT/CC	1	0.00068	NA	NA	NA
rs7123523	63.5	0.258	AG/CT	1	2.37e-06	NA	NA	NA
rs7123782	63.7	0.238	AG/CA	1	2.43e-06	NA	NA	NA
rs7946468	64	0.194	AT/CC	1	0.000667	NA	NA	NA
rs1397275	65.1	0.258	AC/CA	1	3.73e-06	NA	NA	NA
rs12801755	65.6	0.194	AT/CC	1	0.000638	NA	NA	NA
rs7102929	65.7	0.194	AT/CC	1	0.000663	NA	NA	NA
rs12364421	65.8	0.258	AA/CG	1	3.79e-06	NA	NA	NA
rs7926878	68.4	0.191	AC/CT	1	0.000649	NA	NA	NA
rs7927022	68.6	0.256	AC/CT	1	9.2e-06	NA	NA	NA
rs12803905	68.7	0.191	AC/CT	1	0.000589	NA	NA	NA
rs12804093	68.8	0.256	AC/CT	1	9.06e-06	NA	NA	NA
rs12366063	69.7	0.257	AA/CG	1	4.24e-06	NA	NA	NA
rs11229183	70.1	0.254	AG/CA	1	4.54e-06	NA	NA	NA
rs61905278	72.8	0.197	AA/CG	1	7.05e-06	NA	NA	NA
rs12801976	73.7	0.186	AA/CT	1	0.000448	NA	NA	NA
rs1113334	78	0.189	AC/CG	1	0.000448	NA	NA	NA
rs1113335	78.1	0.189	AT/CC	1	0.000456	NA	NA	NA
rs4272798	78.3	0.201	AT/CC	1	1.5e-05	NA	NA	NA
rs1113095	78.3	0.177	AC/CG	1	0.0211	NA	NA	NA
rs7121128	78.6	0.189	AC/CA	1	0.000464	NA	NA	NA
rs2089747	79.7	0.189	AA/CG	1	0.000446	NA	NA	NA
rs61905309	81.2	0.186	AT/CG	1	0.000486	NA	NA	NA
rs12792638	86	0.183	AA/CG	1	0.000381	NA	NA	NA
rs35241049	86.5	0.18	AT/CA	1	0.0186	NA	NA	NA
rs11601223	86.7	0.186	AT/CC	1	0.000381	NA	NA	NA
rs1510418	86.8	0.18	AA/CG	1	0.0196	NA	NA	NA
rs7106195	87	0.205	AT/CC	1	1.18e-05	NA	NA	NA
rs71484480	87.7	0.205	AG/CA	1	1.37e-05	NA	NA	NA
rs78945376	88.5	0.158	AC/CT	1	0.412	NA	NA	NA
rs11512731	91.1	0.206	AA/CG	1	1.45e-05	NA	NA	NA
rs11512732	91.2	0.206	AG/CA	1	1.46e-05	NA	NA	NA
rs35163247	91.6	0.162	AA/CG	1	0.00109	NA	NA	NA
rs75695577	91.6	0.162	AA/CG	1	0.00112	NA	NA	NA
rs7949741	94.4	0.162	AT/CC	1	0.00102	NA	NA	NA
rs7950003	94.6	0.162	AT/CC	1	0.000979	NA	NA	NA
rs12802044	95.3	0.162	AC/CT	1	0.000993	NA	NA	NA
rs34015013	104	0.162	AG/CA	1	0.000904	NA	NA	NA
rs11601663	108	0.165	AC/CT	1	0.001	NA	NA	NA
rs11608016	109	0.165	AT/CC	1	0.00096	NA	NA	NA
rs10792125	117	0.165	AA/CC	1	0.000864	NA	NA	NA
rs7121139	117	0.165	AT/CC	1	0.000996	NA	NA	NA
rs11606464	131	0.144	AT/CC	1	0.000514	NA	NA	NA
rs11605988	132	0.144	AT/CA	1	0.000497	NA	NA	NA
rs7123727	134	0.142	AT/CC	1	0.000526	NA	NA	NA
rs12792435	136	0.144	AA/CT	1	0.000557	NA	NA	NA
rs61903966	137	0.144	AA/CT	1	0.000577	NA	NA	NA
rs61903967	137	0.144	AA/CT	1	0.000545	NA	NA	NA
rs36071925	139	0.144	AG/CA	1	0.000545	NA	NA	NA
rs61904009	142	0.144	AG/CA	1	0.000541	NA	NA	NA
rs11607308	144	0.144	AT/CC	1	0.000525	NA	NA	NA
rs1376489	146	0.144	AG/CC	1	0.000541	NA	NA	NA
rs7930102	149	0.144	AA/CG	1	0.000508	NA	NA	NA
rs34300518	151	0.143	AC/CT	1	0.000511	NA	NA	NA
rs12790525	157	0.141	AC/CT	1	0.000503	NA	NA	NA
rs61904024	157	0.141	AC/CT	1	0.000564	NA	NA	NA
rs67305834	166	0.142	AC/CA	1	0.00106	NA	NA	NA
rs4509781	177	0.13	AT/CC	1	0.000636	NA	NA	NA
rs7113760	181	0.128	AT/CC	1	0.000702	NA	NA	NA
rs7122673	184	0.13	AG/CA	1	0.000735	NA	NA	NA
rs35401618	186	0.128	AG/CA	1	0.000342	NA	NA	NA
rs117960683	186	0.147	AC/CT	1	0.00717	NA	NA	NA
rs74598859	186	0.121	AT/CG	1	0.482	NA	NA	NA
rs56018616	192	0.128	AC/CT	1	0.000358	NA	NA	NA
rs7118004	196	0.135	AC/CA	1	0.00427	NA	NA	NA
rs4939180	198	0.136	AT/CC	1	5.43e-05	NA	NA	NA
rs7120102	203	0.132	AC/CT	1	0.00223	NA	NA	NA
rs2441970	203	0.14	AA/CC	1	3.26e-05	NA	NA	NA
rs7113552	204	0.136	AC/CT	1	5.75e-05	NA	NA	NA
rs11604577	204	0.134	AT/CG	1	0.00459	NA	NA	NA
rs1031360	207	0.135	AC/CT	1	5.69e-05	NA	NA	NA
rs10896701	208	0.142	AT/CC	1	5.11e-05	NA	NA	NA
rs10750884	209	0.142	AT/CC	1	5.17e-05	NA	NA	NA
rs10750885	210	0.136	AC/CT	1	5.4e-05	NA	NA	NA
rs61902761	210	0.134	AA/CG	1	0.00443	NA	NA	NA
rs7935428	211	0.134	AA/CC	1	0.00424	NA	NA	NA
rs895660	213	0.142	AA/CG	1	4.84e-05	NA	NA	NA
rs61902763	215	0.115	AT/CC	1	0.00934	NA	NA	NA
rs17152364	215	0.166	AG/CA	1	1.7e-05	NA	NA	NA
rs12796166	216	0.113	AG/CT	1	0.00416	NA	NA	NA
rs17152376	220	0.112	AA/CT	1	0.00412	NA	NA	NA
rs7934149	223	0.114	AT/CC	1	0.00983	NA	NA	NA
rs11601841	224	0.114	AA/CG	1	0.00935	NA	NA	NA
rs61902767	224	0.114	AG/CC	1	0.0093	NA	NA	NA
rs1155858	225	0.112	AG/CA	1	0.0042	NA	NA	NA
rs12804808	227	0.165	AG/CC	1	1.78e-05	NA	NA	NA
rs61902769	227	0.165	AA/CG	1	2.04e-05	NA	NA	NA
rs12788387	228	0.165	AC/CA	1	1.73e-05	NA	NA	NA
rs3853676	229	0.165	AC/CA	1	1.71e-05	NA	NA	NA
rs7130381	229	0.162	AG/CA	1	1.75e-05	NA	NA	NA
rs3862656	229	0.112	AT/CG	1	0.00396	NA	NA	NA
rs1814059	229	0.114	AG/CT	1	0.00374	NA	NA	NA
rs921445	230	0.112	AT/CC	1	0.00391	NA	NA	NA
rs11604473	231	0.111	AC/CT	1	0.00377	NA	NA	NA
rs113003693	231	0.115	AT/CG	1	0.524	NA	NA	NA
rs56016266	232	0.113	AA/CG	1	0.00397	NA	NA	NA
rs55763633	232	0.112	AG/CA	1	0.004	NA	NA	NA
rs930703	233	0.114	AA/CT	1	0.00871	NA	NA	NA
rs11600060	234	0.113	AT/CC	1	0.00885	NA	NA	NA
rs7120442	234	0.114	AA/CG	1	0.00883	NA	NA	NA
rs11604630	234	0.114	AT/CG	1	0.00895	NA	NA	NA
rs1868881	236	0.167	AA/CG	1	4.32e-05	NA	NA	NA
rs2443441	239	0.112	AC/CA	1	5.43e-05	NA	NA	NA
rs7934184	239	0.109	AT/CG	1	0.00999	NA	NA	NA
rs7938062	239	0.114	AT/CC	1	0.0105	NA	NA	NA
rs61902775	242	0.116	AT/CA	1	0.00933	NA	NA	NA
rs11229264	244	0.165	AA/CG	1	1.69e-05	NA	NA	NA
rs12805812	245	0.112	AA/CG	1	0.00409	NA	NA	NA
rs7945154	247	0.118	AA/CG	1	0.00965	NA	NA	NA
rs2245676	247	0.118	AG/CT	1	8.96e-05	NA	NA	NA
rs7949119	248	0.118	AT/CC	1	0.00989	NA	NA	NA
rs7948507	248	0.118	AT/CG	1	0.00965	NA	NA	NA
rs7949558	248	0.118	AA/CC	1	0.00985	NA	NA	NA
