SNP	KB	R2	Alleles	F	P	inCredible	probNorm	cumSum
rs12154193	0	1	C	1	6.21e-10	1	0.113984047358288	0.113984047358288
rs1361226	-185	0.115	CC/GT	1	0.0914	NA	NA	NA
rs636234	-185	0.102	CC/GA	1	0.069	NA	NA	NA
rs7757117	-182	0.117	CC/GT	1	0.112	NA	NA	NA
rs600613	-180	0.117	CA/GG	1	0.111	NA	NA	NA
rs6923577	-178	0.117	CA/GG	1	0.0889	NA	NA	NA
rs6923754	-178	0.117	CA/GT	1	0.0908	NA	NA	NA
rs1338551	-178	0.102	CC/GT	1	0.0484	NA	NA	NA
rs13198282	-178	0.117	CT/GA	1	0.0929	NA	NA	NA
rs13212098	-178	0.117	CG/GC	1	0.0878	NA	NA	NA
rs12663777	-177	0.117	CA/GG	1	0.068	NA	NA	NA
rs4839712	-176	0.118	CT/GC	1	0.0646	NA	NA	NA
rs11153822	-172	0.225	CC/GT	1	0.00954	NA	NA	NA
rs1832465	-169	0.304	CT/GA	1	0.00026	NA	NA	NA
rs9320691	-168	0.304	CT/GG	1	0.000323	NA	NA	NA
rs7744245	-164	0.151	CT/GC	1	0.0319	NA	NA	NA
rs7761939	-160	0.152	CA/GG	1	0.0295	NA	NA	NA
rs630100	-156	0.156	CA/GG	1	0.0255	NA	NA	NA
rs2388148	-154	0.295	CC/GT	1	0.00285	NA	NA	NA
rs675974	-150	0.294	CT/GC	1	0.00086	NA	NA	NA
rs595074	-147	0.156	CA/GC	1	0.0411	NA	NA	NA
rs643287	-144	0.156	CA/GC	1	0.0396	NA	NA	NA
rs7769267	-144	0.302	CT/GG	1	0.000363	NA	NA	NA
rs12208753	-139	0.295	CG/GA	1	0.000447	NA	NA	NA
rs17058043	-136	0.162	CA/GG	1	0.0095	NA	NA	NA
rs9374829	-135	0.284	CA/GG	1	0.000345	NA	NA	NA
rs9320716	-130	0.319	CG/GT	1	4.48e-05	NA	NA	NA
rs10457368	-128	0.319	CA/GG	1	4.98e-05	NA	NA	NA
rs4839713	-124	0.316	CG/GA	1	3.75e-05	NA	NA	NA
rs7759889	-121	0.324	CA/GG	1	0.00014	NA	NA	NA
rs7763892	-121	0.324	CT/GC	1	0.000167	NA	NA	NA
rs1933717	-116	0.319	CT/GC	1	5.48e-05	NA	NA	NA
rs9401196	-113	0.319	CG/GA	1	6.63e-05	NA	NA	NA
rs4839923	-113	0.313	CA/GG	1	8.07e-05	NA	NA	NA
rs1538360	-111	0.305	CA/GG	1	9.68e-05	NA	NA	NA
rs9374860	-109	0.323	CA/GG	1	6.18e-05	NA	NA	NA
rs1538362	-107	0.335	CT/GA	1	5.48e-05	NA	NA	NA
rs11962819	-105	0.335	CT/GC	1	4.75e-05	NA	NA	NA
rs6569109	-104	0.335	CG/GA	1	4.58e-05	NA	NA	NA
rs2388195	-103	0.335	CC/GA	1	4.88e-05	NA	NA	NA
rs7761172	-103	0.338	CT/GG	1	4.37e-05	NA	NA	NA
rs9489891	-102	0.335	CC/GA	1	6.12e-05	NA	NA	NA
rs9387711	-101	0.338	CG/GT	1	4e-05	NA	NA	NA
rs11755344	-101	0.332	CT/GC	1	3.7e-05	NA	NA	NA
rs6915773	-99.9	0.338	CG/GA	1	3.77e-05	NA	NA	NA
rs75541746	-97.9	0.142	CG/GA	1	0.00745	NA	NA	NA
rs1343667	-93.4	0.338	CC/GT	1	3.38e-05	NA	NA	NA
rs1933720	-89.4	0.25	CT/GC	1	0.0534	NA	NA	NA
rs9489926	-87	0.332	CA/GC	1	3.74e-05	NA	NA	NA
rs1416221	-85.6	0.329	CA/GG	1	4.66e-05	NA	NA	NA
rs17754668	-83.9	0.329	CG/GA	1	3.26e-05	NA	NA	NA
rs9489931	-83.6	0.329	CG/GA	1	3.07e-05	NA	NA	NA
rs7744286	-77.2	0.104	CT/GC	1	0.0381	NA	NA	NA
rs9320747	-77	0.337	CT/GG	1	0.116	NA	NA	NA
rs9374896	-76.8	0.337	CC/GT	1	0.0616	NA	NA	NA
rs9374897	-76.7	0.337	CG/GA	1	0.0612	NA	NA	NA
rs1933722	-76.5	0.104	CG/GA	1	0.0554	NA	NA	NA
rs9489945	-75.4	0.543	CC/GG	1	3.89e-06	0	2.39462812599774e-05	0.999905105439717
rs1338549	-75.1	0.337	CG/GT	1	0.123	NA	NA	NA
rs1338548	-75.1	0.55	CT/GC	1	4.9e-06	0	1.91950792143431e-05	0.999967276596944
rs9784827	-74.1	0.547	CC/GT	1	4.67e-06	0	2.00996364782422e-05	0.99994808151773
rs1933721	-74.1	0.334	CC/GG	1	0.0975	NA	NA	NA
rs4839924	-73.3	0.547	CC/GT	1	2.74e-06	0	3.351269165356e-05	0.99962066326571
rs2039722	-72.4	0.336	CA/GG	1	0.0525	NA	NA	NA
rs9387758	-72	0.104	CA/GG	1	0.0313	NA	NA	NA
rs7747481	-71.6	0.547	CT/GC	1	2.83e-06	0	3.24893181158098e-05	0.999653152583826
rs9401250	-70.8	0.339	CC/GT	1	0.0835	NA	NA	NA
rs9387768	-70.4	0.11	CG/GA	1	0.0294	NA	NA	NA
rs4839925	-69.8	0.543	CG/GA	1	4.08e-06	0	2.28764415351101e-05	0.999927981881252
rs4839926	-69.5	0.11	CT/GG	1	0.0295	NA	NA	NA
rs9372607	-67.8	0.11	CA/GT	1	0.0269	NA	NA	NA
rs9489958	-67.7	0.547	CA/GT	1	3.44e-06	0	2.69416892361891e-05	0.999855503296735
rs7770226	-66.9	0.547	CT/GC	1	3.25e-06	0	2.84504002092855e-05	0.999772239306488
rs4142530	-65	0.339	CT/GC	1	0.0803	NA	NA	NA
rs4142529	-64.9	0.11	CC/GT	1	0.0267	NA	NA	NA
rs10872204	-64.8	0.547	CC/GT	1	3.62e-06	0	2.56558617220453e-05	0.999881159158457
rs4580876	-64.4	0.307	CG/GA	1	0.098	NA	NA	NA
rs79245415	-63.7	0.119	CC/GG	1	0.212	NA	NA	NA
rs12205774	-63.1	0.339	CC/GT	1	0.0855	NA	NA	NA
rs9401278	-62.3	0.339	CC/GA	1	0.0856	NA	NA	NA
rs9387823	-62.3	0.339	CC/GA	1	0.0856	NA	NA	NA
rs4601134	-61.9	0.11	CC/GT	1	0.0267	NA	NA	NA
rs9489980	-61.7	0.339	CA/GG	1	0.0888	NA	NA	NA
rs4839927	-61.4	0.339	CG/GA	1	0.0866	NA	NA	NA
rs4486020	-61.4	0.544	CT/GC	1	3.31e-06	0	2.79556072606058e-05	0.999828561607498
rs4240558	-61.4	0.104	CC/GT	1	0.0263	NA	NA	NA
rs4363046	-61.3	0.544	CT/GC	1	3.26e-06	0	2.8366693749899e-05	0.999800606000238
rs4839928	-61.3	0.339	CA/GG	1	0.0866	NA	NA	NA
rs4839929	-61.2	0.339	CG/GC	1	0.0873	NA	NA	NA
rs2039721	-60.6	0.104	CC/GT	1	0.0267	NA	NA	NA
rs2039720	-60.4	0.104	CC/GA	1	0.0267	NA	NA	NA
rs2039719	-60.4	0.339	CG/GA	1	0.0915	NA	NA	NA
rs6929455	-59.9	0.547	CG/GT	1	3.08e-06	0	2.99549571960672e-05	0.999713926948031
rs6908348	-59.2	0.547	CT/GC	1	3.09e-06	0	2.98619582481704e-05	0.999743788906279
rs9401295	-58.5	0.547	CC/GT	1	2.99e-06	0	3.08194070086956e-05	0.999683971990834
rs9387845	-58.3	0.339	CC/GA	1	0.0946	NA	NA	NA
rs12662596	-58.1	0.339	CG/GA	1	0.0942	NA	NA	NA
rs12662607	-58	0.339	CG/GC	1	0.104	NA	NA	NA
rs9372620	-57.3	0.339	CG/GA	1	0.101	NA	NA	NA
rs7756023	-57.1	0.339	CG/GA	1	0.0962	NA	NA	NA
rs1890408	-56.8	0.11	CT/GC	1	0.0267	NA	NA	NA
rs7744474	-56.6	0.339	CC/GT	1	0.0983	NA	NA	NA
rs2185131	-56.4	0.11	CA/GT	1	0.0267	NA	NA	NA
rs9490000	-56.2	0.339	CC/GG	1	0.098	NA	NA	NA
rs9490001	-56.1	0.339	CT/GC	1	0.105	NA	NA	NA
rs9490003	-56	0.339	CA/GG	1	0.093	NA	NA	NA
rs9320759	-55.9	0.339	CA/GG	1	0.0985	NA	NA	NA
rs9320760	-55.8	0.11	CG/GA	1	0.0297	NA	NA	NA
rs9401305	-55.3	0.339	CA/GC	1	0.0994	NA	NA	NA
rs10484867	-54.7	0.339	CG/GA	1	0.093	NA	NA	NA
rs10484868	-54.7	0.339	CC/GT	1	0.0939	NA	NA	NA
rs7775492	-54.3	0.339	CA/GG	1	0.0916	NA	NA	NA
rs12189679	-53.9	0.334	CG/GA	1	0.0795	NA	NA	NA
rs7759801	-49.8	0.11	CG/GA	1	0.0435	NA	NA	NA
rs6928545	-49.4	0.459	CG/GA	1	6.21e-06	0	1.52998345664863e-05	0.999982576431511
rs6933760	-49.1	0.11	CG/GT	1	0.0464	NA	NA	NA
rs1338547	-48.8	0.553	CT/GA	1	2.65e-06	0	3.4604246598588e-05	0.999587150574056
rs1338546	-48.6	0.104	CT/GC	1	0.0479	NA	NA	NA
rs6569153	-47.5	0.11	CG/GA	1	0.0514	NA	NA	NA
rs1338557	-47.1	0.11	CG/GC	1	0.0486	NA	NA	NA
rs1338556	-47.1	0.104	CT/GC	1	0.0491	NA	NA	NA
rs7756014	-46.3	0.11	CC/GT	1	0.0516	NA	NA	NA
rs7752040	-46.3	0.544	CT/GA	1	2.51e-06	0	3.64548005326603e-05	0.999552546327458
rs9320768	-44.5	0.11	CT/GG	1	0.0675	NA	NA	NA
rs9372625	-43.2	0.499	CG/GA	1	0.00873	0	1.75147002266513e-08	1
rs6906737	-41.4	0.343	CT/GA	1	0.0137	NA	NA	NA
rs1338552	-40.6	0.814	CC/GT	1	2.65e-07	0	0.000317767303808785	0.996338840783911
rs1338553	-40.6	0.814	CA/GT	1	1.88e-07	0	0.00044275877184345	0.994090322184542
rs1338554	-40.5	0.845	CG/GA	1	1.34e-07	0	0.000614281357921446	0.992685167105314
rs11153961	-38.3	0.892	CC/GA	1	3.84e-08	1	0.00206105832226687	0.956841372869105
rs9490041	-38.1	0.354	CG/GT	1	0.0311	NA	NA	NA
rs7761722	-37.9	0.86	CC/GT	1	6.65e-08	1	0.0012104080746024	0.989109872781545
rs7757867	-37.8	0.892	CG/GA	1	4.07e-08	1	0.00194801568063487	0.960845255185988
rs7761915	-37.7	0.892	CG/GT	1	3.29e-08	1	0.00239444249728299	0.94786757665267
rs6927038	-37	0.892	CC/GA	1	4.13e-08	1	0.00192056834069421	0.96662964623035
rs9482077	-35.8	0.892	CT/GC	1	5.33e-08	1	0.00149983313353321	0.978704282135722
rs6569161	-33.7	0.892	CC/GT	1	5.24e-08	1	0.00152479303832595	0.977204449002189
rs6901729	-32.1	0.86	CT/GG	1	6.42e-08	1	0.00125239455574009	0.986647070151203
rs6925043	-32.1	0.892	CC/GA	1	4.17e-08	1	0.00190270273314102	0.968532348963491
rs11153968	-31.6	0.892	CG/GA	1	4.63e-08	1	0.0017191406540661	0.975679655963863
rs6907873	-31.1	0.892	CC/GG	1	4.3e-08	1	0.00184690302540814	0.9703792519889
rs6909175	-31.1	0.86	CT/GC	1	6.67e-08	1	0.00120689194439561	0.990316764725941
rs10872213	-30.8	0.892	CA/GT	1	4.49e-08	1	0.00177108194621834	0.973960515309797
rs6920927	-29.2	0.892	CT/GC	1	4.39e-08	1	0.00181018137467898	0.972189433363579
rs11153969	-29.1	0.559	CC/GT	1	0.00119	0	1.07481750713727e-07	0.999998596417448
rs6924808	-28.7	0.892	CA/GG	1	3.85e-08	1	0.002055866636248	0.958897239505353
rs6924833	-28.7	0.86	CA/GG	1	6e-08	1	0.0013372432840188	0.982801085539012
rs6927014	-28.2	0.86	CT/GC	1	6.09e-08	1	0.00131809073378955	0.984119176272802
rs4839930	-27.1	0.892	CC/GT	1	2.78e-08	1	0.00281951152769763	0.927270933185374
rs2388151	-25.9	0.892	CG/GA	1	3.2e-08	1	0.00245974227333136	0.945473134155387
rs6939508	-25.5	0.86	CC/GT	1	5.63e-08	1	0.0014223168352526	0.980126598970975
rs6934784	-25.5	0.892	CC/GA	1	4.1e-08	1	0.0019341930248999	0.962779448210887
rs6934796	-25.5	0.86	CG/GA	1	6.3e-08	1	0.00127549932266062	0.985394675595462
rs9482094	-22.4	0.559	CG/GA	1	0.000919	0	1.36515271552913e-07	0.999995780327324
rs4839715	-22	0.554	CG/GA	1	0.001	0	1.26242017897507e-07	0.999996438548797
rs6920575	-21.5	0.693	CC/GT	1	9.18e-07	0	9.58795736962608e-05	0.999378150684562
rs12192282	-20.6	0.864	CC/GT	1	6.42e-08	1	0.00125239455574009	0.987899464706943
rs12190777	-20.5	0.459	CG/GA	1	0.000329	0	3.55394483847836e-07	0.999990080078605
rs11153975	-18.6	0.892	CT/GA	1	3.37e-08	1	0.00233928608612527	0.950206862738795
rs4339469	-18	0.557	CG/GT	1	0.00135	0	9.56654402776406e-08	0.999999201182872
rs11153981	-16.7	0.896	CT/GA	1	3.47e-08	1	0.00227386791430205	0.954780314546838
rs9374991	-14.9	0.114	CG/GA	1	0.182	NA	NA	NA
rs6937215	-13.5	0.584	CC/GT	1	0.00137	0	9.43764804426052e-08	0.999999295559353
rs4395728	-9.1	0.945	CC/GT	1	1.35e-09	1	0.053451338768525	0.812533802373869
rs6934716	-8.79	0.984	CA/GG	1	9.17e-10	1	0.0779330415142158	0.555706713479322
rs6940021	-8.25	0.984	CA/GG	1	7.75e-10	1	0.0918303215487644	0.315327198216972
rs12528029	-7.5	0.115	CT/GA	1	0.105	NA	NA	NA
rs12211582	-7.4	0.984	CT/GG	1	8.57e-10	1	0.0832497871053944	0.398576985322367
rs9482117	-7.04	0.945	CA/GG	1	1.34e-09	1	0.0538401219807373	0.759082463605344
rs9490122	-1.73	0.83	CG/GA	1	1.24e-08	1	0.00617485644091239	0.831576214945731
rs4463263	-1.37	0.996	CC/GT	1	6.47e-10	1	0.10951282930992	0.223496876668208
rs6926135	1.45	0.835	CT/GC	1	1.42e-08	1	0.0054129693161876	0.848587594429312
rs9490127	3.04	1	CT/GA	1	9.02e-10	1	0.0791966866427401	0.477773671965107
rs9490128	3.19	0.835	CA/GT	1	1.74e-08	1	0.00444334923973861	0.87113494373095
rs9490129	3.4	0.835	CG/GT	1	1.7e-08	1	0.00454484546011266	0.85770339979136
rs11154000	3.63	1	CG/GA	1	9.83e-10	1	0.0728260276876401	0.705242341624606
rs9387925	3.82	1	CG/GA	1	9.32e-10	1	0.0767096004576438	0.632416313936966
rs9490133	5.04	0.831	CC/GT	1	1.38e-08	1	0.0055653259150732	0.843174625113124
rs9482120	5.39	0.624	CA/GC	1	0.000151	0	7.38237925879961e-07	0.999987953072073
rs4295488	6.94	0.835	CC/GG	1	2.06e-08	1	0.00377156091947855	0.883303157666962
rs9372649	7.93	0.116	CT/GC	1	0.103	NA	NA	NA
rs9372650	8.14	0.526	CA/GC	1	0.00103	0	1.22834861109025e-07	0.999996685332669
rs62420383	8.47	0.115	CT/GC	1	0.0886	NA	NA	NA
rs9490143	8.9	0.53	CA/GG	1	0.00106	0	1.19614639645326e-07	0.999996804947309
rs7753937	9.08	0.53	CG/GA	1	0.00102	0	1.23949011157575e-07	0.999996562497808
rs9490147	10.5	0.53	CT/GC	1	0.00118	0	1.08323074961448e-07	0.999998273130871
rs6928583	10.9	0.21	CA/GG	1	6.31e-05	NA	NA	NA
rs11154009	11.6	0.53	CT/GC	1	0.000906	0	1.38329587867078e-07	0.999995643812053
rs12196026	11.6	0.835	CC/GT	1	3.18e-08	1	0.00247474813488879	0.943013391882056
rs11154010	11.7	0.53	CG/GA	1	0.000925	0	1.35694563505674e-07	0.999995916021888
rs35121390	11.9	0.63	CC/GG	1	8.93e-05	0	1.21152977538562e-06	0.999985027037177
rs9320798	12.1	0.53	CT/GC	1	0.000947	0	1.32771545221403e-07	0.999996181955798
rs4548017	12.2	0.633	CG/GA	1	9.96e-05	0	1.09286062856359e-06	0.999987214834147
rs4644071	12.3	0.527	CC/GT	1	0.000966	0	1.30350980818089e-07	0.999996312306779
rs4464802	12.3	0.527	CA/GT	1	0.000944	0	1.33162365449792e-07	0.999996049184253
rs6569187	13.2	0.53	CC/GT	1	0.0011	0	1.15585863620779e-07	0.999997036119036
rs11757426	13.6	0.835	CT/GC	1	2.55e-08	1	0.003065972045095	0.912751674177356
rs6569189	14.2	0.53	CC/GA	1	0.00115	0	1.10931967970009e-07	0.999997832011892
rs6651004	14.5	0.53	CC/GT	1	0.00118	0	1.08323074961448e-07	0.999998381453946
rs6650999	14.6	0.53	CC/GT	1	0.00115	0	1.10931967970009e-07	0.999998164807796
rs62420386	14.9	0.116	CC/GT	1	0.111	NA	NA	NA
rs6569192	14.9	0.53	CT/GG	1	0.00119	0	1.07481750713727e-07	0.999998703899198
rs7775196	15.1	0.835	CC/GG	1	2.23e-08	1	0.0034921298362817	0.893904621506319
rs7757790	15.1	0.53	CC/GA	1	0.00115	0	1.10931967970009e-07	0.99999794294386
rs7761851	15.2	0.53	CC/GT	1	0.00112	0	1.13676037349762e-07	0.999997609248803
rs4363043	15.7	0.504	CT/GC	1	0.00132	0	9.76696834964392e-08	0.999999008525548
rs4839932	16.1	0.835	CT/GC	1	2.22e-08	1	0.00350739823525348	0.890412491670037
rs9401391	16.4	0.115	CC/GT	1	0.0901	NA	NA	NA
rs9375023	16.6	0.53	CC/GT	1	0.00119	0	1.07481750713727e-07	0.999998488935697
rs7772327	16.9	0.53	CC/GT	1	0.00123	0	1.04248960926432e-07	0.999998808148159
rs7772622	17.1	0.527	CC/GT	1	0.0011	0	1.15585863620779e-07	0.9999971517049
rs6900820	17.9	0.53	CA/GT	1	0.00115	0	1.10931967970009e-07	0.999998053875828
rs6917037	17.9	0.53	CG/GC	1	0.0011	0	1.15585863620779e-07	0.999996920533173
rs6917247	18.1	0.53	CG/GC	1	0.00114	0	1.11831121792977e-07	0.999997721079924
rs9482139	19.6	0.53	CC/GT	1	0.00111	0	1.146226217649e-07	0.999997266327522
rs4313006	19.7	0.53	CA/GG	1	0.00111	0	1.146226217649e-07	0.999997380950143
rs9387948	20.9	0.116	CG/GA	1	0.0848	NA	NA	NA
rs12525015	21.2	0.116	CC/GT	1	0.0999	NA	NA	NA
rs7765605	22.4	0.527	CC/GT	1	0.00125	0	1.0270770522864e-07	0.999998910855864
rs4412207	23.5	0.527	CA/GG	1	0.00111	0	1.146226217649e-07	0.999997495572765
rs6905544	24.4	0.63	CG/GA	1	0.000156	0	7.15944159101978e-07	0.999988669016232
rs9482158	25.3	0.83	CC/GT	1	2.66e-08	1	0.00294285612368056	0.918680976289037
rs62420388	25.6	0.116	CG/GT	1	0.0987	NA	NA	NA
rs62420389	25.7	0.116	CG/GT	1	0.0987	NA	NA	NA
rs9482159	26	0.865	CT/GC	1	2.87e-08	1	0.00273368086712628	0.93274756859377
rs9375027	26.2	0.116	CG/GC	1	0.0956	NA	NA	NA
rs9375028	26.2	0.116	CG/GA	1	0.0957	NA	NA	NA
rs9375029	27.9	0.115	CC/GT	1	0.089	NA	NA	NA
rs9387952	28.3	0.527	CG/GT	1	0.00158	0	8.27539310942008e-08	0.999999640698434
rs9375030	28.6	0.116	CC/GA	1	0.0982	NA	NA	NA
rs9375031	28.6	0.494	CT/GC	1	0.00156	0	8.37303054744004e-08	0.999999557944503
rs4636034	28.9	0.116	CA/GG	1	0.0957	NA	NA	NA
rs4395727	29	0.116	CG/GA	1	0.0462	NA	NA	NA
rs6935884	29.3	0.501	CC/GA	1	0.00184	0	7.1934437636731e-08	0.999999712632871
rs4610575	29.9	0.834	CT/GA	1	6e-08	1	0.0013372432840188	0.981463842254994
rs9490266	31.4	0.498	CC/GT	1	0.00149	0	8.73469613389299e-08	0.999999474214197
rs9387954	31.8	0.117	CG/GA	1	0.103	NA	NA	NA
rs9387955	31.9	0.524	CG/GA	1	0.00142	0	9.13078831636958e-08	0.999999386867236
rs12207309	32.3	0.826	CT/GC	1	3e-08	1	0.00261867278595709	0.938001963648886
rs9401406	33.4	0.116	CA/GG	1	0.097	NA	NA	NA
rs9398634	33.6	0.116	CG/GT	1	0.116	NA	NA	NA
rs6938973	34.4	0.628	CC/GT	1	0.000172	0	6.53104505338566e-07	0.999989322120737
rs6912235	34.5	0.116	CC/GT	1	0.0959	NA	NA	NA
rs9372657	35.1	0.116	CA/GG	1	0.0959	NA	NA	NA
rs9398636	35.5	0.116	CT/GC	1	0.0959	NA	NA	NA
rs9387963	35.9	0.524	CA/GG	1	0.00133	0	9.6991883881445e-08	0.999999105517432
rs72934736	36.1	0.826	CC/GT	1	3.1e-08	1	0.00253668009828116	0.940538643747167
rs9387964	36.2	0.116	CT/GC	1	0.0959	NA	NA	NA
rs62420418	36.5	0.116	CC/GA	1	0.0959	NA	NA	NA
rs9387968	37.9	0.116	CC/GG	1	0.0959	NA	NA	NA
rs4601135	38.3	0.116	CG/GA	1	0.0952	NA	NA	NA
rs4644075	38.5	0.116	CC/GA	1	0.0952	NA	NA	NA
rs12216151	39.2	0.861	CG/GA	1	1.69e-08	1	0.00457095990193557	0.853158554331247
rs9320823	42.1	0.625	CC/GT	1	9.94e-05	0	1.09493634096759e-06	0.999986121973518
rs9401416	43.5	0.116	CA/GG	1	0.0887	NA	NA	NA
rs4412208	44.3	0.524	CT/GC	1	0.000764	0	1.62028858759292e-07	0.999993937150555
rs9320825	44.5	0.826	CG/GA	1	1.82e-08	1	0.0042535653925486	0.875388509123498
rs4460216	46.4	0.524	CC/GA	1	0.000764	0	1.62028858759292e-07	0.999994099179413
rs4428508	47.2	0.861	CT/GC	1	1.15e-08	1	0.00664392629215163	0.81917772866602
rs10872224	47.8	0.628	CT/GG	1	8.72e-05	0	1.2390758912024e-06	0.999983815507402
rs58369753	48.3	0.116	CT/GG	1	0.0934	NA	NA	NA
rs9654630	49.1	0.861	CT/GA	1	1.27e-08	1	0.00603308425232	0.837609299198051
rs11154040	49.7	0.826	CA/GG	1	1.74e-08	1	0.00444334923973861	0.866691594491211
rs4240559	50.5	0.524	CC/GT	1	0.000734	0	1.68170061495953e-07	0.999993116495858
rs9385205	50.8	0.116	CT/GG	1	0.127	NA	NA	NA
rs9398648	51.3	0.524	CT/GA	1	0.00073	0	1.69025845502733e-07	0.999992948325797
rs4368816	51.9	0.524	CA/GT	1	0.000763	0	1.62226019426477e-07	0.999993775121696
rs4395729	53.6	0.826	CA/GG	1	1.7e-08	1	0.00454484546011266	0.862248245251472
rs4560655	57.5	0.861	CA/GC	1	1.23e-08	1	0.00622362983879799	0.825401358504818
rs4524616	57.7	0.524	CA/GC	1	0.000774	0	1.60084423765485e-07	0.999994581949399
rs9401449	60.9	0.116	CT/GA	1	0.094	NA	NA	NA
rs12209045	61.4	0.852	CA/GG	1	1.87e-08	1	0.00414308762398473	0.879531596747483
rs4839933	62.4	0.78	CG/GA	1	7.47e-08	0	0.00108147569544498	0.991398240421386
rs62420419	62.4	0.116	CA/GG	1	0.133	NA	NA	NA
rs4320374	62.9	0.78	CT/GA	1	1.74e-07	0	0.000477152637962231	0.993647563412698
rs9401450	63	0.116	CA/GT	1	0.107	NA	NA	NA
rs9401452	65.4	0.561	CT/GC	1	0.000288	0	4.02563384324476e-07	0.999989724684122
rs9320842	66.2	0.75	CC/GT	1	1.71e-07	0	0.000485243669422072	0.993170410774736
rs9398651	67.4	0.116	CA/GT	1	0.107	NA	NA	NA
rs6916891	70.3	0.116	CG/GT	1	0.13	NA	NA	NA
rs9401458	71.1	0.561	CC/GT	1	0.000394	0	3.00255960922253e-07	0.999990694785099
rs78323999	72.2	0.163	CC/GT	1	0.0313	NA	NA	NA
rs6909726	72.5	0.117	CA/GG	1	0.0979	NA	NA	NA
rs6569235	72.9	0.78	CG/GC	1	1.22e-07	0	0.000672645326007043	0.992070885747393
rs9388017	76.1	0.397	CA/GG	1	0.00178	NA	NA	NA
rs9375075	77.1	0.394	CT/GA	1	0.00182	NA	NA	NA
rs17813294	77.3	0.212	CC/GG	1	1.94e-05	NA	NA	NA
rs4562150	77.7	0.356	CG/GA	1	0.00284	NA	NA	NA
rs9385222	77.8	0.394	CG/GA	1	0.00182	NA	NA	NA
rs4557524	78.9	0.68	CT/GG	1	3.21e-07	0	0.000264063982027982	0.998054895206003
rs9385223	79.1	0.115	CT/GG	1	0.13	NA	NA	NA
rs4131042	81	0.115	CA/GG	1	0.131	NA	NA	NA
rs9375079	81.5	0.115	CG/GA	1	0.13	NA	NA	NA
rs17058139	82.2	0.116	CT/GC	1	0.142	NA	NA	NA
rs17058141	82.9	0.116	CG/GC	1	0.141	NA	NA	NA
rs12524696	83.4	0.116	CG/GA	1	0.15	NA	NA	NA
rs9375085	85.3	0.116	CG/GC	1	0.15	NA	NA	NA
rs7740370	85.9	0.772	CG/GA	1	2.16e-07	0	0.000387161329792106	0.995295900448079
rs7741660	86	0.772	CC/GA	1	2.18e-07	0	0.000383728471339701	0.995679628919419
rs7772104	87.9	0.458	CA/GG	1	0.00342	0	4.08025460429576e-08	0.999999753435417
rs17058149	88.2	0.115	CG/GT	1	0.141	NA	NA	NA
rs4132635	89.4	0.742	CT/GG	1	2.78e-07	0	0.000303403860987902	0.996642244644898
rs74515880	91.2	0.262	CA/GG	1	0.207	NA	NA	NA
rs17813721	91.6	0.107	CC/GT	1	0.753	NA	NA	NA
rs7760876	94.5	0.458	CC/GT	1	0.00345	0	4.04794514574173e-08	0.999999793914869
rs9375098	94.5	0.115	CT/GC	1	0.141	NA	NA	NA
rs9401491	94.6	0.116	CG/GA	1	0.147	NA	NA	NA
rs4307179	97.2	0.116	CT/GC	1	0.152	NA	NA	NA
rs11154067	99.6	0.746	CG/GA	1	3.07e-07	0	0.00027568142451909	0.997790831223975
rs9375104	99.8	0.458	CG/GC	1	0.00351	0	3.98492332256846e-08	0.999999874031148
rs12663336	101	0.458	CC/GA	1	0.00347	0	4.02670459667605e-08	0.999999834181915
rs4601136	101	0.746	CG/GA	1	2.91e-07	0	0.000290304219420822	0.997226759351202
rs9398662	102	0.458	CT/GC	1	0.00368	0	3.81712641467575e-08	0.999999912202412
rs4839936	102	0.429	CT/GC	1	0.000577	0	2.10354412050602e-07	0.999991123248799
rs17058157	103	0.115	CG/GA	1	0.142	NA	NA	NA
rs62420423	104	0.116	CC/GT	1	0.154	NA	NA	NA
rs9388046	104	0.458	CG/GA	1	0.00429	0	3.32088944448156e-08	0.9999999824853
rs4499937	106	0.117	CG/GT	1	0.147	NA	NA	NA
rs2498442	106	0.776	CT/GG	1	2.15e-07	0	0.000388901331024231	0.994908739118287
rs2498443	106	0.776	CT/GA	1	1.94e-07	0	0.000429515602721042	0.994519837787263
rs13194250	107	0.455	CC/GT	1	0.0038	0	3.70739932043071e-08	0.999999949276405
rs2503789	107	0.776	CT/GC	1	2.46e-07	0	0.000341444560682756	0.996021073480102
rs2505059	109	0.867	CG/GA	1	2.98e-08	1	0.00263572226915861	0.935383290862929
rs2505058	109	0.867	CT/GC	1	2.44e-08	1	0.00320002770298085	0.900356427827961
rs62420424	110	0.116	CG/GA	1	0.133	NA	NA	NA
rs62420425	110	0.117	CG/GA	1	0.137	NA	NA	NA
rs2503788	112	0.867	CC/GT	1	2.74e-08	1	0.00285944260829118	0.924451421657676
rs12529845	112	0.116	CC/GG	1	0.135	NA	NA	NA
rs117786405	113	0.109	CT/GC	1	0.295	NA	NA	NA
rs2505057	113	0.867	CT/GA	1	2.4e-08	1	0.00325177861866165	0.89715640012498
rs9401501	113	0.556	CT/GC	1	0.000743	0	1.66277222783137e-07	0.99999344967629
rs2505056	113	0.742	CG/GA	1	4.94e-07	0	0.000174202006302269	0.998977738305103
rs2505054	115	0.742	CA/GG	1	3.36e-07	0	0.000252674523994701	0.99856392788003
rs9375110	116	0.117	CA/GC	1	0.137	NA	NA	NA
rs3004176	117	0.867	CG/GA	1	2.51e-08	1	0.00311337884836918	0.906619730087166
rs62420439	118	0.116	CA/GG	1	0.135	NA	NA	NA
rs2503784	118	0.867	CC/GT	1	2.69e-08	1	0.00291100276034822	0.921591979049385
rs9375113	119	0.116	CA/GG	1	0.127	NA	NA	NA
rs2503782	119	0.867	CG/GA	1	2.48e-08	1	0.0031499234108352	0.903506351238796
rs13215227	119	0.556	CT/GC	1	0.000604	0	2.01587250077137e-07	0.999991526423299
rs2503781	120	0.867	CG/GA	1	2.55e-08	1	0.003065972045095	0.909685702132261
rs4839938	120	0.556	CC/GT	1	0.000604	0	2.01587250077137e-07	0.999991324836049
rs9490425	120	0.117	CT/GA	1	0.135	NA	NA	NA
rs4839939	121	0.556	CA/GC	1	0.000705	0	1.74587669322503e-07	0.999992610058737
rs112061518	122	0.101	CT/GA	1	0.0103	NA	NA	NA
rs4576255	122	0.556	CT/GG	1	0.000695	0	1.76920971953952e-07	0.999992435471068
rs2505051	124	0.863	CC/GT	1	2.62e-08	1	0.00298644598800092	0.915738120165356
rs7452685	124	0.746	CT/GC	1	3.55e-07	0	0.000239608418770418	0.998803536298801
rs3004178	126	0.742	CT/GC	1	3.31e-07	0	0.000256358150033022	0.998311253356036
rs3004179	126	0.526	CG/GA	1	0.000729	0	1.69241214185694e-07	0.999992779299951
rs7765628	126	0.117	CG/GA	1	0.143	NA	NA	NA
rs55731746	127	0.556	CG/GA	1	0.000634	0	1.92696873938669e-07	0.999991719120173
rs6928075	129	0.117	CA/GG	1	0.142	NA	NA	NA
rs9388073	129	0.117	CA/GG	1	0.142	NA	NA	NA
rs4466255	130	0.117	CC/GA	1	0.142	NA	NA	NA
rs12214442	130	0.746	CA/GG	1	2.87e-07	0	0.000294210486882243	0.996936455131781
rs2505049	131	0.742	CT/GG	1	2.93e-07	0	0.000288390448253999	0.997515149799456
rs9401542	131	0.117	CA/GC	1	0.153	NA	NA	NA
rs9372699	131	0.117	CG/GA	1	0.142	NA	NA	NA
rs147367066	132	0.259	CT/GC	1	0.225	NA	NA	NA
rs9388075	132	0.117	CT/GC	1	0.151	NA	NA	NA
rs4401671	133	0.556	CT/GG	1	0.000768	0	1.61245194251591e-07	0.999994421864975
rs2503776	133	0.867	CT/GA	1	2.16e-08	1	0.00360193576782195	0.886905093434784
rs9388076	133	0.117	CT/GC	1	0.138	NA	NA	NA
rs13216075	135	0.556	CC/GG	1	0.000686	0	1.79077326027786e-07	0.999992258550096
rs35062457	135	0.556	CT/GC	1	0.000778	0	1.5932022098994e-07	0.999995060481544
rs9490465	137	0.117	CT/GC	1	0.13	NA	NA	NA
rs9388083	138	0.551	CC/GT	1	0.00074	0	1.66903208690299e-07	0.999993283399067
rs9388085	139	0.109	CC/GT	1	0.108	NA	NA	NA
rs9398676	140	0.551	CC/GT	1	0.000777	0	1.5951055658544e-07	0.999994901161323
rs9490475	140	0.11	CG/GA	1	0.149	NA	NA	NA
rs9388090	140	0.551	CC/GT	1	0.000816	0	1.52422881828597e-07	0.999995212904426
rs7766486	141	0.516	CT/GC	1	0.00086	0	1.45175688101421e-07	0.999995505482465
rs7742854	141	0.516	CC/GT	1	0.000776	0	1.59701367708129e-07	0.999994741650767
rs4458695	141	0.553	CG/GA	1	0.000767	0	1.61440367474023e-07	0.999994260619781
rs12176311	142	0.553	CC/GT	1	0.000758	0	1.63219386613512e-07	0.999993612895676
rs9388104	148	0.11	CT/GG	1	0.131	NA	NA	NA
rs9398680	148	0.11	CT/GA	1	0.0993	NA	NA	NA
rs9398681	148	0.11	CC/GT	1	0.103	NA	NA	NA
rs9398682	149	0.11	CT/GA	1	0.101	NA	NA	NA
rs9398685	149	0.879	CT/GC	1	4.11e-08	1	0.00192962967876877	0.964709077889656
rs9388107	150	0.11	CA/GC	1	0.145	NA	NA	NA
rs7773141	150	0.879	CG/GA	1	2.86e-08	1	0.00274295454126982	0.930013887726644
rs2503773	150	0.721	CG/GA	1	5.11e-07	0	0.000168609782394399	0.999146348087497
rs9490512	151	0.725	CA/GG	1	1.03e-06	0	8.58218953541272e-05	0.999463972579917
rs901628	152	0.553	CC/GG	1	0.000681	0	1.80299178461605e-07	0.999991899419352
rs901629	152	0.546	CC/GT	1	0.000682	0	1.80053418008241e-07	0.99999207947277
rs901630	152	0.553	CC/GT	1	0.000846	0	1.47402350778403e-07	0.999995360306777
rs9482263	152	0.109	CT/GC	1	0.0996	NA	NA	NA
rs9388109	153	0.875	CT/GC	1	3.43e-08	1	0.00229958389374026	0.952506446632536
rs79690157	153	0.162	CG/GA	1	0.0739	NA	NA	NA
rs2450528	153	0.717	CT/GA	1	6.39e-07	0	0.000135923023368885	0.999282271110866
rs9388110	154	0.109	CC/GT	1	0.0979	NA	NA	NA
rs9388111	154	0.11	CA/GG	1	0.0981	NA	NA	NA
rs62422661	158	0.556	CG/GT	1	0.000555	0	2.18109288182117e-07	0.999990912894387
rs11964122	159	0.659	CT/GC	1	1.73e-06	0	5.21189470084581e-05	0.999516091526925
rs35099767	159	0.489	CG/GT	1	0.000375	0	3.14450532695948e-07	0.999990394529138
rs9401593	163	0.115	CA/GC	1	0.468	NA	NA	NA
rs1906252	163	0.117	CC/GA	1	0.28	NA	NA	NA
rs1601732	166	0.29	CA/GG	1	6.56e-06	NA	NA	NA
rs1487441	167	0.117	CG/GA	1	0.252	NA	NA	NA
rs9375188	168	0.115	CC/GT	1	0.272	NA	NA	NA
rs1906251	174	0.292	CC/GA	1	1.32e-05	NA	NA	NA
rs1487445	178	0.116	CC/GT	1	0.33	NA	NA	NA
rs9490616	180	0.296	CA/GC	1	1.69e-05	NA	NA	NA
rs2046604	183	0.298	CT/GG	1	1.42e-05	NA	NA	NA
rs968050	187	0.116	CC/GT	1	0.22	NA	NA	NA
rs3811067	188	0.296	CA/GG	1	1.7e-05	NA	NA	NA
rs9375216	189	0.298	CT/GC	1	1.51e-05	NA	NA	NA
rs12202969	189	0.116	CG/GA	1	0.223	NA	NA	NA
rs9372734	190	0.116	CC/GT	1	0.223	NA	NA	NA
rs6931604	191	0.362	CC/GT	1	2.26e-06	NA	NA	NA
rs1487450	192	0.298	CA/GG	1	1.58e-05	NA	NA	NA
rs2450518	194	0.296	CA/GG	1	1.66e-05	NA	NA	NA
rs2502933	194	0.298	CC/GT	1	1.53e-05	NA	NA	NA
rs12206087	196	0.116	CG/GA	1	0.245	NA	NA	NA
rs2450527	198	0.298	CG/GT	1	1.49e-05	NA	NA	NA
rs2450526	198	0.298	CG/GA	1	1.41e-05	NA	NA	NA
rs2450525	199	0.298	CG/GA	1	1.52e-05	NA	NA	NA
rs2450512	202	0.3	CT/GG	1	1.44e-05	NA	NA	NA
rs2388334	204	0.116	CA/GG	1	0.228	NA	NA	NA
rs2263208	205	0.298	CG/GC	1	1.52e-05	NA	NA	NA
rs1806415	205	0.191	CG/GC	1	0.000141	NA	NA	NA
rs62422687	277	0.214	CG/GA	1	0.000257	NA	NA	NA
rs75477016	394	0.136	CC/GT	1	0.183	NA	NA	NA
