SNP	KB	R2	Alleles	F	P	inCredible	probNorm	cumSum	inCredible	probNorm	cumSum
rs10263498	0	1	T	1	3e-08	1	0.0317398779289011	0.0317398779289011	1	0.0317398779289011	0.0317398779289011
rs500976	-565	0.15	TT/CC	1	0.00494	NA	NA	NA	NA	NA	NA
rs532111	-564	0.113	TT/CC	1	0.00862	NA	NA	NA	NA	NA	NA
rs559439	-564	0.11	TG/CT	1	0.0104	NA	NA	NA	NA	NA	NA
rs482237	-562	0.11	TT/CC	1	0.00962	NA	NA	NA	NA	NA	NA
rs1419506	-553	0.11	TA/CG	1	0.00752	NA	NA	NA	NA	NA	NA
rs2028044	-538	0.11	TT/CG	1	0.0102	NA	NA	NA	NA	NA	NA
rs1419505	-535	0.112	TG/CA	1	0.00974	NA	NA	NA	NA	NA	NA
rs338318	-524	0.112	TC/CT	1	0.0112	NA	NA	NA	NA	NA	NA
rs338319	-524	0.112	TG/CA	1	0.0115	NA	NA	NA	NA	NA	NA
rs337897	-519	0.113	TT/CC	1	0.00413	NA	NA	NA	NA	NA	NA
rs337898	-518	0.113	TA/CT	1	0.00388	NA	NA	NA	NA	NA	NA
rs337899	-518	0.113	TA/CG	1	0.0038	NA	NA	NA	NA	NA	NA
rs337901	-514	0.112	TC/CT	1	0.0127	NA	NA	NA	NA	NA	NA
rs337903	-512	0.112	TC/CT	1	0.0128	NA	NA	NA	NA	NA	NA
rs337905	-503	0.114	TA/CG	1	0.0122	NA	NA	NA	NA	NA	NA
rs337907	-502	0.114	TG/CT	1	0.0125	NA	NA	NA	NA	NA	NA
rs1719110	-502	0.114	TC/CT	1	0.0123	NA	NA	NA	NA	NA	NA
rs337911	-499	0.114	TA/CT	1	0.0123	NA	NA	NA	NA	NA	NA
rs337915	-498	0.114	TA/CC	1	0.0122	NA	NA	NA	NA	NA	NA
rs337917	-493	0.114	TT/CC	1	0.0116	NA	NA	NA	NA	NA	NA
rs337301	-492	0.114	TC/CT	1	0.0124	NA	NA	NA	NA	NA	NA
rs337305	-490	0.113	TC/CT	1	0.0129	NA	NA	NA	NA	NA	NA
rs337312	-485	0.113	TA/CG	1	0.0124	NA	NA	NA	NA	NA	NA
rs337320	-481	0.113	TC/CA	1	0.0119	NA	NA	NA	NA	NA	NA
rs654742	-481	0.113	TA/CT	1	0.0121	NA	NA	NA	NA	NA	NA
rs337338	-474	0.11	TG/CA	1	0.00654	NA	NA	NA	NA	NA	NA
rs168079	-467	0.11	TC/CT	1	0.00632	NA	NA	NA	NA	NA	NA
rs337335	-465	0.113	TG/CA	1	0.0061	NA	NA	NA	NA	NA	NA
rs337331	-459	0.114	TC/CT	1	0.0111	NA	NA	NA	NA	NA	NA
rs477	-451	0.117	TT/CA	1	0.00433	NA	NA	NA	NA	NA	NA
rs481	-449	0.117	TC/CA	1	0.00445	NA	NA	NA	NA	NA	NA
rs485	-444	0.122	TC/CT	1	0.00354	NA	NA	NA	NA	NA	NA
rs489	-436	0.123	TC/CT	1	0.00456	NA	NA	NA	NA	NA	NA
rs491	-435	0.122	TA/CT	1	0.00453	NA	NA	NA	NA	NA	NA
rs17149580	-427	0.108	TG/CA	1	0.343	NA	NA	NA	NA	NA	NA
rs336649	-427	0.165	TT/CC	1	0.0784	NA	NA	NA	NA	NA	NA
rs10954108	-424	0.139	TT/CC	1	0.00488	NA	NA	NA	NA	NA	NA
rs335901	-424	0.155	TT/CC	1	0.103	NA	NA	NA	NA	NA	NA
rs335902	-423	0.155	TC/CG	1	0.104	NA	NA	NA	NA	NA	NA
rs335904	-422	0.155	TT/CC	1	0.103	NA	NA	NA	NA	NA	NA
rs335913	-415	0.152	TT/CC	1	0.104	NA	NA	NA	NA	NA	NA
rs335914	-415	0.164	TC/CT	1	0.107	NA	NA	NA	NA	NA	NA
rs73223045	-413	0.108	TC/CG	1	0.337	NA	NA	NA	NA	NA	NA
rs10954109	-412	0.149	TT/CG	1	0.00534	NA	NA	NA	NA	NA	NA
rs35647384	-412	0.144	TG/CA	1	0.00643	NA	NA	NA	NA	NA	NA
rs12534864	-411	0.15	TG/CA	1	0.00618	NA	NA	NA	NA	NA	NA
rs11773868	-409	0.149	TA/CG	1	0.00593	NA	NA	NA	NA	NA	NA
rs335884	-408	0.164	TA/CG	1	0.102	NA	NA	NA	NA	NA	NA
rs7785170	-408	0.149	TT/CA	1	0.00656	NA	NA	NA	NA	NA	NA
rs335885	-407	0.164	TA/CG	1	0.0623	NA	NA	NA	NA	NA	NA
rs41515546	-406	0.108	TC/CT	1	0.244	NA	NA	NA	NA	NA	NA
rs714236	-406	0.143	TT/CC	1	0.0038	NA	NA	NA	NA	NA	NA
rs20948	-406	0.164	TT/CC	1	0.0711	NA	NA	NA	NA	NA	NA
rs714237	-406	0.143	TT/CC	1	0.00559	NA	NA	NA	NA	NA	NA
rs335888	-403	0.164	TG/CA	1	0.0615	NA	NA	NA	NA	NA	NA
rs4731310	-403	0.211	TC/CT	1	0.000164	NA	NA	NA	NA	NA	NA
rs335891	-400	0.162	TG/CC	1	0.0636	NA	NA	NA	NA	NA	NA
rs335893	-399	0.162	TT/CC	1	0.0903	NA	NA	NA	NA	NA	NA
rs12673089	-399	0.106	TT/CC	1	0.269	NA	NA	NA	NA	NA	NA
rs12532317	-398	0.147	TT/CC	1	0.00526	NA	NA	NA	NA	NA	NA
rs17149628	-398	0.106	TT/CC	1	0.245	NA	NA	NA	NA	NA	NA
rs17149630	-398	0.106	TT/CC	1	0.258	NA	NA	NA	NA	NA	NA
rs13222894	-396	0.164	TG/CA	1	0.0627	NA	NA	NA	NA	NA	NA
rs335898	-395	0.162	TA/CT	1	0.0617	NA	NA	NA	NA	NA	NA
rs11974286	-393	0.208	TC/CA	1	0.000173	NA	NA	NA	NA	NA	NA
rs384788	-393	0.162	TT/CA	1	0.0628	NA	NA	NA	NA	NA	NA
rs629870	-391	0.22	TA/CC	1	0.0267	NA	NA	NA	NA	NA	NA
rs631963	-391	0.162	TT/CC	1	0.0628	NA	NA	NA	NA	NA	NA
rs395328	-391	0.162	TA/CG	1	0.0626	NA	NA	NA	NA	NA	NA
rs13225472	-391	0.162	TT/CC	1	0.0633	NA	NA	NA	NA	NA	NA
rs687284	-389	0.162	TA/CG	1	0.0624	NA	NA	NA	NA	NA	NA
rs10241667	-388	0.164	TA/CG	1	0.0608	NA	NA	NA	NA	NA	NA
rs2023488	-387	0.143	TC/CT	1	0.00517	NA	NA	NA	NA	NA	NA
rs2023489	-387	0.143	TC/CT	1	0.00621	NA	NA	NA	NA	NA	NA
rs10270827	-387	0.164	TC/CA	1	0.0601	NA	NA	NA	NA	NA	NA
rs13237894	-387	0.164	TT/CC	1	0.0619	NA	NA	NA	NA	NA	NA
rs740626	-387	0.164	TG/CA	1	0.0619	NA	NA	NA	NA	NA	NA
rs740627	-387	0.164	TG/CA	1	0.0675	NA	NA	NA	NA	NA	NA
rs17149636	-386	0.104	TG/CA	1	0.254	NA	NA	NA	NA	NA	NA
rs1540344	-386	0.164	TT/CA	1	0.0614	NA	NA	NA	NA	NA	NA
rs57376604	-385	0.213	TC/CG	1	0.000163	NA	NA	NA	NA	NA	NA
rs10250075	-385	0.164	TT/CC	1	0.0617	NA	NA	NA	NA	NA	NA
rs9632757	-385	0.164	TC/CT	1	0.0618	NA	NA	NA	NA	NA	NA
rs10254157	-384	0.164	TA/CG	1	0.0614	NA	NA	NA	NA	NA	NA
rs1362181	-384	0.164	TA/CG	1	0.0638	NA	NA	NA	NA	NA	NA
rs4498481	-384	0.164	TT/CC	1	0.0614	NA	NA	NA	NA	NA	NA
rs34099926	-384	0.164	TT/CG	1	0.0616	NA	NA	NA	NA	NA	NA
rs34962358	-384	0.164	TA/CG	1	0.0616	NA	NA	NA	NA	NA	NA
rs12706730	-384	0.164	TC/CT	1	0.0612	NA	NA	NA	NA	NA	NA
rs6953975	-383	0.164	TC/CT	1	0.0614	NA	NA	NA	NA	NA	NA
rs6976095	-383	0.164	TG/CA	1	0.0596	NA	NA	NA	NA	NA	NA
rs6976637	-382	0.164	TA/CG	1	0.0617	NA	NA	NA	NA	NA	NA
rs6958798	-382	0.164	TC/CT	1	0.0624	NA	NA	NA	NA	NA	NA
rs6976541	-382	0.164	TG/CA	1	0.0617	NA	NA	NA	NA	NA	NA
rs10262839	-382	0.164	TG/CC	1	0.0635	NA	NA	NA	NA	NA	NA
rs12668169	-382	0.164	TA/CT	1	0.0617	NA	NA	NA	NA	NA	NA
rs12670259	-381	0.164	TG/CA	1	0.0616	NA	NA	NA	NA	NA	NA
rs6965007	-381	0.164	TT/CA	1	0.0608	NA	NA	NA	NA	NA	NA
rs2058134	-380	0.17	TC/CT	1	0.0614	NA	NA	NA	NA	NA	NA
rs13239573	-380	0.164	TC/CT	1	0.0625	NA	NA	NA	NA	NA	NA
rs6975574	-379	0.164	TT/CC	1	0.0615	NA	NA	NA	NA	NA	NA
rs6976448	-379	0.164	TA/CG	1	0.0587	NA	NA	NA	NA	NA	NA
rs984148	-379	0.146	TT/CA	1	0.00404	NA	NA	NA	NA	NA	NA
rs66659666	-378	0.164	TC/CA	1	0.0616	NA	NA	NA	NA	NA	NA
rs7800905	-377	0.222	TC/CT	1	0.0258	NA	NA	NA	NA	NA	NA
rs2402815	-377	0.164	TG/CC	1	0.0616	NA	NA	NA	NA	NA	NA
rs2157757	-377	0.164	TT/CC	1	0.0617	NA	NA	NA	NA	NA	NA
rs35679922	-377	0.151	TT/CC	1	0.00369	NA	NA	NA	NA	NA	NA
rs1419798	-376	0.146	TA/CG	1	0.00351	NA	NA	NA	NA	NA	NA
rs2106198	-376	0.164	TG/CA	1	0.053	NA	NA	NA	NA	NA	NA
rs10243075	-372	0.161	TT/CC	1	0.0296	NA	NA	NA	NA	NA	NA
rs10258854	-372	0.161	TC/CT	1	0.0276	NA	NA	NA	NA	NA	NA
rs10259237	-371	0.161	TC/CT	1	0.0275	NA	NA	NA	NA	NA	NA
rs2896371	-371	0.161	TC/CT	1	0.0272	NA	NA	NA	NA	NA	NA
rs17602968	-369	0.15	TG/CT	1	0.00375	NA	NA	NA	NA	NA	NA
rs10271926	-368	0.161	TC/CT	1	0.0273	NA	NA	NA	NA	NA	NA
rs12539616	-368	0.146	TT/CC	1	0.00337	NA	NA	NA	NA	NA	NA
rs2188190	-367	0.161	TG/CA	1	0.027	NA	NA	NA	NA	NA	NA
rs2213969	-367	0.161	TT/CG	1	0.0232	NA	NA	NA	NA	NA	NA
rs17603456	-362	0.105	TG/CA	1	0.17	NA	NA	NA	NA	NA	NA
rs1345259	-361	0.153	TA/CG	1	0.002	NA	NA	NA	NA	NA	NA
rs28673263	-345	0.15	TT/CG	1	0.000223	NA	NA	NA	NA	NA	NA
rs55922722	-343	0.158	TT/CG	1	0.000468	NA	NA	NA	NA	NA	NA
rs10279993	-336	0.158	TT/CC	1	0.000487	NA	NA	NA	NA	NA	NA
rs10268578	-335	0.228	TG/CA	1	4.76e-06	NA	NA	NA	NA	NA	NA
rs10487446	-335	0.146	TT/CC	1	0.000196	NA	NA	NA	NA	NA	NA
rs10487448	-334	0.15	TC/CA	1	0.000219	NA	NA	NA	NA	NA	NA
rs4728043	-332	0.228	TC/CT	1	3.27e-06	NA	NA	NA	NA	NA	NA
rs1419458	-331	0.228	TA/CC	1	5.66e-06	NA	NA	NA	NA	NA	NA
rs10263385	-331	0.108	TA/CG	1	0.234	NA	NA	NA	NA	NA	NA
rs17605091	-331	0.228	TA/CT	1	5.33e-06	NA	NA	NA	NA	NA	NA
rs17662715	-330	0.228	TG/CA	1	5.32e-06	NA	NA	NA	NA	NA	NA
rs17662745	-330	0.228	TG/CT	1	5.07e-06	NA	NA	NA	NA	NA	NA
rs1419460	-328	0.228	TC/CT	1	4.81e-06	NA	NA	NA	NA	NA	NA
rs1800656	-327	0.228	TG/CA	1	4.89e-06	NA	NA	NA	NA	NA	NA
rs712723	-326	0.228	TA/CG	1	5.34e-06	NA	NA	NA	NA	NA	NA
rs6976644	-324	0.15	TC/CT	1	0.000228	NA	NA	NA	NA	NA	NA
rs6977068	-324	0.108	TA/CG	1	0.234	NA	NA	NA	NA	NA	NA
rs2283059	-323	0.15	TG/CA	1	0.000198	NA	NA	NA	NA	NA	NA
rs17663074	-322	0.15	TC/CT	1	0.000191	NA	NA	NA	NA	NA	NA
rs7797299	-321	0.228	TA/CG	1	5.24e-06	NA	NA	NA	NA	NA	NA
rs10954112	-321	0.228	TA/CC	1	4.98e-06	NA	NA	NA	NA	NA	NA
rs10228052	-320	0.155	TC/CT	1	5.17e-05	NA	NA	NA	NA	NA	NA
rs17605952	-316	0.163	TT/CC	1	0.000378	NA	NA	NA	NA	NA	NA
rs2237727	-316	0.164	TT/CA	1	0.000352	NA	NA	NA	NA	NA	NA
rs17679839	-315	0.165	TA/CG	1	1.25e-05	NA	NA	NA	NA	NA	NA
rs17606274	-309	0.161	TC/CT	1	0.000145	NA	NA	NA	NA	NA	NA
rs2283062	-304	0.171	TA/CG	1	0.000404	NA	NA	NA	NA	NA	NA
rs2237731	-302	0.162	TG/CA	1	0.000152	NA	NA	NA	NA	NA	NA
rs10954114	-301	0.171	TA/CG	1	0.000383	NA	NA	NA	NA	NA	NA
rs7807141	-299	0.109	TC/CT	1	0.273	NA	NA	NA	NA	NA	NA
rs6467082	-298	0.156	TT/CC	1	0.0054	NA	NA	NA	NA	NA	NA
rs7786175	-296	0.319	TT/CA	1	3.84e-07	NA	NA	NA	NA	NA	NA
rs10954115	-295	0.323	TA/CC	1	1.54e-06	NA	NA	NA	NA	NA	NA
rs113806522	-293	0.182	TC/CG	1	0.063	NA	NA	NA	NA	NA	NA
rs2108849	-292	0.149	TG/CA	1	0.00269	NA	NA	NA	NA	NA	NA
rs62479311	-290	0.323	TA/CG	1	1.95e-06	NA	NA	NA	NA	NA	NA
rs6956988	-290	0.319	TT/CC	1	4.78e-07	NA	NA	NA	NA	NA	NA
rs62479312	-289	0.323	TA/CG	1	1.8e-06	NA	NA	NA	NA	NA	NA
rs1592426	-288	0.147	TC/CT	1	0.0026	NA	NA	NA	NA	NA	NA
rs13239396	-287	0.306	TA/CC	1	0.000703	NA	NA	NA	NA	NA	NA
rs13239611	-287	0.306	TG/CC	1	0.000692	NA	NA	NA	NA	NA	NA
rs66463489	-286	0.306	TT/CC	1	0.000659	NA	NA	NA	NA	NA	NA
rs13240298	-286	0.306	TG/CA	1	0.000638	NA	NA	NA	NA	NA	NA
rs13240582	-286	0.306	TA/CG	1	0.000633	NA	NA	NA	NA	NA	NA
rs2078760	-285	0.308	TT/CC	1	4.7e-07	NA	NA	NA	NA	NA	NA
rs7792275	-285	0.306	TG/CA	1	0.000581	NA	NA	NA	NA	NA	NA
rs7811274	-285	0.306	TC/CT	1	0.000657	NA	NA	NA	NA	NA	NA
rs7796030	-285	0.306	TG/CA	1	0.000645	NA	NA	NA	NA	NA	NA
rs7796761	-284	0.3	TT/CC	1	0.00152	NA	NA	NA	NA	NA	NA
rs62479313	-284	0.323	TT/CC	1	1.45e-06	NA	NA	NA	NA	NA	NA
rs12154953	-284	0.306	TT/CC	1	0.000653	NA	NA	NA	NA	NA	NA
rs12154954	-284	0.306	TT/CC	1	0.000718	NA	NA	NA	NA	NA	NA
rs12155281	-284	0.306	TA/CT	1	0.000708	NA	NA	NA	NA	NA	NA
rs12154960	-283	0.306	TG/CC	1	0.000566	NA	NA	NA	NA	NA	NA
rs10954116	-283	0.306	TC/CT	1	0.000597	NA	NA	NA	NA	NA	NA
rs10954117	-283	0.182	TA/CG	1	0.0619	NA	NA	NA	NA	NA	NA
rs1582258	-283	0.306	TG/CA	1	0.000585	NA	NA	NA	NA	NA	NA
rs1419474	-282	0.306	TG/CA	1	0.000602	NA	NA	NA	NA	NA	NA
rs1419475	-282	0.306	TC/CT	1	0.000597	NA	NA	NA	NA	NA	NA
rs1833070	-282	0.323	TG/CA	1	1.15e-06	NA	NA	NA	NA	NA	NA
rs916615	-280	0.323	TT/CA	1	6.55e-07	NA	NA	NA	NA	NA	NA
rs2283064	-280	0.305	TT/CC	1	2.03e-07	NA	NA	NA	NA	NA	NA
rs2839994	-277	0.345	TT/CC	1	1.61e-06	NA	NA	NA	NA	NA	NA
rs2237732	-275	0.303	TG/CC	1	0.00268	NA	NA	NA	NA	NA	NA
rs17680718	-274	0.348	TT/CC	1	5.1e-06	NA	NA	NA	NA	NA	NA
rs2299446	-273	0.353	TA/CG	1	5.23e-06	NA	NA	NA	NA	NA	NA
rs12671291	-272	0.148	TA/CG	1	0.102	NA	NA	NA	NA	NA	NA
rs17149845	-272	0.148	TA/CG	1	0.1	NA	NA	NA	NA	NA	NA
rs1468098	-271	0.353	TC/CT	1	3.68e-06	NA	NA	NA	NA	NA	NA
rs766240	-269	0.351	TC/CT	1	2.96e-06	NA	NA	NA	NA	NA	NA
rs766239	-269	0.346	TG/CC	1	3.73e-06	NA	NA	NA	NA	NA	NA
rs2237733	-267	0.351	TG/CT	1	2.84e-06	NA	NA	NA	NA	NA	NA
rs17607415	-266	0.351	TC/CT	1	2.55e-06	NA	NA	NA	NA	NA	NA
rs1345208	-266	0.293	TT/CA	1	0.00166	NA	NA	NA	NA	NA	NA
rs6943531	-260	0.307	TC/CA	1	0.00196	NA	NA	NA	NA	NA	NA
rs12673357	-258	0.304	TT/CC	1	0.0021	NA	NA	NA	NA	NA	NA
rs76998563	-257	0.15	TT/CC	1	0.135	NA	NA	NA	NA	NA	NA
rs728227	-255	0.15	TA/CT	1	0.118	NA	NA	NA	NA	NA	NA
rs728226	-255	0.351	TA/CG	1	1.79e-06	NA	NA	NA	NA	NA	NA
rs2247000	-255	0.355	TT/CA	1	1.64e-06	NA	NA	NA	NA	NA	NA
rs2299449	-254	0.355	TG/CA	1	1.74e-06	NA	NA	NA	NA	NA	NA
rs2237734	-252	0.15	TC/CA	1	0.106	NA	NA	NA	NA	NA	NA
rs2237735	-252	0.355	TT/CA	1	1.63e-06	NA	NA	NA	NA	NA	NA
rs2283065	-251	0.351	TT/CC	1	2.39e-06	NA	NA	NA	NA	NA	NA
rs56065814	-249	0.355	TA/CT	1	1.87e-06	NA	NA	NA	NA	NA	NA
rs2299450	-248	0.304	TT/CC	1	0.00181	NA	NA	NA	NA	NA	NA
rs2106200	-248	0.304	TA/CC	1	0.00176	NA	NA	NA	NA	NA	NA
rs2299451	-247	0.296	TC/CT	1	0.00144	NA	NA	NA	NA	NA	NA
rs2299452	-246	0.355	TT/CC	1	1.89e-06	NA	NA	NA	NA	NA	NA
rs2237736	-246	0.351	TG/CA	1	2.92e-06	NA	NA	NA	NA	NA	NA
rs2237737	-246	0.355	TC/CG	1	1.93e-06	NA	NA	NA	NA	NA	NA
rs10247952	-245	0.307	TT/CC	1	0.00162	NA	NA	NA	NA	NA	NA
rs13246399	-245	0.296	TA/CG	1	0.00206	NA	NA	NA	NA	NA	NA
rs2041167	-242	0.338	TT/CC	1	2.18e-06	NA	NA	NA	NA	NA	NA
rs2237738	-238	0.342	TA/CG	1	2e-06	NA	NA	NA	NA	NA	NA
rs2237739	-238	0.355	TG/CA	1	2.03e-06	NA	NA	NA	NA	NA	NA
rs2237741	-237	0.355	TG/CA	1	2.25e-06	NA	NA	NA	NA	NA	NA
rs2237742	-237	0.355	TT/CC	1	2.26e-06	NA	NA	NA	NA	NA	NA
rs2299457	-236	0.351	TG/CA	1	2.17e-06	NA	NA	NA	NA	NA	NA
rs2299458	-236	0.351	TA/CC	1	2.28e-06	NA	NA	NA	NA	NA	NA
rs6949287	-235	0.346	TA/CG	1	2.62e-06	NA	NA	NA	NA	NA	NA
rs6467085	-234	0.346	TT/CG	1	2.45e-06	NA	NA	NA	NA	NA	NA
rs2283066	-233	0.348	TT/CC	1	2.75e-06	NA	NA	NA	NA	NA	NA
rs7776779	-230	0.416	TA/CG	1	1.44e-05	1	8.30353839542129e-05	0.983583536270798	1	8.30353839542129e-05	0.983583536270798
rs2040510	-230	0.142	TT/CA	1	0.171	NA	NA	NA	NA	NA	NA
rs55841175	-228	0.144	TG/CA	1	0.139	NA	NA	NA	NA	NA	NA
rs17682143	-227	0.427	TA/CG	1	9.64e-06	1	0.000121790229217159	0.97993816958984	1	0.000121790229217159	0.97993816958984
rs17682178	-226	0.422	TT/CC	1	1.55e-05	1	7.7407055949213e-05	0.983740808530272	1	7.7407055949213e-05	0.983818215586221
rs10244055	-225	0.422	TT/CC	1	1.04e-05	1	0.000113275388039736	0.98016472036592	1	0.000113275388039736	0.98016472036592
rs2283067	-223	0.42	TA/CG	1	1.04e-05	1	0.000113275388039736	0.98027799575396	1	0.000113275388039736	0.98027799575396
rs917405	-223	0.42	TT/CC	1	1.04e-05	1	0.000113275388039736	0.98005144497788	1	0.000113275388039736	0.98005144497788
rs10256067	-222	0.391	TT/CC	1	0.000114	NA	NA	NA	NA	NA	NA
rs9641795	-219	0.494	TT/CC	1	2.86e-05	0	4.32028027089181e-05	0.998982350376518	0	4.32028027089181e-05	0.998982350376518
rs9641796	-219	0.494	TA/CC	1	2.74e-05	0	4.49997662698945e-05	0.99885186231285	0	4.49997662698945e-05	0.99885186231285
rs9641797	-219	0.494	TT/CA	1	2.14e-05	0	5.69285709383562e-05	0.997148688311446	0	5.69285709383562e-05	0.997262545453322
rs9641798	-219	0.494	TT/CA	1	2.22e-05	0	5.49741062301138e-05	0.997653639427662	0	5.49741062301138e-05	0.997653639427662
rs13227344	-219	0.123	TG/CA	1	0.129	NA	NA	NA	NA	NA	NA
rs7806558	-219	0.158	TC/CT	1	0.0305	NA	NA	NA	NA	NA	NA
rs9942680	-217	0.494	TA/CT	1	1.71e-05	1	7.04880353635328e-05	0.984963271877002	1	7.04880353635328e-05	0.984892783841638
rs9942681	-217	0.499	TA/CG	1	1.68e-05	1	7.16870512132291e-05	0.984466281700076	1	7.16870512132291e-05	0.984394594648863
rs9942592	-217	0.499	TC/CT	1	2.09e-05	0	5.82243982344151e-05	0.996401429805812	0	5.82243982344151e-05	0.996401429805812
rs36115890	-217	0.123	TA/CG	1	0.134	NA	NA	NA	NA	NA	NA
rs17682376	-217	0.499	TT/CG	1	2.04e-05	0	5.95823388381213e-05	0.995697374548404	0	5.95823388381213e-05	0.99551862753189
rs62479315	-217	0.499	TA/CG	1	2.19e-05	0	5.56906594668679e-05	0.997487765952845	0	5.56906594668679e-05	0.997487765952845
rs17609121	-216	0.499	TT/CC	1	1.99e-05	0	6.10070076248868e-05	0.994914607679098	0	6.10070076248868e-05	0.994731586656223
rs2402816	-214	0.494	TT/CC	1	2.01e-05	0	6.0428818470422e-05	0.995338472449239	0	6.0428818470422e-05	0.995398901267709
rs12154335	-213	0.499	TA/CT	1	2.15e-05	0	5.66764828939067e-05	0.997319221936216	0	5.66764828939067e-05	0.997319221936216
rs11486997	-212	0.499	TA/CG	1	2.27e-05	0	5.38210405043486e-05	0.998087404206141	0	5.38210405043486e-05	0.998087404206141
rs7808017	-210	0.387	TT/CC	1	0.00305	NA	NA	NA	NA	NA	NA
rs2299459	-210	0.177	TC/CA	1	0.508	NA	NA	NA	NA	NA	NA
rs2299460	-210	0.121	TC/CA	1	0.103	NA	NA	NA	NA	NA	NA
rs1946112	-210	0.499	TC/CT	1	2.06e-05	0	5.90314235825822e-05	0.995815711538543	0	5.90314235825822e-05	0.995815711538543
rs1946113	-209	0.172	TC/CT	1	0.55	NA	NA	NA	NA	NA	NA
rs7455156	-209	0.499	TT/CC	1	2.01e-05	0	6.0428818470422e-05	0.995398901267709	0	6.0428818470422e-05	0.995217614812298
rs1858952	-209	0.499	TG/CT	1	2.07e-05	0	5.87598723332283e-05	0.995991991155543	0	5.87598723332283e-05	0.995991991155543
rs2299463	-209	0.499	TA/CG	1	1.86e-05	0	6.5061481507013e-05	0.990969707847626	0	6.5061481507013e-05	0.990839584884612
rs2299464	-208	0.177	TG/CC	1	0.545	NA	NA	NA	NA	NA	NA
rs2299465	-208	0.494	TT/CC	1	2.25e-05	0	5.42762508310775e-05	0.997925714464625	0	5.42762508310775e-05	0.997925714464625
rs62479317	-208	0.499	TC/CT	1	1.98e-05	0	6.13003873484305e-05	0.994486678486553	0	6.13003873484305e-05	0.994670579648598
rs10278284	-207	0.176	TT/CC	1	0.542	NA	NA	NA	NA	NA	NA
rs12671690	-206	0.121	TA/CG	1	0.108	NA	NA	NA	NA	NA	NA
rs58153158	-206	0.499	TT/CC	1	2e-05	0	6.07164987530946e-05	0.995096757175357	0	6.07164987530946e-05	0.995096757175357
rs55832333	-205	0.499	TA/CT	1	1.96e-05	0	6.18959326698432e-05	0.993686214968829	0	6.18959326698432e-05	0.993562423103489
rs17682883	-204	0.503	TG/CA	1	1.95e-05	0	6.21981871266614e-05	0.993314234863896	0	6.21981871266614e-05	0.993314234863896
rs11981877	-204	0.506	TC/CA	1	1.93e-05	0	6.28118886155277e-05	0.992123880582991	0	6.28118886155277e-05	0.992814811357762
rs11982636	-204	0.506	TG/CA	1	1.82e-05	1	6.64229464241516e-05	0.989262597298906	1	6.64229464241516e-05	0.989196174352482
rs1946110	-203	0.506	TG/CA	1	1.74e-05	1	6.9329499371982e-05	0.985870312992381	1	6.9329499371982e-05	0.985662324494265
rs1946111	-203	0.506	TG/CA	1	1.66e-05	1	7.25099526537686e-05	0.983963654262959	1	7.25099526537686e-05	0.983963654262959
rs13241597	-203	0.104	TT/CA	1	0.112	NA	NA	NA	NA	NA	NA
rs12535152	-202	0.508	TA/CG	1	1.67e-05	1	7.20960905255683e-05	0.98410784644401	1	7.20960905255683e-05	0.98410784644401
rs990153	-202	0.202	TC/CT	1	0.572	NA	NA	NA	NA	NA	NA
rs8180791	-202	0.508	TG/CA	1	1.67e-05	1	7.20960905255683e-05	0.984035750353484	1	7.20960905255683e-05	0.984035750353484
rs8180790	-202	0.396	TA/CC	1	0.00302	NA	NA	NA	NA	NA	NA
rs12706737	-202	0.106	TG/CA	1	0.114	NA	NA	NA	NA	NA	NA
rs1419494	-201	0.508	TC/CT	1	1.69e-05	1	7.12827502577892e-05	0.984751412701107	1	7.12827502577892e-05	0.984537564450334
rs8180772	-201	0.508	TT/CG	1	1.69e-05	1	7.12827502577892e-05	0.984680129950849	1	7.12827502577892e-05	0.984751412701107
rs2402817	-200	0.202	TG/CA	1	0.586	NA	NA	NA	NA	NA	NA
rs12538632	-200	0.106	TA/CC	1	0.113	NA	NA	NA	NA	NA	NA
rs9942596	-199	0.508	TA/CG	1	1.73e-05	1	6.97113085126231e-05	0.985592994994893	1	6.97113085126231e-05	0.985453572377868
rs2896372	-199	0.508	TT/CC	1	1.68e-05	1	7.16870512132291e-05	0.984322907597649	1	7.16870512132291e-05	0.984466281700076
rs4731315	-198	0.204	TC/CT	1	0.586	NA	NA	NA	NA	NA	NA
rs62479321	-197	0.508	TG/CA	1	1.84e-05	1	6.57349732090889e-05	0.99011920483353	1	6.57349732090889e-05	0.989790529967485
rs17683130	-197	0.508	TT/CC	1	1.83e-05	1	6.60771203600555e-05	0.989659060021067	1	6.60771203600555e-05	0.989460828659986
rs1158720	-197	0.202	TT/CC	1	0.595	NA	NA	NA	NA	NA	NA
rs1419495	-197	0.508	TG/CC	1	1.86e-05	0	6.5061481507013e-05	0.991034769329133	0	6.5061481507013e-05	0.990904646366119
rs2299466	-196	0.508	TA/CC	1	1.84e-05	1	6.57349732090889e-05	0.989724794994276	1	6.57349732090889e-05	0.989921999913903
rs2299467	-196	0.508	TA/CT	1	1.84e-05	1	6.57349732090889e-05	0.990316409753157	1	6.57349732090889e-05	0.990053469860321
rs2237743	-195	0.508	TA/CG	1	1.84e-05	1	6.57349732090889e-05	0.990382144726367	1	6.57349732090889e-05	0.990316409753157
rs10954120	-194	0.508	TC/CT	1	2.08e-05	0	5.84908759403166e-05	0.996167732779757	0	5.84908759403166e-05	0.996343205407578
rs17683331	-194	0.508	TG/CA	1	1.8e-05	1	6.71258771566523e-05	0.988061725584552	1	6.71258771566523e-05	0.988061725584552
rs10236114	-193	0.202	TG/CC	1	0.587	NA	NA	NA	NA	NA	NA
rs35260564	-193	0.508	TT/CC	1	1.9e-05	0	6.37561378631552e-05	0.991807630774531	0	6.37561378631552e-05	0.991807630774531
rs12674181	-192	0.508	TG/CA	1	1.86e-05	0	6.5061481507013e-05	0.990839584884612	0	6.5061481507013e-05	0.991034769329133
rs4141361	-191	0.508	TA/CT	1	1.86e-05	0	6.5061481507013e-05	0.99109983081064	0	6.5061481507013e-05	0.99109983081064
rs11971474	-190	0.508	TC/CT	1	1.85e-05	0	6.53964461231097e-05	0.990709126956982	0	6.53964461231097e-05	0.990774523403105
rs9641799	-190	0.508	TG/CT	1	1.81e-05	1	6.6772511536894e-05	0.988597319139327	1	6.6772511536894e-05	0.9887308641624
rs9641800	-189	0.508	TA/CG	1	1.8e-05	1	6.71258771566523e-05	0.988128851461709	1	6.71258771566523e-05	0.988263103216022
rs2237745	-188	0.508	TG/CA	1	1.69e-05	1	7.12827502577892e-05	0.984608847200591	1	7.12827502577892e-05	0.984608847200591
rs62479325	-188	0.508	TA/CG	1	1.79e-05	1	6.74831061013053e-05	0.987793222075926	1	6.74831061013053e-05	0.987793222075926
rs17610345	-188	0.508	TC/CG	1	1.72e-05	1	7.00974621192551e-05	0.985103857374485	1	7.00974621192551e-05	0.985173954836604
rs1361990	-187	0.508	TT/CC	1	1.82e-05	1	6.64229464241516e-05	0.989196174352482	1	6.64229464241516e-05	0.989129751406058
rs2299468	-186	0.508	TT/CC	1	1.81e-05	1	6.6772511536894e-05	0.988797636673937	1	6.6772511536894e-05	0.988463774116253
rs1419497	-186	0.508	TC/CT	1	1.8e-05	1	6.71258771566523e-05	0.987927473830239	1	6.71258771566523e-05	0.987994599707396
rs1419498	-186	0.508	TT/CA	1	1.83e-05	1	6.60771203600555e-05	0.989526905780347	1	6.60771203600555e-05	0.989394751539626
rs10487454	-186	0.508	TT/CC	1	1.91e-05	0	6.34381632570344e-05	0.991871068937788	0	6.34381632570344e-05	0.991871068937788
rs2299470	-185	0.508	TA/CC	1	1.81e-05	1	6.6772511536894e-05	0.98853054662779	1	6.6772511536894e-05	0.988664091650863
rs4731316	-185	0.204	TT/CC	1	0.587	NA	NA	NA	NA	NA	NA
rs2299472	-185	0.508	TC/CA	1	2.28e-05	0	5.3596365254373e-05	0.99819459693665	0	5.3596365254373e-05	0.99819459693665
rs1419499	-184	0.508	TT/CG	1	2.05e-05	0	5.9305566556369e-05	0.995756680114961	0	5.9305566556369e-05	0.995756680114961
rs10255379	-184	0.399	TC/CG	1	0.00303	NA	NA	NA	NA	NA	NA
rs61068613	-183	0.51	TT/CC	1	1.81e-05	1	6.6772511536894e-05	0.988397001604716	1	6.6772511536894e-05	0.988597319139327
rs12536122	-183	0.489	TG/CA	1	0.000112	0	1.1857713214445e-05	0.999897392671012	0	1.1857713214445e-05	0.999897392671012
rs12666739	-183	0.508	TA/CT	1	1.8e-05	1	6.71258771566523e-05	0.987994599707396	1	6.71258771566523e-05	0.988330229093179
rs9691497	-183	0.399	TC/CT	1	0.00306	NA	NA	NA	NA	NA	NA
rs1894733	-182	0.508	TT/CG	1	1.81e-05	1	6.6772511536894e-05	0.9887308641624	1	6.6772511536894e-05	0.988397001604716
rs1819776	-182	0.508	TC/CG	1	1.82e-05	1	6.64229464241516e-05	0.989063328459634	1	6.64229464241516e-05	0.989063328459634
rs78510555	-181	0.179	TT/CA	1	0.0184	NA	NA	NA	NA	NA	NA
rs11760596	-181	0.106	TG/CC	1	0.108	NA	NA	NA	NA	NA	NA
rs1468155	-180	0.508	TG/CT	1	1.82e-05	1	6.64229464241516e-05	0.98899690551321	1	6.64229464241516e-05	0.98899690551321
rs1468156	-180	0.508	TT/CG	1	1.79e-05	1	6.74831061013053e-05	0.987658255863723	1	6.74831061013053e-05	0.987658255863723
rs7804379	-180	0.508	TG/CA	1	1.81e-05	1	6.6772511536894e-05	0.988664091650863	1	6.6772511536894e-05	0.988797636673937
rs36198401	-179	0.108	TC/CT	1	0.111	NA	NA	NA	NA	NA	NA
rs9691501	-179	0.508	TA/CG	1	1.81e-05	1	6.6772511536894e-05	0.988463774116253	1	6.6772511536894e-05	0.98853054662779
rs6467089	-178	0.106	TG/CA	1	0.11	NA	NA	NA	NA	NA	NA
rs62477866	-177	0.508	TA/CT	1	1.8e-05	1	6.71258771566523e-05	0.987860347953082	1	6.71258771566523e-05	0.987860347953082
rs10238505	-177	0.199	TG/CA	1	0.587	NA	NA	NA	NA	NA	NA
rs10254233	-177	0.204	TT/CC	1	0.54	NA	NA	NA	NA	NA	NA
rs59969183	-177	0.508	TG/CA	1	1.8e-05	1	6.71258771566523e-05	0.988330229093179	1	6.71258771566523e-05	0.988195977338866
rs1833071	-176	0.106	TA/CC	1	0.111	NA	NA	NA	NA	NA	NA
rs2106311	-176	0.508	TG/CA	1	1.85e-05	0	6.53964461231097e-05	0.990578334064736	0	6.53964461231097e-05	0.990709126956982
rs2106312	-176	0.508	TT/CG	1	1.85e-05	0	6.53964461231097e-05	0.990512937618613	0	6.53964461231097e-05	0.99044754117249
rs62477870	-175	0.508	TA/CC	1	1.85e-05	0	6.53964461231097e-05	0.990643730510859	0	6.53964461231097e-05	0.990578334064736
rs62477871	-175	0.508	TA/CG	1	1.85e-05	0	6.53964461231097e-05	0.990774523403105	0	6.53964461231097e-05	0.990643730510859
rs62477872	-175	0.508	TG/CA	1	1.8e-05	1	6.71258771566523e-05	0.988263103216022	1	6.71258771566523e-05	0.987927473830239
rs6960925	-174	0.107	TC/CA	1	0.11	NA	NA	NA	NA	NA	NA
rs12666621	-173	0.508	TA/CC	1	1.75e-05	1	6.89519612269864e-05	0.986422683758487	1	6.89519612269864e-05	0.986767443564622
rs62477875	-172	0.508	TG/CA	1	1.87e-05	0	6.47300229854858e-05	0.991423480925568	0	6.47300229854858e-05	0.991423480925568
rs57121551	-172	0.508	TG/CT	1	1.84e-05	1	6.57349732090889e-05	0.989987734887112	1	6.57349732090889e-05	0.99011920483353
rs61033866	-172	0.508	TC/CA	1	1.84e-05	1	6.57349732090889e-05	0.989790529967485	1	6.57349732090889e-05	0.990250674779948
rs12533463	-172	0.508	TC/CT	1	1.84e-05	0	6.57349732090889e-05	0.990184939806739	0	6.57349732090889e-05	0.990382144726367
rs2402819	-172	0.107	TC/CG	1	0.109	NA	NA	NA	NA	NA	NA
rs12538680	-172	0.508	TA/CG	1	1.84e-05	0	6.57349732090889e-05	0.990250674779948	0	6.57349732090889e-05	0.989856264940694
rs12533543	-171	0.508	TC/CT	1	1.84e-05	0	6.57349732090889e-05	0.990053469860321	0	6.57349732090889e-05	0.990184939806739
rs59704594	-171	0.508	TA/CG	1	1.75e-05	1	6.89519612269864e-05	0.986077923952352	1	6.89519612269864e-05	0.986284779836033
rs62477879	-170	0.508	TT/CC	1	1.87e-05	0	6.47300229854858e-05	0.991358750902582	0	6.47300229854858e-05	0.991229290856611
rs11769638	-170	0.203	TT/CC	1	0.608	NA	NA	NA	NA	NA	NA
rs62477880	-169	0.508	TA/CG	1	1.87e-05	0	6.47300229854858e-05	0.991164560833626	0	6.47300229854858e-05	0.991164560833626
rs68155748	-169	0.508	TC/CT	1	1.94e-05	0	6.25034901981153e-05	0.993002938625191	0	6.25034901981153e-05	0.993002938625191
rs68171167	-169	0.508	TT/CA	1	2.01e-05	0	6.0428818470422e-05	0.995217614812298	0	6.0428818470422e-05	0.995338472449239
rs62477881	-169	0.508	TG/CA	1	2.01e-05	0	6.0428818470422e-05	0.995157185993828	0	6.0428818470422e-05	0.995278043630768
rs6964806	-168	0.508	TA/CG	1	1.79e-05	1	6.74831061013053e-05	0.987725738969824	1	6.74831061013053e-05	0.987725738969824
rs61676346	-168	0.203	TA/CG	1	0.59	NA	NA	NA	NA	NA	NA
rs2299473	-167	0.396	TT/CA	1	0.00264	NA	NA	NA	NA	NA	NA
rs56265359	-165	0.494	TC/CT	1	1.85e-05	0	6.53964461231097e-05	0.99044754117249	0	6.53964461231097e-05	0.990512937618613
rs11980682	-165	0.508	TC/CT	1	1.72e-05	1	7.00974621192551e-05	0.985314149760843	1	7.00974621192551e-05	0.985244052298723
rs975266	-165	0.508	TC/CT	1	1.71e-05	1	7.04880353635328e-05	0.985033759912366	1	7.04880353635328e-05	0.984963271877002
rs975267	-165	0.197	TT/CC	1	0.59	NA	NA	NA	NA	NA	NA
rs1345209	-165	0.508	TG/CA	1	1.5e-05	1	7.98652035246738e-05	0.983663401474323	1	7.98652035246738e-05	0.983663401474323
rs12538710	-164	0.508	TC/CT	1	1.72e-05	1	7.00974621192551e-05	0.985173954836604	1	7.00974621192551e-05	0.985314149760843
rs2299475	-161	0.508	TT/CC	1	1.73e-05	1	6.97113085126231e-05	0.985383861069355	1	6.97113085126231e-05	0.98552328368638
rs2299476	-161	0.508	TA/CG	1	1.73e-05	1	6.97113085126231e-05	0.985453572377868	1	6.97113085126231e-05	0.985592994994893
rs2106308	-161	0.508	TC/CT	1	1.68e-05	1	7.16870512132291e-05	0.984394594648863	1	7.16870512132291e-05	0.984179533495223
rs60156642	-160	0.508	TT/CA	1	1.74e-05	1	6.9329499371982e-05	0.985731653993637	1	6.9329499371982e-05	0.985939642491753
rs2106309	-160	0.506	TT/CC	1	1.87e-05	0	6.47300229854858e-05	0.991229290856611	0	6.47300229854858e-05	0.991294020879597
rs17683777	-158	0.51	TC/CT	1	1.82e-05	1	6.64229464241516e-05	0.988864059620361	1	6.64229464241516e-05	0.988864059620361
rs7790017	-158	0.51	TC/CT	1	1.83e-05	1	6.60771203600555e-05	0.989394751539626	1	6.60771203600555e-05	0.989659060021067
rs2237747	-157	0.51	TG/CT	1	1.98e-05	0	6.13003873484305e-05	0.994547978873901	0	6.13003873484305e-05	0.99460927926125
rs7810270	-157	0.203	TT/CC	1	0.62	NA	NA	NA	NA	NA	NA
rs2073862	-156	0.51	TG/CA	1	1.8e-05	1	6.71258771566523e-05	0.988195977338866	1	6.71258771566523e-05	0.988128851461709
rs1419476	-155	0.51	TA/CG	1	1.77e-05	1	6.82094122629475e-05	0.987522563345359	1	6.82094122629475e-05	0.987590772757622
rs58436844	-155	0.51	TT/CG	1	1.75e-05	1	6.89519612269864e-05	0.986974299448303	1	6.89519612269864e-05	0.986698491603395
rs17610889	-155	0.51	TT/CC	1	1.4e-05	1	8.5296525121281e-05	0.983500500886844	1	8.5296525121281e-05	0.983500500886844
rs3824024	-154	0.51	TC/CT	1	1.86e-05	0	6.5061481507013e-05	0.990904646366119	0	6.5061481507013e-05	0.990969707847626
rs4728045	-154	0.203	TT/CC	1	0.616	NA	NA	NA	NA	NA	NA
rs2299477	-154	0.51	TG/CC	1	1.75e-05	1	6.89519612269864e-05	0.986836395525849	1	6.89519612269864e-05	0.986560587680941
rs2299478	-153	0.51	TA/CG	1	1.74e-05	1	6.9329499371982e-05	0.985939642491753	1	6.9329499371982e-05	0.985800983493009
rs12533174	-153	0.51	TC/CT	1	1.77e-05	1	6.82094122629475e-05	0.987454353933096	1	6.82094122629475e-05	0.987522563345359
rs1419477	-152	0.375	TC/CT	1	0.00233	NA	NA	NA	NA	NA	NA
rs1419478	-152	0.51	TG/CA	1	1.75e-05	1	6.89519612269864e-05	0.98635373179726	1	6.89519612269864e-05	0.986836395525849
rs1419479	-152	0.51	TT/CG	1	1.69e-05	1	7.12827502577892e-05	0.984537564450334	1	7.12827502577892e-05	0.984680129950849
rs12540490	-151	0.506	TG/CA	1	2.38e-05	0	5.14512537009881e-05	0.998506449451541	0	5.14512537009881e-05	0.998506449451541
rs6943485	-151	0.51	TT/CC	1	1.75e-05	1	6.89519612269864e-05	0.98704325140953	1	6.89519612269864e-05	0.986077923952352
rs6961791	-151	0.501	TC/CT	1	1.98e-05	0	6.13003873484305e-05	0.994425378099205	0	6.13003873484305e-05	0.994425378099205
rs6962351	-151	0.51	TG/CA	1	1.76e-05	1	6.85786222606394e-05	0.98711183003179	1	6.85786222606394e-05	0.987248987276312
rs62477891	-151	0.51	TC/CT	1	1.77e-05	1	6.82094122629475e-05	0.987590772757622	1	6.82094122629475e-05	0.987454353933096
rs62477892	-151	0.51	TT/CC	1	1.75e-05	1	6.89519612269864e-05	0.986215827874806	1	6.89519612269864e-05	0.986974299448303
rs7803410	-146	0.51	TT/CC	1	1.71e-05	1	7.04880353635328e-05	0.984892783841638	1	7.04880353635328e-05	0.985033759912366
rs7788176	-146	0.51	TC/CT	1	1.72e-05	1	7.00974621192551e-05	0.985244052298723	1	7.00974621192551e-05	0.985103857374485
rs11976133	-145	0.51	TC/CT	1	1.76e-05	1	6.85786222606394e-05	0.987317565898572	1	6.85786222606394e-05	0.987180408654051
rs62477898	-145	0.51	TT/CG	1	1.76e-05	1	6.85786222606394e-05	0.987248987276312	1	6.85786222606394e-05	0.98711183003179
rs1419480	-145	0.506	TG/CA	1	1.75e-05	1	6.89519612269864e-05	0.986491635719714	1	6.89519612269864e-05	0.986146875913579
rs1419481	-144	0.51	TT/CC	1	1.75e-05	1	6.89519612269864e-05	0.986629539642168	1	6.89519612269864e-05	0.98635373179726
rs2299479	-143	0.51	TA/CG	1	1.75e-05	1	6.89519612269864e-05	0.986146875913579	1	6.89519612269864e-05	0.986215827874806
rs2299480	-143	0.51	TC/CT	1	1.83e-05	1	6.60771203600555e-05	0.989460828659986	1	6.60771203600555e-05	0.989328674419266
rs62477899	-143	0.51	TT/CC	1	1.75e-05	1	6.89519612269864e-05	0.986698491603395	1	6.89519612269864e-05	0.986422683758487
rs12538744	-143	0.51	TT/CC	1	1.75e-05	1	6.89519612269864e-05	0.986905347487076	1	6.89519612269864e-05	0.986905347487076
rs12538796	-143	0.51	TT/CC	1	1.68e-05	1	7.16870512132291e-05	0.984179533495223	1	7.16870512132291e-05	0.984322907597649
rs67698678	-143	0.51	TT/CC	1	1.7e-05	1	7.08831051680607e-05	0.984822295806275	1	7.08831051680607e-05	0.984822295806275
rs66633311	-143	0.51	TA/CC	1	1.75e-05	1	6.89519612269864e-05	0.986767443564622	1	6.89519612269864e-05	0.986491635719714
rs62477900	-142	0.51	TA/CG	1	1.74e-05	1	6.9329499371982e-05	0.986008971991125	1	6.9329499371982e-05	0.985731653993637
rs6467092	-142	0.51	TC/CT	1	1.74e-05	1	6.9329499371982e-05	0.985800983493009	1	6.9329499371982e-05	0.985870312992381
rs62477902	-141	0.51	TT/CA	1	1.75e-05	1	6.89519612269864e-05	0.986560587680941	1	6.89519612269864e-05	0.98704325140953
rs1419486	-140	0.51	TA/CT	1	1.68e-05	1	7.16870512132291e-05	0.984251220546436	1	7.16870512132291e-05	0.984251220546436
rs1419487	-140	0.505	TC/CT	1	1.74e-05	1	6.9329499371982e-05	0.985662324494265	1	6.9329499371982e-05	0.986008971991125
rs1419488	-140	0.51	TT/CC	1	1.75e-05	1	6.89519612269864e-05	0.986284779836033	1	6.89519612269864e-05	0.986629539642168
rs1419489	-140	0.51	TA/CG	1	1.76e-05	1	6.85786222606394e-05	0.987386144520833	1	6.85786222606394e-05	0.987386144520833
rs3808161	-140	0.51	TT/CG	1	1.97e-05	0	6.15966810357674e-05	0.994364077711856	0	6.15966810357674e-05	0.99430248103082
rs17684282	-139	0.161	TC/CT	1	0.0184	NA	NA	NA	NA	NA	NA
rs12540159	-139	0.51	TA/CG	1	2.1e-05	0	5.79604037281476e-05	0.99645939020954	0	5.79604037281476e-05	0.99645939020954
rs12537689	-139	0.51	TT/CC	1	1.95e-05	0	6.21981871266614e-05	0.993376433051023	0	6.21981871266614e-05	0.993376433051023
rs10954125	-139	0.51	TT/CC	1	1.87e-05	0	6.47300229854858e-05	0.991294020879597	0	6.47300229854858e-05	0.991358750902582
rs17684332	-139	0.51	TT/CG	1	2.11e-05	0	5.76988576001585e-05	0.996690447186069	0	5.76988576001585e-05	0.996575049470869
rs17611405	-139	0.51	TT/CC	1	2.01e-05	0	6.0428818470422e-05	0.995278043630768	0	6.0428818470422e-05	0.995157185993828
rs62477903	-138	0.51	TC/CT	1	1.96e-05	0	6.18959326698432e-05	0.993748110901498	0	6.18959326698432e-05	0.993624319036159
rs62477904	-138	0.51	TT/CC	1	1.97e-05	0	6.15966810357674e-05	0.994056094306677	0	6.15966810357674e-05	0.994364077711856
rs12536593	-137	0.16	TA/CG	1	0.0174	NA	NA	NA	NA	NA	NA
rs6957468	-136	0.512	TT/CG	1	1.93e-05	0	6.28118886155277e-05	0.992186692471607	0	6.28118886155277e-05	0.992437940026069
rs6975231	-136	0.108	TA/CG	1	0.26	NA	NA	NA	NA	NA	NA
rs3802001	-136	0.51	TG/CA	1	1.93e-05	0	6.28118886155277e-05	0.9925635638033	0	6.28118886155277e-05	0.992626375691915
rs7795337	-136	0.202	TT/CC	1	0.618	NA	NA	NA	NA	NA	NA
rs2106313	-135	0.51	TG/CA	1	1.91e-05	0	6.34381632570344e-05	0.991934507101045	0	6.34381632570344e-05	0.991934507101045
rs2106314	-135	0.51	TA/CG	1	1.93e-05	0	6.28118886155277e-05	0.992940435134993	0	6.28118886155277e-05	0.992312316248838
rs4562238	-135	0.51	TA/CG	1	1.92e-05	0	6.3123430073919e-05	0.992061068694376	0	6.3123430073919e-05	0.992061068694376
rs2188296	-134	0.51	TT/CC	1	1.93e-05	0	6.28118886155277e-05	0.992249504360222	0	6.28118886155277e-05	0.992751999469146
rs2188297	-134	0.51	TG/CA	1	1.93e-05	0	6.28118886155277e-05	0.992375128137453	0	6.28118886155277e-05	0.9925635638033
rs2188298	-134	0.37	TG/CT	1	0.00225	NA	NA	NA	NA	NA	NA
rs10954126	-134	0.51	TA/CT	1	1.93e-05	0	6.28118886155277e-05	0.992689187580531	0	6.28118886155277e-05	0.992689187580531
rs6954541	-133	0.51	TG/CA	1	1.55e-05	1	7.7407055949213e-05	0.983818215586221	1	7.7407055949213e-05	0.983740808530272
rs6974396	-133	0.51	TT/CC	1	1.95e-05	0	6.21981871266614e-05	0.993438631238149	0	6.21981871266614e-05	0.993252036676769
rs6958456	-133	0.11	TC/CT	1	0.264	NA	NA	NA	NA	NA	NA
rs60541857	-133	0.16	TT/CC	1	0.0164	NA	NA	NA	NA	NA	NA
rs6959061	-132	0.372	TG/CT	1	0.0027	NA	NA	NA	NA	NA	NA
rs12532564	-132	0.51	TT/CC	1	1.96e-05	0	6.18959326698432e-05	0.993562423103489	0	6.18959326698432e-05	0.993500527170819
rs2299482	-130	0.51	TC/CT	1	1.99e-05	0	6.10070076248868e-05	0.994792593663848	0	6.10070076248868e-05	0.994853600671473
rs2299483	-130	0.51	TG/CA	1	1.95e-05	0	6.21981871266614e-05	0.993127640302516	0	6.21981871266614e-05	0.993438631238149
rs2299484	-130	0.51	TG/CA	1	1.93e-05	0	6.28118886155277e-05	0.992626375691915	0	6.28118886155277e-05	0.992186692471607
rs2299485	-130	0.51	TT/CC	1	1.93e-05	0	6.28118886155277e-05	0.992437940026069	0	6.28118886155277e-05	0.992249504360222
rs6946642	-129	0.51	TC/CA	1	1.89e-05	0	6.40774046317247e-05	0.991616362360941	0	6.40774046317247e-05	0.991616362360941
rs12539137	-129	0.51	TG/CA	1	1.96e-05	0	6.18959326698432e-05	0.993500527170819	0	6.18959326698432e-05	0.993748110901498
rs1557667	-129	0.16	TA/CG	1	0.0174	NA	NA	NA	NA	NA	NA
rs12531503	-129	0.51	TT/CC	1	1.94e-05	0	6.25034901981153e-05	0.993065442115389	0	6.25034901981153e-05	0.993065442115389
rs62477906	-128	0.51	TT/CC	1	1.93e-05	0	6.28118886155277e-05	0.992500751914684	0	6.28118886155277e-05	0.992500751914684
rs66619230	-128	0.51	TA/CT	1	1.93e-05	0	6.28118886155277e-05	0.992751999469146	0	6.28118886155277e-05	0.992123880582991
rs12673117	-128	0.51	TC/CT	1	1.91e-05	0	6.34381632570344e-05	0.991997945264302	0	6.34381632570344e-05	0.991997945264302
rs12673189	-128	0.51	TG/CA	1	1.76e-05	1	6.85786222606394e-05	0.987180408654051	1	6.85786222606394e-05	0.987317565898572
rs728602	-126	0.51	TT/CC	1	1.93e-05	0	6.28118886155277e-05	0.992312316248838	0	6.28118886155277e-05	0.992877623246377
rs728601	-126	0.51	TG/CA	1	1.98e-05	0	6.13003873484305e-05	0.994670579648598	0	6.13003873484305e-05	0.994486678486553
rs728600	-126	0.51	TA/CG	1	1.98e-05	0	6.13003873484305e-05	0.99460927926125	0	6.13003873484305e-05	0.994547978873901
rs2237748	-126	0.51	TC/CT	1	2.04e-05	0	5.95823388381213e-05	0.995578209870728	0	5.95823388381213e-05	0.995578209870728
rs2237749	-126	0.51	TA/CC	1	1.9e-05	0	6.37561378631552e-05	0.991680118498804	0	6.37561378631552e-05	0.991680118498804
rs76143837	-126	0.16	TA/CG	1	0.0176	NA	NA	NA	NA	NA	NA
rs10954127	-126	0.51	TT/CC	1	2e-05	0	6.07164987530946e-05	0.995036040676604	0	6.07164987530946e-05	0.994975324177851
rs10954128	-126	0.503	TC/CT	1	2.49e-05	0	4.92864671364496e-05	0.998758317601584	0	4.92864671364496e-05	0.998758317601584
rs11975108	-125	0.51	TT/CC	1	1.93e-05	0	6.28118886155277e-05	0.992877623246377	0	6.28118886155277e-05	0.992940435134993
rs2027988	-125	0.51	TA/CG	1	1.93e-05	0	6.28118886155277e-05	0.992814811357762	0	6.28118886155277e-05	0.992375128137453
rs721234	-125	0.199	TT/CA	1	0.615	NA	NA	NA	NA	NA	NA
rs2027989	-125	0.501	TT/CC	1	2.13e-05	0	5.7182974430618e-05	0.996977648195138	0	5.7182974430618e-05	0.997034831169569
rs2027990	-125	0.501	TG/CA	1	2.07e-05	0	5.87598723332283e-05	0.995874471410877	0	5.87598723332283e-05	0.996050751027876
rs3824020	-125	0.501	TG/CC	1	1.95e-05	0	6.21981871266614e-05	0.993189838489642	0	6.21981871266614e-05	0.993127640302516
rs3824019	-125	0.501	TT/CG	1	1.95e-05	0	6.21981871266614e-05	0.993252036676769	0	6.21981871266614e-05	0.993189838489642
rs3824018	-125	0.51	TT/CC	1	2.11e-05	0	5.76988576001585e-05	0.996748146043669	0	5.76988576001585e-05	0.996632748328469
rs3824017	-125	0.51	TC/CA	1	2.14e-05	0	5.69285709383562e-05	0.997262545453322	0	5.69285709383562e-05	0.997148688311446
rs3824016	-125	0.51	TT/CC	1	2.12e-05	0	5.7439725679527e-05	0.996920465220708	0	5.7439725679527e-05	0.996805585769349
rs3824015	-125	0.51	TT/CC	1	2.11e-05	0	5.76988576001585e-05	0.996575049470869	0	5.76988576001585e-05	0.996748146043669
rs62477907	-124	0.51	TT/CC	1	2.04e-05	0	5.95823388381213e-05	0.99551862753189	0	5.95823388381213e-05	0.995697374548404
rs73226906	-124	0.51	TT/CC	1	2.36e-05	0	5.18660479414434e-05	0.998403546944139	0	5.18660479414434e-05	0.998403546944139
rs73226907	-124	0.51	TG/CC	1	2.36e-05	0	5.18660479414434e-05	0.998351680896197	0	5.18660479414434e-05	0.998351680896197
rs2237750	-124	0.51	TA/CC	1	2.07e-05	0	5.87598723332283e-05	0.996050751027876	0	5.87598723332283e-05	0.995874471410877
rs2237751	-124	0.51	TT/CC	1	2.11e-05	0	5.76988576001585e-05	0.996632748328469	0	5.76988576001585e-05	0.996690447186069
rs2237752	-124	0.51	TT/CC	1	2e-05	0	6.07164987530946e-05	0.994975324177851	0	6.07164987530946e-05	0.995036040676604
rs2237753	-124	0.51	TC/CT	1	2.08e-05	0	5.84908759403166e-05	0.996343205407578	0	5.84908759403166e-05	0.996284714531638
rs78239617	-124	0.16	TG/CC	1	0.0191	NA	NA	NA	NA	NA	NA
rs2237754	-124	0.51	TG/CT	1	2.08e-05	0	5.84908759403166e-05	0.996284714531638	0	5.84908759403166e-05	0.996226223655697
rs28709262	-123	0.51	TT/CC	1	2.14e-05	0	5.69285709383562e-05	0.997091759740507	0	5.69285709383562e-05	0.997091759740507
rs28686827	-123	0.512	TT/CC	1	1.88e-05	0	6.44020153708174e-05	0.991552284956309	0	6.44020153708174e-05	0.991552284956309
rs28620360	-123	0.512	TC/CT	1	1.88e-05	0	6.44020153708174e-05	0.991487882940939	0	6.44020153708174e-05	0.991487882940939
rs28556928	-123	0.512	TA/CG	1	2.13e-05	0	5.7182974430618e-05	0.997034831169569	0	5.7182974430618e-05	0.996977648195138
rs28398919	-123	0.512	TA/CG	1	2.16e-05	0	5.64266785807521e-05	0.997432075293378	0	5.64266785807521e-05	0.997375648614797
rs28576500	-123	0.508	TG/CA	1	2.2e-05	0	5.54496842938318e-05	0.997598665321432	0	5.54496842938318e-05	0.997598665321432
rs28371945	-123	0.508	TA/CG	1	2.14e-05	0	5.69285709383562e-05	0.997205616882384	0	5.69285709383562e-05	0.997205616882384
rs28690571	-123	0.508	TG/CA	1	1.99e-05	0	6.10070076248868e-05	0.994731586656223	0	6.10070076248868e-05	0.994792593663848
rs28428538	-122	0.508	TC/CT	1	2.04e-05	0	5.95823388381213e-05	0.995637792209566	0	5.95823388381213e-05	0.995637792209566
rs62477908	-122	0.51	TA/CG	1	2.1e-05	0	5.79604037281476e-05	0.996517350613269	0	5.79604037281476e-05	0.996517350613269
rs6946865	-122	0.51	TG/CA	1	2.07e-05	0	5.87598723332283e-05	0.99593323128321	0	5.87598723332283e-05	0.99593323128321
rs62477909	-122	0.51	TG/CA	1	2.08e-05	0	5.84908759403166e-05	0.996226223655697	0	5.84908759403166e-05	0.996167732779757
rs12667751	-122	0.51	TT/CA	1	2.08e-05	0	5.84908759403166e-05	0.996109241903817	0	5.84908759403166e-05	0.996109241903817
rs10954129	-122	0.51	TG/CA	1	2.12e-05	0	5.7439725679527e-05	0.996805585769349	0	5.7439725679527e-05	0.996920465220708
rs3779541	-121	0.51	TA/CG	1	2.26e-05	0	5.4047660507621e-05	0.997979762125132	0	5.4047660507621e-05	0.997979762125132
rs3779540	-121	0.51	TT/CC	1	1.96e-05	0	6.18959326698432e-05	0.993624319036159	0	6.18959326698432e-05	0.993686214968829
rs3824014	-121	0.396	TT/CA	1	0.00289	NA	NA	NA	NA	NA	NA
rs9691125	-121	0.51	TA/CG	1	1.97e-05	0	6.15966810357674e-05	0.993994497625641	0	6.15966810357674e-05	0.994240884349785
rs3824013	-121	0.51	TC/CG	1	1.97e-05	0	6.15966810357674e-05	0.99430248103082	0	6.15966810357674e-05	0.99387130426357
rs1361983	-121	0.202	TT/CC	1	0.569	NA	NA	NA	NA	NA	NA
rs1361984	-120	0.51	TC/CT	1	1.99e-05	0	6.10070076248868e-05	0.994853600671473	0	6.10070076248868e-05	0.994914607679098
rs1361985	-120	0.202	TC/CT	1	0.573	NA	NA	NA	NA	NA	NA
rs1361986	-120	0.113	TA/CG	1	0.274	NA	NA	NA	NA	NA	NA
rs34618858	-120	0.51	TA/CG	1	1.97e-05	0	6.15966810357674e-05	0.993932900944606	0	6.15966810357674e-05	0.993994497625641
rs2237755	-120	0.51	TG/CT	1	1.97e-05	0	6.15966810357674e-05	0.99387130426357	0	6.15966810357674e-05	0.993932900944606
rs1894732	-120	0.51	TC/CT	1	1.97e-05	0	6.15966810357674e-05	0.994117690987713	0	6.15966810357674e-05	0.994056094306677
rs2237756	-120	0.51	TG/CA	1	1.97e-05	0	6.15966810357674e-05	0.994240884349785	0	6.15966810357674e-05	0.994179287668749
rs2237757	-119	0.51	TT/CC	1	2.27e-05	0	5.38210405043486e-05	0.998033583165637	0	5.38210405043486e-05	0.998033583165637
rs2237758	-119	0.51	TT/CC	1	2.12e-05	0	5.7439725679527e-05	0.996863025495028	0	5.7439725679527e-05	0.996863025495028
rs2237759	-119	0.51	TG/CT	1	2.16e-05	0	5.64266785807521e-05	0.997375648614797	0	5.64266785807521e-05	0.997432075293378
rs2237760	-119	0.508	TC/CG	1	1.97e-05	0	6.15966810357674e-05	0.994179287668749	0	6.15966810357674e-05	0.993809707582534
rs10954130	-119	0.51	TA/CT	1	1.97e-05	0	6.15966810357674e-05	0.993809707582534	0	6.15966810357674e-05	0.994117690987713
rs1419484	-119	0.51	TG/CA	1	1.84e-05	0	6.57349732090889e-05	0.989856264940694	0	6.57349732090889e-05	0.989724794994276
rs1419485	-118	0.51	TG/CT	1	1.84e-05	0	6.57349732090889e-05	0.989921999913903	0	6.57349732090889e-05	0.989987734887112
rs56695631	-118	0.51	TT/CC	1	1.83e-05	1	6.60771203600555e-05	0.989328674419266	1	6.60771203600555e-05	0.989592982900707
rs58752001	-118	0.51	TC/CT	1	1.83e-05	1	6.60771203600555e-05	0.989592982900707	1	6.60771203600555e-05	0.989526905780347
rs58074196	-118	0.51	TG/CT	1	1.82e-05	1	6.64229464241516e-05	0.988930482566786	1	6.64229464241516e-05	0.988930482566786
rs62477915	-118	0.51	TA/CG	1	1.82e-05	1	6.64229464241516e-05	0.989129751406058	1	6.64229464241516e-05	0.989262597298906
rs17612358	-118	0.517	TC/CT	1	1.23e-05	1	9.65094670603095e-05	0.980970725581064	1	9.65094670603095e-05	0.981067235048124
rs62477916	-118	0.517	TC/CT	1	1.23e-05	1	9.65094670603095e-05	0.981067235048124	1	9.65094670603095e-05	0.980970725581064
rs17690706	-117	0.517	TG/CA	1	1.32e-05	1	9.02208985956867e-05	0.983415204361722	1	9.02208985956867e-05	0.983415204361722
rs7797602	-117	0.199	TT/CC	1	0.874	NA	NA	NA	NA	NA	NA
rs1361989	-117	0.517	TT/CC	1	1.24e-05	1	9.57666114737836e-05	0.981163001659598	1	9.57666114737836e-05	0.981258768271072
rs10487455	-117	0.517	TC/CT	1	1.25e-05	1	9.50353968141776e-05	0.982210584668533	1	9.50353968141776e-05	0.981830443081276
rs10487456	-117	0.517	TT/CC	1	1.25e-05	1	9.50353968141776e-05	0.981735407684462	1	9.50353968141776e-05	0.982020513874904
rs3808157	-116	0.517	TC/CT	1	1.21e-05	1	9.80312398833795e-05	0.980874216114004	1	9.80312398833795e-05	0.98077618487412
rs3808156	-116	0.517	TA/CC	1	1.25e-05	1	9.50353968141776e-05	0.982020513874904	1	9.50353968141776e-05	0.982210584668533
rs55799445	-116	0.517	TA/CG	1	1.21e-05	1	9.80312398833795e-05	0.98077618487412	1	9.80312398833795e-05	0.980678153634237
rs56407402	-116	0.517	TG/CA	1	1.21e-05	1	9.80312398833795e-05	0.980678153634237	1	9.80312398833795e-05	0.980874216114004
rs2097641	-116	0.517	TG/CA	1	1.29e-05	1	9.22216029309833e-05	0.98314322780311	1	9.22216029309833e-05	0.983051006200179
rs2078809	-115	0.517	TG/CA	1	1.15e-05	1	0.000102907315536332	0.980380903069496	1	0.000102907315536332	0.980380903069496
rs1815971	-115	0.517	TG/CA	1	1.24e-05	1	9.57666114737836e-05	0.981354534882546	1	9.57666114737836e-05	0.981163001659598
rs1815972	-115	0.517	TC/CT	1	1.25e-05	1	9.50353968141776e-05	0.982305620065347	1	9.50353968141776e-05	0.98192547847809
rs1579215	-115	0.517	TT/CC	1	1.25e-05	1	9.50353968141776e-05	0.981830443081276	1	9.50353968141776e-05	0.982115549271719
rs112444325	-115	0.173	TA/CG	1	0.00979	NA	NA	NA	NA	NA	NA
rs11976897	-115	0.517	TC/CA	1	1.25e-05	1	9.50353968141776e-05	0.98192547847809	1	9.50353968141776e-05	0.981735407684462
rs10808224	-114	0.517	TC/CA	1	1.24e-05	1	9.57666114737836e-05	0.981450301494019	1	9.57666114737836e-05	0.981450301494019
rs10808225	-114	0.517	TG/CA	1	1.24e-05	1	9.57666114737836e-05	0.981258768271072	1	9.57666114737836e-05	0.981354534882546
rs10808226	-114	0.517	TG/CA	1	1.25e-05	1	9.50353968141776e-05	0.981640372287648	1	9.50353968141776e-05	0.981640372287648
rs10954131	-114	0.517	TC/CT	1	1.31e-05	1	9.08778300085664e-05	0.983234105633118	1	9.08778300085664e-05	0.983324983463127
rs11977805	-114	0.517	TC/CT	1	1.27e-05	1	9.36068047014996e-05	0.982773654088854	1	9.36068047014996e-05	0.982680047284153
rs11970993	-113	0.517	TA/CG	1	1.25e-05	1	9.50353968141776e-05	0.981545336890834	1	9.50353968141776e-05	0.982305620065347
rs7799835	-113	0.517	TG/CA	1	1.27e-05	1	9.36068047014996e-05	0.982680047284153	1	9.36068047014996e-05	0.98249283367475
rs62477922	-112	0.517	TA/CG	1	1.27e-05	1	9.36068047014996e-05	0.98249283367475	1	9.36068047014996e-05	0.982586440479451
rs35399593	-112	0.517	TC/CT	1	1.28e-05	1	9.2908905462189e-05	0.982866562994317	1	9.2908905462189e-05	0.982866562994317
rs62477939	-112	0.517	TT/CC	1	1.29e-05	1	9.22216029309833e-05	0.982958784597248	1	9.22216029309833e-05	0.982958784597248
rs66731753	-112	0.517	TC/CT	1	1.29e-05	1	9.22216029309833e-05	0.983051006200179	1	9.22216029309833e-05	0.98314322780311
rs2299486	-112	0.517	TG/CA	1	1.27e-05	1	9.36068047014996e-05	0.982586440479451	1	9.36068047014996e-05	0.982399226870048
rs2299487	-111	0.517	TA/CG	1	1.31e-05	1	9.08778300085664e-05	0.983324983463127	1	9.08778300085664e-05	0.983234105633118
rs2299488	-111	0.517	TC/CT	1	1.27e-05	1	9.36068047014996e-05	0.982399226870048	1	9.36068047014996e-05	0.982773654088854
rs2299489	-111	0.202	TT/CC	1	0.955	NA	NA	NA	NA	NA	NA
rs2299491	-111	0.517	TC/CT	1	1.2e-05	1	9.8810750046052e-05	0.980580122394353	1	9.8810750046052e-05	0.980580122394353
rs6954055	-110	0.402	TA/CG	1	0.00221	0	7.3695027852611e-07	0.999999144348889	0	7.3695027852611e-07	0.999999144348889
rs7792700	-109	0.517	TG/CA	1	1.18e-05	1	0.000100408574811352	0.980481311644307	1	0.000100408574811352	0.980481311644307
rs7792723	-109	0.405	TG/CA	1	0.00231	0	7.07667499956929e-07	0.999999852016389	0	7.07667499956929e-07	0.999999852016389
rs7792592	-109	0.517	TC/CT	1	1.25e-05	1	9.50353968141776e-05	0.982115549271719	1	9.50353968141776e-05	0.981545336890834
rs7811921	-109	0.499	TC/CT	1	0.000383	0	3.73686609630073e-06	0.999995145477052	0	3.73686609630073e-06	0.999995145477052
rs12706740	-109	0.129	TC/CT	1	0.227	NA	NA	NA	NA	NA	NA
rs4236623	-108	0.131	TC/CT	1	0.532	NA	NA	NA	NA	NA	NA
rs4236624	-108	0.143	TC/CT	1	0.38	NA	NA	NA	NA	NA	NA
rs2896373	-108	0.52	TA/CC	1	0.000187	0	7.31750389645489e-06	0.999978170924889	0	7.31750389645489e-06	0.999978170924889
rs4380862	-108	0.52	TC/CT	1	0.000183	0	7.467762257135e-06	0.999963461578742	0	7.467762257135e-06	0.999963461578742
rs2402820	-107	0.137	TA/CG	1	0.147	NA	NA	NA	NA	NA	NA
rs2237761	-107	0.137	TG/CA	1	0.157	NA	NA	NA	NA	NA	NA
rs2237762	-107	0.52	TC/CT	1	0.000185	0	7.39184225128789e-06	0.999970853420993	0	7.39184225128789e-06	0.999970853420993
rs2402822	-107	0.52	TA/CG	1	0.000192	0	7.13825863437964e-06	0.999985309183524	0	7.13825863437964e-06	0.999985309183524
rs74697387	-107	0.154	TT/CC	1	0.00741	NA	NA	NA	NA	NA	NA
rs737702	-106	0.52	TC/CG	1	0.000173	0	7.87297341696156e-06	0.999948120843068	0	7.87297341696156e-06	0.999948120843068
rs734524	-106	0.193	TG/CA	1	0.00568	NA	NA	NA	NA	NA	NA
rs76326523	-104	0.179	TT/CC	1	0.0117	NA	NA	NA	NA	NA	NA
rs191029826	-104	0.182	TA/CC	1	0.0117	NA	NA	NA	NA	NA	NA
rs4731320	-100	0.136	TT/CA	1	0.15	NA	NA	NA	NA	NA	NA
rs7779831	-99.5	0.524	TG/CA	1	0.000171	0	7.95955000121136e-06	0.999932331853039	0	7.95955000121136e-06	0.999932331853039
rs2299493	-97.9	0.136	TG/CC	1	0.146	NA	NA	NA	NA	NA	NA
rs10234189	-96.9	0.524	TA/CT	1	0.000172	0	7.91601661170701e-06	0.999940247869651	0	7.91601661170701e-06	0.999940247869651
rs4728047	-94.6	0.233	TA/CT	1	0.325	NA	NA	NA	NA	NA	NA
rs57534256	-93.5	0.629	TC/CT	1	8.72e-05	0	1.50183397262574e-05	0.999885534957798	0	1.50183397262574e-05	0.999885534957798
rs67157588	-93.1	0.233	TT/CA	1	0.28	NA	NA	NA	NA	NA	NA
rs79409921	-93	0.173	TC/CA	1	0.0141	NA	NA	NA	NA	NA	NA
rs1074728	-92.3	0.629	TG/CA	1	8.61e-05	0	1.51995647659468e-05	0.999870516618072	0	1.51995647659468e-05	0.999870516618072
rs1419493	-91.8	0.527	TA/CT	1	0.000227	0	6.09942743187802e-06	0.999991408610956	0	6.09942743187802e-06	0.999991408610956
rs55953926	-88.2	0.233	TT/CC	1	0.314	NA	NA	NA	NA	NA	NA
rs4731323	-81.1	0.256	TG/CA	1	0.234	NA	NA	NA	NA	NA	NA
rs17691394	-80.6	0.173	TG/CA	1	0.0127	NA	NA	NA	NA	NA	NA
rs6969693	-79.8	0.566	TG/CC	1	5.87e-05	0	2.18376840763662e-05	0.999732685687734	0	2.18376840763662e-05	0.999732685687734
rs10227949	-79.7	0.256	TT/CC	1	0.227	NA	NA	NA	NA	NA	NA
rs77246811	-78.1	0.213	TA/CC	1	0.00221	NA	NA	NA	NA	NA	NA
rs1008907	-77.8	0.569	TC/CA	1	5.29e-05	0	2.4099493148094e-05	0.999686748510509	0	2.4099493148094e-05	0.999686748510509
rs17613247	-76.9	0.218	TC/CT	1	0.00213	NA	NA	NA	NA	NA	NA
rs78983408	-74.3	0.22	TT/CC	1	0.00177	NA	NA	NA	NA	NA	NA
rs76282173	-74.2	0.218	TA/CG	1	0.00171	NA	NA	NA	NA	NA	NA
rs3808154	-73.2	0.256	TG/CA	1	0.242	NA	NA	NA	NA	NA	NA
rs76935975	-71.8	0.218	TC/CA	1	0.00172	NA	NA	NA	NA	NA	NA
rs7780253	-71.6	0.543	TT/CA	1	0.000443	0	3.26192155843178e-06	0.99999840739861	0	3.26192155843178e-06	0.99999840739861
rs12706742	-69.1	0.256	TG/CC	1	0.238	NA	NA	NA	NA	NA	NA
rs6963108	-68.4	0.573	TG/CC	1	3.79e-05	0	3.30641320833363e-05	0.999278710133283	0	3.30641320833363e-05	0.999278710133283
rs113458121	-68	0.218	TA/CG	1	0.00203	NA	NA	NA	NA	NA	NA
rs1361991	-66.5	0.218	TA/CT	1	0.00197	NA	NA	NA	NA	NA	NA
rs7804631	-61.5	0.256	TC/CG	1	0.212	NA	NA	NA	NA	NA	NA
rs4728049	-60.6	0.22	TG/CA	1	0.156	NA	NA	NA	NA	NA	NA
rs12706744	-59.8	0.146	TA/CT	1	0.342	NA	NA	NA	NA	NA	NA
rs1345210	-59.7	0.218	TC/CT	1	0.00194	NA	NA	NA	NA	NA	NA
rs756900	-58.6	0.569	TC/CT	1	3.44e-05	0	3.6250457387716e-05	0.999210368740125	0	3.6250457387716e-05	0.999210368740125
rs886176	-58.3	0.566	TC/CT	1	3.42e-05	0	3.64517698233535e-05	0.999174118282737	0	3.64517698233535e-05	0.999174118282737
rs7784073	-58.2	0.569	TG/CA	1	3.2e-05	0	3.88283771865471e-05	0.999062462933654	0	3.88283771865471e-05	0.999062462933654
rs10280247	-56.2	0.16	TT/CC	1	0.0297	NA	NA	NA	NA	NA	NA
rs7794592	-56	0.16	TC/CA	1	0.0302	NA	NA	NA	NA	NA	NA
rs10225708	-55.3	0.22	TA/CG	1	0.00168	NA	NA	NA	NA	NA	NA
rs6976797	-53.8	0.163	TC/CG	1	0.0294	NA	NA	NA	NA	NA	NA
rs6467095	-53.2	0.16	TC/CT	1	0.03	NA	NA	NA	NA	NA	NA
rs4728050	-52.6	0.162	TA/CG	1	0.0345	NA	NA	NA	NA	NA	NA
rs7791956	-51.7	0.163	TG/CA	1	0.0303	NA	NA	NA	NA	NA	NA
rs6467096	-50.1	0.163	TT/CA	1	0.0312	NA	NA	NA	NA	NA	NA
rs10232001	-48.8	0.163	TA/CG	1	0.0305	NA	NA	NA	NA	NA	NA
rs2299497	-47.4	0.142	TC/CA	1	0.0146	NA	NA	NA	NA	NA	NA
rs2299498	-47.2	0.136	TG/CA	1	0.0146	NA	NA	NA	NA	NA	NA
rs142308749	-47	0.22	TT/CC	1	0.00184	NA	NA	NA	NA	NA	NA
rs2299499	-47	0.161	TG/CA	1	0.0323	NA	NA	NA	NA	NA	NA
rs4728051	-46.7	0.142	TC/CG	1	0.0151	NA	NA	NA	NA	NA	NA
rs6467097	-44.7	0.161	TG/CA	1	0.0319	NA	NA	NA	NA	NA	NA
rs3824011	-44.1	0.142	TG/CC	1	0.0147	NA	NA	NA	NA	NA	NA
rs1024417	-42.3	0.142	TA/CT	1	0.0147	NA	NA	NA	NA	NA	NA
rs1024418	-41.6	0.142	TC/CG	1	0.0146	NA	NA	NA	NA	NA	NA
rs10240139	-41	0.223	TA/CG	1	0.00188	NA	NA	NA	NA	NA	NA
rs28693977	-37.7	0.229	TG/CA	1	0.00183	NA	NA	NA	NA	NA	NA
rs10256873	-36.9	0.16	TA/CG	1	0.0352	NA	NA	NA	NA	NA	NA
rs6974018	-36.3	0.574	TA/CG	1	4.79e-05	0	2.64776091168635e-05	0.999534788871686	0	2.64776091168635e-05	0.999534788871686
rs10269099	-34.2	0.619	TT/CG	1	2.44e-05	0	5.02467941008068e-05	0.998709031134448	0	5.02467941008068e-05	0.998658784340347
rs62477959	-33.4	0.165	TA/CT	1	0.0319	NA	NA	NA	NA	NA	NA
rs7804521	-33.2	0.576	TT/CC	1	5.03e-05	0	2.52784862275867e-05	0.999662649017361	0	2.52784862275867e-05	0.999662649017361
rs1361995	-33.1	0.619	TT/CC	1	2.44e-05	0	5.02467941008068e-05	0.998658784340347	0	5.02467941008068e-05	0.998709031134448
rs2299500	-32.8	0.576	TG/CA	1	5e-05	0	2.54222260367388e-05	0.999637370531133	0	2.54222260367388e-05	0.999611948305097
rs2299501	-32.7	0.619	TT/CC	1	2.25e-05	0	5.42762508310775e-05	0.997817161962963	0	5.42762508310775e-05	0.997817161962963
rs2299502	-32.7	0.619	TC/CT	1	2.32e-05	0	5.27166157241966e-05	0.998247313552374	0	5.27166157241966e-05	0.998247313552374
rs2299503	-32.2	0.619	TA/CG	1	2.41e-05	0	5.08416914589985e-05	0.998608537546246	0	5.08416914589985e-05	0.998608537546246
rs68054622	-32.1	0.619	TC/CG	1	2.33e-05	0	5.25012958818122e-05	0.998299814848256	0	5.25012958818122e-05	0.998299814848256
rs11978951	-31.6	0.573	TG/CA	1	5e-05	0	2.54222260367388e-05	0.999611948305097	0	2.54222260367388e-05	0.999637370531133
rs10259217	-31.3	0.619	TC/CG	1	2.28e-05	0	5.3596365254373e-05	0.998141000571395	0	5.3596365254373e-05	0.998141000571395
rs10259229	-31.2	0.619	TT/CC	1	2.53e-05	0	4.85449449955064e-05	0.99880686254658	0	4.85449449955064e-05	0.99880686254658
rs10259459	-31.2	0.619	TC/CG	1	2.86e-05	0	4.32028027089181e-05	0.998939147573809	0	4.32028027089181e-05	0.998939147573809
rs10229765	-31.2	0.619	TT/CA	1	2.8e-05	0	4.4082458250139e-05	0.9988959447711	0	4.4082458250139e-05	0.9988959447711
rs28750076	-30.4	0.619	TT/CC	1	2.38e-05	0	5.14512537009881e-05	0.99845499819784	0	5.14512537009881e-05	0.99845499819784
rs17150172	-30.4	0.619	TT/CC	1	2.39e-05	0	5.12464032464192e-05	0.998557695854787	0	5.12464032464192e-05	0.998557695854787
rs2299505	-29	0.619	TG/CA	1	1.9e-05	0	6.37561378631552e-05	0.991743874636667	0	6.37561378631552e-05	0.991743874636667
rs2299506	-29	0.619	TA/CC	1	2.02e-05	0	6.0143925342785e-05	0.995459045193052	0	6.0143925342785e-05	0.995459045193052
rs2299507	-28.9	0.619	TC/CT	1	2.23e-05	0	5.47394469755145e-05	0.997708378874638	0	5.47394469755145e-05	0.997708378874638
rs10241618	-28.7	0.619	TT/CA	1	2.2e-05	0	5.54496842938318e-05	0.997543215637139	0	5.54496842938318e-05	0.997543215637139
rs12706745	-28.5	0.619	TT/CC	1	2.25e-05	0	5.42762508310775e-05	0.997871438213794	0	5.42762508310775e-05	0.997871438213794
rs10487457	-28.3	0.615	TG/CC	1	2.24e-05	0	5.45068374934796e-05	0.997762885712132	0	5.45068374934796e-05	0.997762885712132
rs4731327	-27.9	0.619	TC/CG	1	1.73e-05	1	6.97113085126231e-05	0.98552328368638	1	6.97113085126231e-05	0.985383861069355
rs10487459	-26.9	0.616	TG/CA	1	1.65e-05	1	7.29287240837209e-05	0.983891144310305	1	7.29287240837209e-05	0.983891144310305
rs727903	-26.3	0.915	TT/CA	1	4.09e-07	1	0.00253326828210213	0.883983954032307	1	0.00253326828210213	0.883983954032307
rs10250459	-26.3	0.915	TG/CA	1	9.39e-07	1	0.00113708443451711	0.96569436281835	1	0.00113708443451711	0.96569436281835
rs2237767	-26.2	0.559	TA/CG	1	3.3e-05	0	3.77097032344064e-05	0.999100172636888	0	3.77097032344064e-05	0.999100172636888
rs4731328	-25.7	0.919	TC/CT	1	7.28e-07	1	0.00145294078026945	0.906960588517793	1	0.00145294078026945	0.906960588517793
rs35825148	-25.1	0.919	TC/CT	1	7.04e-07	1	0.00150063430755537	0.893721745111502	1	0.00150063430755537	0.893721745111502
rs13222700	-25	0.919	TT/CG	1	7.38e-07	1	0.0014339688096978	0.911273771551909	1	0.0014339688096978	0.911273771551909
rs17619947	-24.8	0.919	TC/CT	1	7.45e-07	1	0.00142098638987867	0.926926710711376	1	0.00142098638987867	0.926926710711376
rs2157977	-24.3	0.919	TG/CT	1	7.01e-07	1	0.00150682168428146	0.892221110803947	1	0.00150682168428146	0.892221110803947
rs2157978	-24	0.923	TT/CC	1	7.16e-07	1	0.00147639463896474	0.898172950279395	1	0.00147639463896474	0.898172950279395
rs2237768	-23.9	0.571	TG/CA	1	6.27e-05	0	2.0516296262195e-05	0.999816665072173	0	2.0516296262195e-05	0.999816665072173
rs2299508	-23.5	0.919	TT/CC	1	7.44e-07	1	0.00142282631768253	0.92123724536845	1	0.00142282631768253	0.918391592733085
rs2106600	-23.5	0.919	TG/CA	1	7.35e-07	1	0.00143960711220917	0.909839802742212	1	0.00143960711220917	0.908400195630003
rs35048193	-22.6	0.919	TT/CG	1	7.67e-07	1	0.00138170159804982	0.935366137143931	1	0.00138170159804982	0.935366137143931
rs34351088	-22.2	0.914	TC/CT	1	7.19e-07	1	0.00147045902482329	0.899643409304218	1	0.00147045902482329	0.901113868329042
rs34548930	-22.2	0.919	TG/CC	1	7.1e-07	1	0.0014884137841033	0.895210158895605	1	0.0014884137841033	0.895210158895605
rs11763603	-21.9	0.919	TC/CG	1	7.44e-07	1	0.00142282631768253	0.91554594009772	1	0.00142282631768253	0.919814419050767
rs10954133	-21.6	0.919	TT/CC	1	7.44e-07	1	0.00142282631768253	0.924082898003815	1	0.00142282631768253	0.92123724536845
rs35456895	-21.3	0.923	TA/CC	1	7.19e-07	1	0.00147045902482329	0.901113868329042	1	0.00147045902482329	0.899643409304218
rs34137725	-21.1	0.919	TC/CA	1	7.48e-07	1	0.00141549562479438	0.929761357647457	1	0.00141549562479438	0.929761357647457
rs36097273	-20.9	0.919	TA/CG	1	7.26e-07	1	0.00145679682237511	0.905507647737524	1	0.00145679682237511	0.905507647737524
rs61756390	-20.7	0.919	TA/CG	1	7.74e-07	1	0.00136966239308336	0.936735799537014	1	0.00136966239308336	0.936735799537014
rs6969572	-19.6	0.923	TG/CA	1	7.35e-07	1	0.00143960711220917	0.908400195630003	1	0.00143960711220917	0.909839802742212
rs13224947	-19.4	0.915	TA/CG	1	7.49e-07	1	0.00141367497867453	0.932588707604806	1	0.00141367497867453	0.932588707604806
rs10954134	-19.4	0.581	TT/CC	1	4.72e-05	0	2.68497760326747e-05	0.999481568915515	0	2.68497760326747e-05	0.999454719139483
rs13224779	-19.3	0.919	TT/CC	1	8.24e-07	1	0.00128951980961237	0.948695114141548	1	0.00128951980961237	0.948695114141548
rs12333645	-19.2	0.915	TC/CT	1	7.43e-07	1	0.0014246711140638	0.912698442665973	1	0.0014246711140638	0.914123113780037
rs3808150	-19.1	0.573	TC/CG	1	6.28e-05	0	2.04853682375629e-05	0.99983715044041	0	2.04853682375629e-05	0.99983715044041
rs12333442	-18.8	0.919	TG/CC	1	7.46e-07	1	0.00141915131128716	0.928345862022663	1	0.00141915131128716	0.928345862022663
rs34839514	-18.5	0.919	TG/CC	1	7.44e-07	1	0.00142282631768253	0.918391592733085	1	0.00142282631768253	0.925505724321497
rs80157766	-18.4	0.113	TC/CT	1	0.0293	NA	NA	NA	NA	NA	NA
rs1419508	-18.3	0.923	TA/CG	1	5.55e-07	1	0.00188720050559198	0.885871154537899	1	0.00188720050559198	0.885871154537899
rs2299509	-18	0.919	TG/CA	1	7.44e-07	1	0.00142282631768253	0.916968766415402	1	0.00142282631768253	0.922660071686132
rs2299510	-18	0.919	TC/CT	1	7.2e-07	1	0.00146849129305358	0.902582359622095	1	0.00146849129305358	0.902582359622095
rs2299511	-18	0.919	TC/CT	1	7.2e-07	1	0.00146849129305358	0.904050850915149	1	0.00146849129305358	0.904050850915149
rs10487460	-17.3	0.919	TG/CA	1	7.44e-07	1	0.00142282631768253	0.922660071686132	1	0.00142282631768253	0.916968766415402
rs55964602	-17.3	0.919	TT/CC	1	7.49e-07	1	0.00141367497867453	0.931175032626132	1	0.00141367497867453	0.931175032626132
rs73453210	-17.1	0.228	TC/CT	1	0.00189	NA	NA	NA	NA	NA	NA
rs1946114	-16.9	0.919	TG/CT	1	7.43e-07	1	0.0014246711140638	0.914123113780037	1	0.0014246711140638	0.912698442665973
rs7801141	-16.3	0.121	TC/CT	1	0.196	NA	NA	NA	NA	NA	NA
rs13236505	-16.2	0.919	TG/CA	1	6.76e-07	1	0.00156048186074581	0.890714289119665	1	0.00156048186074581	0.890714289119665
rs13226841	-15.8	0.914	TC/CT	1	7.11e-07	1	0.00148639674482499	0.89669655564043	1	0.00148639674482499	0.89669655564043
rs2106601	-15	0.919	TA/CG	1	7.44e-07	1	0.00142282631768253	0.919814419050767	1	0.00142282631768253	0.91554594009772
rs2157979	-14.6	0.919	TT/CG	1	7.44e-07	1	0.00142282631768253	0.925505724321497	1	0.00142282631768253	0.924082898003815
rs67175815	-14.3	0.581	TG/CA	1	4.42e-05	0	2.85750531639696e-05	0.999400747083401	0	2.85750531639696e-05	0.999400747083401
rs62479761	-14.2	0.581	TA/CT	1	4.36e-05	0	2.89479212754005e-05	0.999372172030237	0	2.89479212754005e-05	0.999372172030237
rs2299513	-13.7	0.121	TT/CC	1	0.175	NA	NA	NA	NA	NA	NA
rs80172245	-12.8	0.114	TT/CC	1	0.0304	NA	NA	NA	NA	NA	NA
rs1946115	-12.1	0.919	TA/CG	1	9.03e-07	1	0.00118069895758161	0.963380344053253	1	0.00118069895758161	0.963380344053253
rs1946116	-12	0.121	TT/CG	1	0.203	NA	NA	NA	NA	NA	NA
rs2283070	-12	0.578	TC/CT	1	4.74e-05	0	2.67423470535323e-05	0.999508311262569	0	2.67423470535323e-05	0.999508311262569
rs10254445	-11.8	0.919	TC/CT	1	8.67e-07	1	0.0012278707382853	0.954948799591355	1	0.0012278707382853	0.954948799591355
rs10239096	-11.7	0.919	TT/CG	1	8.82e-07	1	0.00120775590025589	0.958593429705639	1	0.00120775590025589	0.958593429705639
rs10238925	-11.7	0.919	TT/CC	1	8.88e-07	1	0.00119989701020576	0.962199645095672	1	0.00119989701020576	0.962199645095672
rs10254692	-11.6	0.923	TG/CT	1	8.6e-07	1	0.00123749363304588	0.95372092885307	1	0.00123749363304588	0.95372092885307
rs28547284	-11.4	0.919	TC/CT	1	8.57e-07	1	0.00124166502505023	0.952483435220024	1	0.00124166502505023	0.952483435220024
rs34083516	-10.9	0.919	TA/CG	1	8.02e-07	1	0.00132357234878643	0.944771069615309	1	0.00132357234878643	0.944771069615309
rs17620525	-9.54	0.919	TA/CT	1	7.88e-07	1	0.00134621491163426	0.939436508841965	1	0.00134621491163426	0.940782723753599
rs28459372	-9.49	0.919	TT/CA	1	8.03e-07	1	0.00132198472301773	0.946093054338327	1	0.00132198472301773	0.946093054338327
rs10215498	-8.87	0.919	TT/CC	1	7.99e-07	1	0.00132835866268874	0.943447497266523	1	0.00132835866268874	0.943447497266523
rs10808227	-8.83	0.581	TT/CC	1	4.84e-05	0	2.62182152185339e-05	0.999561007086904	0	2.62182152185339e-05	0.999561007086904
rs10216287	-8.66	0.919	TC/CA	1	7.94e-07	1	0.00133641485023511	0.942119138603834	1	0.00133641485023511	0.942119138603834
rs10954135	-8.2	0.581	TG/CA	1	4.98e-05	0	2.55189921556538e-05	0.99958652607906	0	2.55189921556538e-05	0.99958652607906
rs10252649	-7.92	0.919	TA/CG	1	7.88e-07	1	0.00134621491163426	0.940782723753599	1	0.00134621491163426	0.939436508841965
rs10271146	-7.75	0.919	TC/CT	1	8.69e-07	1	0.00122514932877729	0.956173948920133	1	0.00122514932877729	0.956173948920133
rs1361998	-6.86	0.919	TA/CG	1	8.09e-07	1	0.00131253999360858	0.947405594331935	1	0.00131253999360858	0.947405594331935
rs2214159	-6.72	0.919	TC/CT	1	8.25e-07	1	0.00128801438954478	0.949983128531093	1	0.00128801438954478	0.949983128531093
rs10216158	-6.64	0.121	TC/CT	1	0.195	NA	NA	NA	NA	NA	NA
rs886179	-6.48	0.919	TT/CC	1	8.45e-07	1	0.00125864166388152	0.951241770194974	1	0.00125864166388152	0.951241770194974
rs11761926	-5.92	0.919	TT/CA	1	8.86e-07	1	0.0012025050162163	0.960999748085466	1	0.0012025050162163	0.960999748085466
rs11769459	-5.75	0.919	TA/CC	1	8.79e-07	1	0.00121172488525017	0.957385673805383	1	0.00121172488525017	0.957385673805383
rs11769491	-5.66	0.919	TA/CC	1	8.85e-07	1	0.00120381336361099	0.95979724306925	1	0.00120381336361099	0.95979724306925
rs9969183	-4.45	0.12	TG/CA	1	0.196	NA	NA	NA	NA	NA	NA
rs17693362	-4.41	0.919	TC/CT	1	1.1e-06	1	0.000976427037075836	0.972809152661889	1	0.000976427037075836	0.972809152661889
rs11770578	-4.28	0.919	TT/CC	1	1.09e-06	1	0.000985046253132865	0.969862633118548	1	0.000985046253132865	0.969862633118548
rs11763734	-4.25	0.919	TC/CA	1	1.09e-06	1	0.000985046253132865	0.97084767937168	1	0.000985046253132865	0.97084767937168
rs11770640	-4.01	0.121	TG/CC	1	0.192	NA	NA	NA	NA	NA	NA
rs10954136	-3.91	0.12	TG/CA	1	0.192	NA	NA	NA	NA	NA	NA
rs1362000	-3.45	0.85	TT/CC	1	3.99e-06	1	0.000283267426953435	0.97891942987299	1	0.000283267426953435	0.97891942987299
rs13225829	-1.58	0.996	TG/CC	1	3.39e-08	1	0.0281912735988149	0.268753195596794	1	0.0281912735988149	0.268753195596794
rs11768413	-1.2	0.996	TA/CG	1	3.28e-08	1	0.029107899356731	0.183024620296085	1	0.029107899356731	0.183024620296085
rs11761617	-1.03	0.996	TG/CA	1	3.34e-08	1	0.0286005423436751	0.240561921997979	1	0.0286005423436751	0.240561921997979
rs4320492	-0.929	0.996	TA/CC	1	3.2e-08	1	0.0298135452091471	0.153916720939354	1	0.0298135452091471	0.153916720939354
rs72607738	-0.118	0.509	TC/CT	1	4.72e-05	0	2.68497760326747e-05	0.999454719139483	0	2.68497760326747e-05	0.999481568915515
rs62470207	-0.094	0.996	TA/CC	1	3.12e-08	1	0.0305548564888467	0.0938306614125587	1	0.0305548564888467	0.0938306614125587
rs1362001	2.84	0.176	TA/CT	1	0.182	NA	NA	NA	NA	NA	NA
rs2299514	3.9	0.174	TG/CA	1	0.186	NA	NA	NA	NA	NA	NA
rs929211	4.31	0.996	TA/CG	1	3.3e-08	1	0.028936759358219	0.211961379654304	1	0.028936759358219	0.211961379654304
rs35648111	5.01	0.996	TC/CG	1	3.15e-08	1	0.0302725143176481	0.124103175730207	1	0.0302725143176481	0.124103175730207
rs2074012	5.13	0.176	TG/CA	1	0.185	NA	NA	NA	NA	NA	NA
rs11765100	5.58	0.996	TG/CT	1	3.02e-08	1	0.0315359269948109	0.063275804923712	1	0.0315359269948109	0.063275804923712
rs1362002	8.82	0.996	TT/CG	1	3.93e-08	1	0.0244262876473086	0.344194651330517	1	0.0244262876473086	0.344194651330517
rs17683174	8.92	0.996	TT/CA	1	3.68e-08	1	0.0260339104417382	0.294787106038532	1	0.0260339104417382	0.294787106038532
rs11773772	9.19	0.996	TT/CC	1	3.84e-08	1	0.0249812576446762	0.319768363683208	1	0.0249812576446762	0.319768363683208
rs2299516	9.92	0.996	TC/CG	1	3.98e-08	1	0.0241286645349199	0.368323315865437	1	0.0241286645349199	0.368323315865437
rs2299517	9.97	0.996	TT/CC	1	4.17e-08	1	0.0230618933410614	0.415338812210667	1	0.0230618933410614	0.415338812210667
rs17626816	10.2	0.992	TA/CG	1	4.39e-08	1	0.021940479226572	0.481403946854138	1	0.021940479226572	0.481403946854138
rs34309246	10.2	0.996	TT/CG	1	4.36e-08	1	0.0220868294460847	0.437425641656752	1	0.0220868294460847	0.437425641656752
rs2299518	10.3	1	TG/CA	1	4.01e-08	1	0.023953603004169	0.392276918869606	1	0.023953603004169	0.392276918869606
rs2299519	10.3	1	TG/CA	1	4.82e-08	1	0.0200402962597245	0.501444243113862	1	0.0200402962597245	0.501444243113862
rs1362004	11.2	1	TT/CG	1	4.89e-08	1	0.019762157088081	0.521206400201943	1	0.019762157088081	0.521206400201943
rs17683391	12	0.996	TC/CT	1	6.09e-08	1	0.0159760468028102	0.677331796564369	1	0.0159760468028102	0.677331796564369
rs12534101	14.3	0.49	TC/CA	1	0.000168	0	8.09317739951075e-06	0.999924372303038	0	8.09317739951075e-06	0.999924372303038
rs13240076	14.6	0.996	TT/CG	1	4.89e-08	1	0.019762157088081	0.540968557290024	1	0.019762157088081	0.540968557290024
rs2023734	16.5	0.988	TT/CC	1	5.62e-08	1	0.0172690544869884	0.611058104445971	1	0.0172690544869884	0.611058104445971
rs2023735	16.6	0.988	TC/CT	1	6.34e-08	1	0.0153653049588816	0.708252613527894	1	0.0153653049588816	0.708252613527894
rs1362005	17.7	0.98	TG/CT	1	5.42e-08	1	0.0178862484315693	0.558854805721594	1	0.0178862484315693	0.558854805721594
rs75389907	17.7	0.235	TA/CG	1	0.00103	NA	NA	NA	NA	NA	NA
rs17683462	18.5	0.237	TC/CT	1	0.00141	NA	NA	NA	NA	NA	NA
rs1989849	20	0.976	TA/CG	1	4.37e-08	1	0.0220378259708141	0.459463467627566	1	0.0220378259708141	0.459463467627566
rs1989850	20.3	0.98	TC/CT	1	5.62e-08	1	0.0172690544869884	0.593789049958983	1	0.0172690544869884	0.593789049958983
rs10954138	20.6	0.476	TC/CT	1	0.000155	0	8.73035467717751e-06	0.999916279125638	0	8.73035467717751e-06	0.999916279125638
rs6951771	24.3	0.98	TT/CC	1	5.97e-08	1	0.0162870998060475	0.661355749761559	1	0.0162870998060475	0.661355749761559
rs6951643	24.4	0.976	TG/CA	1	5.49e-08	1	0.0176651897504009	0.576519995471995	1	0.0176651897504009	0.576519995471995
rs62470209	25	0.476	TG/CA	1	0.000173	0	7.87297341696156e-06	0.999955993816485	0	7.87297341696156e-06	0.999955993816485
rs13239613	25.1	0.976	TT/CC	1	5.7e-08	1	0.0170341320769953	0.628092236522967	1	0.0170341320769953	0.628092236522967
rs2299520	26	0.972	TT/CC	1	5.72e-08	1	0.0169764134325444	0.645068649955511	1	0.0169764134325444	0.645068649955511
rs1008260	28.2	0.972	TC/CT	1	7.74e-08	1	0.0126650332352443	0.746586277792361	1	0.0126650332352443	0.746586277792361
rs17627206	28.4	0.976	TT/CC	1	7.75e-08	1	0.0126492064690475	0.759235484261409	1	0.0126492064690475	0.759235484261409
rs2283071	31.7	0.972	TC/CT	1	7.58e-08	1	0.0129238556968636	0.721176469224758	1	0.0129238556968636	0.721176469224758
rs17683715	32.1	0.237	TT/CC	1	0.00153	NA	NA	NA	NA	NA	NA
rs11971186	32.7	0.481	TA/CG	1	0.000132	0	1.01560999487766e-05	0.999907548770961	0	1.01560999487766e-05	0.999907548770961
rs2023733	33	0.964	TC/CT	1	7.83e-07	1	0.00135449439331615	0.93809029393033	1	0.00135449439331615	0.93809029393033
rs13240418	33.5	0.976	TG/CT	1	9.01e-08	1	0.0109323557919026	0.83129896311491	1	0.0109323557919026	0.83129896311491
rs13226065	33.6	0.976	TG/CA	1	7.9e-08	1	0.0124165429692872	0.784253993919783	1	0.0124165429692872	0.784253993919783
rs56349128	33.6	0.12	TA/CG	1	0.768	NA	NA	NA	NA	NA	NA
rs56061063	33.7	0.122	TA/CG	1	0.766	NA	NA	NA	NA	NA	NA
rs4728053	37.6	0.968	TA/CT	1	6.26e-08	1	0.0155555120046438	0.692887308569012	1	0.0155555120046438	0.692887308569012
rs12706746	37.7	0.448	TA/CG	1	0.0131	0	1.47983610909321e-07	1	0	1.47983610909321e-07	1
rs62470212	39.5	0.118	TC/CT	1	0.807	NA	NA	NA	NA	NA	NA
rs6467099	39.6	0.972	TG/CT	1	9.04e-08	1	0.0108972293509792	0.842196192465889	1	0.0108972293509792	0.842196192465889
rs6976213	39.9	0.976	TG/CA	1	9.7e-08	1	0.0101786365018222	0.852374828967711	1	0.0101786365018222	0.852374828967711
rs10216314	40.8	0.972	TC/CT	1	9.99e-08	1	0.00989248685033019	0.862267315818042	1	0.00989248685033019	0.862267315818042
rs73451279	40.9	0.235	TG/CT	1	0.00167	NA	NA	NA	NA	NA	NA
rs73228911	41.3	0.187	TG/CA	1	0.139	NA	NA	NA	NA	NA	NA
rs6948500	41.4	0.972	TT/CG	1	7.69e-08	1	0.0127447753323591	0.733921244557117	1	0.0127447753323591	0.733921244557117
rs4731330	42.4	0.976	TC/CT	1	7.78e-08	1	0.0126019666890877	0.771837450950496	1	0.0126019666890877	0.771837450950496
rs4731331	42.5	0.98	TC/CG	1	8.02e-08	1	0.0122365872409501	0.808786561172095	1	0.0122365872409501	0.808786561172095
rs1592370	46.7	0.98	TT/CC	1	8.49e-08	1	0.011580046150912	0.820366607323007	1	0.011580046150912	0.820366607323007
rs954661	49.5	0.976	TT/CC	1	7.98e-08	1	0.0122959800113616	0.796549973931145	1	0.0122959800113616	0.796549973931145
rs13238529	51	0.186	TT/CA	1	0.187	NA	NA	NA	NA	NA	NA
rs1946109	51.8	0.972	TG/CA	1	1.32e-07	1	0.00755455907150105	0.869821874889543	1	0.00755455907150105	0.869821874889543
rs3808149	52.6	0.141	TC/CT	1	0.407	NA	NA	NA	NA	NA	NA
rs3808148	52.9	0.46	TA/CG	1	3e-05	0	4.12841799498463e-05	0.999023634556467	0	4.12841799498463e-05	0.999023634556467
rs10251431	53.1	0.457	TC/CT	1	6.24e-05	0	2.0609660907699e-05	0.999796148775911	0	2.0609660907699e-05	0.999796148775911
rs10239010	53.2	0.866	TA/CG	1	6.38e-07	1	0.00164995681993265	0.887521111357831	1	0.00164995681993265	0.887521111357831
rs12706747	53.8	0.866	TT/CC	1	6.45e-07	1	0.00163269590108807	0.889153807258919	1	0.00163269590108807	0.889153807258919
rs950790	54.6	0.46	TT/CA	1	7.13e-05	0	1.81666128952021e-05	0.999855317053306	0	1.81666128952021e-05	0.999855317053306
rs950789	54.7	0.581	TA/CC	1	1.54e-06	1	0.000706456217301142	0.9769459145167	1	0.000706456217301142	0.9769459145167
rs11769307	55.5	0.581	TA/CT	1	1.45e-06	1	0.000748566251141248	0.976239458299399	1	0.000748566251141248	0.976239458299399
rs1557646	57.3	0.866	TG/CA	1	7.59e-07	1	0.00139572794107441	0.933984435545881	1	0.00139572794107441	0.933984435545881
rs2283074	58.6	0.163	TG/CA	1	0.209	NA	NA	NA	NA	NA	NA
rs1419448	58.8	0.457	TG/CT	1	5.91e-05	0	2.16976902193224e-05	0.999754383377953	0	2.16976902193224e-05	0.999754383377953
rs2283075	59.8	0.46	TA/CG	1	4.67e-05	0	2.71222800490539e-05	0.99942786936345	0	2.71222800490539e-05	0.99942786936345
rs10258445	60.1	0.464	TC/CT	1	3.32e-05	0	3.74938760253909e-05	0.999137666512914	0	3.74938760253909e-05	0.999137666512914
rs34862917	60.3	0.467	TG/CT	1	6.07e-05	0	2.11557370500799e-05	0.999775539115003	0	2.11557370500799e-05	0.999775539115003
rs137951474	62.4	0.446	TT/CC	1	3.9e-05	0	3.21782816685976e-05	0.999343224108962	0	3.21782816685976e-05	0.999343224108962
rs4728054	66.4	0.825	TT/CC	1	3.52e-07	1	0.00292808426733478	0.878696121236879	1	0.00292808426733478	0.878696121236879
rs4731332	66.5	0.828	TC/CG	1	3.49e-07	1	0.00295237538524249	0.875768036969544	1	0.00295237538524249	0.875768036969544
rs4728055	66.6	0.828	TA/CG	1	3.44e-07	1	0.00299378669475929	0.872815661584302	1	0.00299378669475929	0.872815661584302
rs2157753	67.6	0.832	TA/CC	1	3.75e-07	1	0.00275456451332546	0.881450685750205	1	0.00275456451332546	0.881450685750205
rs2157752	67.6	0.446	TG/CA	1	3.54e-05	0	3.52772610744127e-05	0.999245646001199	0	3.52772610744127e-05	0.999245646001199
rs3919444	68.4	0.451	TT/CC	1	5.29e-05	0	2.4099493148094e-05	0.999710848003657	0	2.4099493148094e-05	0.999710848003657
rs7808598	69.9	0.152	TG/CA	1	0.394	NA	NA	NA	NA	NA	NA
rs3808145	70.5	0.451	TA/CT	1	3.88e-05	0	3.23356940105081e-05	0.999311045827293	0	3.23356940105081e-05	0.999311045827293
rs2283076	73	0.21	TG/CA	1	0.00466	NA	NA	NA	NA	NA	NA
rs929175	74.1	0.506	TA/CG	1	1.22e-06	1	0.000883838751363252	0.974620771555196	1	0.000883838751363252	0.974620771555196
rs916613	74.1	0.152	TG/CA	1	0.367	NA	NA	NA	NA	NA	NA
rs35810597	74.7	0.742	TC/CT	1	9.88e-07	1	0.00108274347217541	0.96787482739362	1	0.00108274347217541	0.96787482739362
rs2237771	77.2	0.154	TG/CC	1	0.365	NA	NA	NA	NA	NA	NA
rs735699	78.4	0.154	TG/CA	1	0.451	NA	NA	NA	NA	NA	NA
rs35864494	78.4	0.51	TC/CG	1	1.24e-06	1	0.000870120493061951	0.975490892048258	1	0.000870120493061951	0.975490892048258
rs1419492	78.9	0.749	TT/CC	1	1.09e-06	1	0.000985046253132865	0.971832725624813	1	0.000985046253132865	0.971832725624813
rs1361988	79.2	0.749	TA/CG	1	1.07e-06	1	0.00100275947179521	0.968877586865415	1	0.00100275947179521	0.968877586865415
rs2237772	79.8	0.156	TT/CC	1	0.363	NA	NA	NA	NA	NA	NA
rs1002366	80.1	0.152	TG/CA	1	0.239	NA	NA	NA	NA	NA	NA
rs1002744	82.3	0.157	TT/CC	1	0.436	NA	NA	NA	NA	NA	NA
rs35505390	83.6	0.749	TT/CC	1	9.06e-07	1	0.00117693433057903	0.964557278383833	1	0.00117693433057903	0.964557278383833
rs1361987	84.1	0.37	TA/CT	1	0.000125	NA	NA	NA	NA	NA	NA
rs35215008	84.4	0.154	TA/CG	1	0.382	NA	NA	NA	NA	NA	NA
rs13242233	85.2	0.749	TT/CC	1	9.74e-07	1	0.00109772110309453	0.966792083921444	1	0.00109772110309453	0.966792083921444
rs1419490	85.7	0.37	TC/CT	1	0.000124	NA	NA	NA	NA	NA	NA
rs11766962	88.2	0.216	TC/CT	1	0.00439	NA	NA	NA	NA	NA	NA
rs2237773	88.5	0.147	TA/CG	1	0.334	NA	NA	NA	NA	NA	NA
rs17684388	88.5	0.18	TA/CG	1	0.0114	NA	NA	NA	NA	NA	NA
rs412791	89	0.372	TT/CC	1	0.000127	NA	NA	NA	NA	NA	NA
rs2283079	91.4	0.746	TG/CA	1	1.16e-06	1	0.000927780141943204	0.973736932803832	1	0.000927780141943204	0.973736932803832
rs74430504	91.8	0.173	TG/CA	1	0.0104	NA	NA	NA	NA	NA	NA
rs1204513	94.8	0.364	TT/CC	1	0.000244	NA	NA	NA	NA	NA	NA
rs1204514	96.2	0.152	TC/CT	1	0.377	NA	NA	NA	NA	NA	NA
rs1204515	97.9	0.152	TT/CC	1	0.358	NA	NA	NA	NA	NA	NA
rs1204516	98.1	0.362	TT/CG	1	0.000249	NA	NA	NA	NA	NA	NA
rs1204517	98.1	0.152	TT/CC	1	0.358	NA	NA	NA	NA	NA	NA
rs10257388	98.5	0.731	TT/CC	1	3.9e-06	1	0.000289529858691239	0.978351527440457	1	0.000289529858691239	0.978351527440457
rs1204518	98.5	0.143	TA/CC	1	0.385	NA	NA	NA	NA	NA	NA
rs370219	98.7	0.143	TA/CT	1	0.377	NA	NA	NA	NA	NA	NA
rs1204519	101	0.147	TA/CG	1	0.429	NA	NA	NA	NA	NA	NA
rs2106352	101	0.728	TG/CA	1	3.61e-06	1	0.000311790183175192	0.977761375465363	1	0.000311790183175192	0.977761375465363
rs4299946	102	0.731	TC/CT	1	3.97e-06	1	0.000284635005579534	0.978636162446036	1	0.000284635005579534	0.978636162446036
rs375173	102	0.142	TG/CA	1	0.4	NA	NA	NA	NA	NA	NA
rs10270558	102	0.731	TA/CG	1	3.75e-06	1	0.000300622116402249	0.978061997581766	1	0.000300622116402249	0.978061997581766
rs1204520	102	0.364	TC/CT	1	0.000286	NA	NA	NA	NA	NA	NA
rs10227255	102	0.731	TC/CT	1	4.21e-06	1	0.000269065881563706	0.979188495754554	1	0.000269065881563706	0.979188495754554
rs1204521	102	0.154	TT/CC	1	0.43	NA	NA	NA	NA	NA	NA
rs1204522	103	0.362	TG/CC	1	0.000287	NA	NA	NA	NA	NA	NA
rs17684592	103	0.495	TA/CC	1	2.19e-06	1	0.000503670765488255	0.977449585282188	1	0.000503670765488255	0.977449585282188
rs1204523	103	0.362	TC/CT	1	0.000275	NA	NA	NA	NA	NA	NA
rs1204524	103	0.364	TG/CA	1	0.000249	NA	NA	NA	NA	NA	NA
rs73453319	105	0.17	TA/CT	1	0.0131	NA	NA	NA	NA	NA	NA
rs1204525	107	0.152	TT/CC	1	0.353	NA	NA	NA	NA	NA	NA
rs6975541	107	0.716	TT/CC	1	5.56e-06	1	0.000206142324125808	0.979816379360623	1	0.000206142324125808	0.979816379360623
rs1204526	107	0.351	TT/CC	1	0.000371	NA	NA	NA	NA	NA	NA
rs35351503	108	0.716	TA/CG	1	5.4e-06	1	0.000211986007009341	0.979400481761563	1	0.000211986007009341	0.979400481761563
rs1204527	108	0.152	TA/CG	1	0.37	NA	NA	NA	NA	NA	NA
rs7809518	108	0.713	TC/CT	1	5.46e-06	1	0.000209755274934607	0.979610237036498	1	0.000209755274934607	0.979610237036498
rs1204528	110	0.151	TT/CC	1	0.374	NA	NA	NA	NA	NA	NA
rs2535932	116	0.105	TT/CC	1	0.582	NA	NA	NA	NA	NA	NA
rs2535936	119	0.105	TA/CG	1	0.603	NA	NA	NA	NA	NA	NA
rs2215565	121	0.103	TC/CG	1	0.604	NA	NA	NA	NA	NA	NA
rs2262068	124	0.157	TT/CG	1	0.726	NA	NA	NA	NA	NA	NA
rs2237774	136	0.107	TA/CG	1	0.512	NA	NA	NA	NA	NA	NA
rs2535938	137	0.105	TT/CC	1	0.53	NA	NA	NA	NA	NA	NA
rs2518949	143	0.105	TC/CG	1	0.523	NA	NA	NA	NA	NA	NA
rs2518955	144	0.105	TC/CA	1	0.537	NA	NA	NA	NA	NA	NA
rs1419465	154	0.109	TA/CC	1	0.517	NA	NA	NA	NA	NA	NA
rs2535942	157	0.18	TT/CC	1	0.102	NA	NA	NA	NA	NA	NA
rs2535943	158	0.112	TG/CA	1	0.768	NA	NA	NA	NA	NA	NA
rs1155656	161	0.109	TG/CT	1	0.789	NA	NA	NA	NA	NA	NA
rs2535944	163	0.111	TG/CA	1	0.766	NA	NA	NA	NA	NA	NA
rs2518954	166	0.108	TC/CG	1	0.777	NA	NA	NA	NA	NA	NA
rs2072416	170	0.101	TC/CA	1	0.769	NA	NA	NA	NA	NA	NA
rs2518957	176	0.104	TG/CA	1	0.757	NA	NA	NA	NA	NA	NA
rs1204567	186	0.1	TA/CG	1	0.774	NA	NA	NA	NA	NA	NA
rs1204569	189	0.103	TG/CA	1	0.808	NA	NA	NA	NA	NA	NA
rs1204571	191	0.103	TG/CA	1	0.813	NA	NA	NA	NA	NA	NA
rs1003036	194	0.1	TA/CT	1	0.784	NA	NA	NA	NA	NA	NA
rs2535926	194	0.1	TG/CC	1	0.743	NA	NA	NA	NA	NA	NA
rs1548766	194	0.103	TA/CC	1	0.806	NA	NA	NA	NA	NA	NA
rs1204579	197	0.1	TT/CC	1	0.774	NA	NA	NA	NA	NA	NA
rs1204581	200	0.1	TC/CT	1	0.755	NA	NA	NA	NA	NA	NA
rs1204583	201	0.1	TA/CG	1	0.856	NA	NA	NA	NA	NA	NA
rs1204584	201	0.103	TT/CC	1	0.859	NA	NA	NA	NA	NA	NA
rs1121874	203	0.1	TG/CA	1	0.838	NA	NA	NA	NA	NA	NA
rs992169	204	0.1	TC/CT	1	0.82	NA	NA	NA	NA	NA	NA
rs1204588	204	0.1	TT/CC	1	0.835	NA	NA	NA	NA	NA	NA
rs1211384	207	0.1	TC/CT	1	0.829	NA	NA	NA	NA	NA	NA
rs1154324	216	0.103	TT/CC	1	0.828	NA	NA	NA	NA	NA	NA
rs3757795	226	0.115	TT/CC	1	0.997	NA	NA	NA	NA	NA	NA
rs10265258	229	0.107	TG/CA	1	0.627	NA	NA	NA	NA	NA	NA
