SNP	KB	R2	Alleles	F	P	inCredible	probNorm	cumSum	inCredible	probNorm	cumSum
rs10896636	0	1	G	1	1.78e-08	1	0.275301592787516	0.275301592787516	1	0.275301592787516	0.275301592787516
rs12365829	-210	0.103	GG/CA	1	0.229	NA	NA	NA	NA	NA	NA
rs11229051	-147	0.128	GC/CG	1	0.169	NA	NA	NA	NA	NA	NA
rs74590677	-144	0.129	GT/CC	1	0.165	NA	NA	NA	NA	NA	NA
rs11608170	-140	0.129	GT/CC	1	0.205	NA	NA	NA	NA	NA	NA
rs10896626	-125	0.138	GG/CA	1	0.479	NA	NA	NA	NA	NA	NA
rs111433147	-124	0.129	GC/CG	1	0.182	NA	NA	NA	NA	NA	NA
rs7123499	-95.4	0.14	GA/CC	1	0.52	NA	NA	NA	NA	NA	NA
rs2649664	-87	0.126	GC/CT	1	0.385	NA	NA	NA	NA	NA	NA
rs2848627	-86.4	0.126	GT/CA	1	0.389	NA	NA	NA	NA	NA	NA
rs2509897	-85.4	0.127	GG/CC	1	0.382	NA	NA	NA	NA	NA	NA
rs28362947	-79	0.548	GG/CC	1	0.00158	0	5.24170126167667e-06	1	0	5.24170126167667e-06	1
rs28362948	-79	0.548	GC/CA	1	0.00153	0	5.3992415281617e-06	0.999994758298738	0	5.3992415281617e-06	0.999994758298738
rs11229063	-78.3	0.548	GA/CG	1	0.00149	0	5.5326275308023e-06	0.999983860420992	0	5.5326275308023e-06	0.999983860420992
rs11820040	-78.1	0.548	GC/CT	1	0.00148	0	5.56706293757154e-06	0.999978327793462	0	5.56706293757154e-06	0.999978327793462
rs78364821	-77.3	0.553	GT/CC	1	0.00146	0	5.63730176924123e-06	0.999972760730524	0	5.63730176924123e-06	0.999972760730524
rs76525968	-76.8	0.548	GT/CG	1	0.00143	0	5.74622053450477e-06	0.999961414002124	0	5.74622053450477e-06	0.99995566778159
rs144256346	-76.6	0.548	GT/CC	1	0.0015	0	5.49863621783788e-06	0.99998935905721	0	5.49863621783788e-06	0.99998935905721
rs28362949	-76.1	0.553	GT/CG	1	0.00144	0	5.70942663024682e-06	0.999967123428755	0	5.70942663024682e-06	0.999967123428755
rs28362950	-76.1	0.553	GA/CG	1	0.00143	0	5.74622053450477e-06	0.99995566778159	0	5.74622053450477e-06	0.999961414002124
rs28362951	-75.5	0.553	GG/CA	1	0.0013	0	6.27425819598242e-06	0.999949921561055	0	6.27425819598242e-06	0.999949921561055
rs11603020	-73.7	0.551	GC/CT	1	0.000204	0	3.5238204166104e-05	0.999435695648712	0	3.5238204166104e-05	0.999435695648712
rs11229066	-73.2	0.551	GG/CC	1	0.000206	0	3.4916745870025e-05	0.999470612394582	0	3.4916745870025e-05	0.999470612394582
rs11229067	-73.1	0.551	GT/CG	1	0.000231	0	3.13565849404374e-05	0.999731443076649	0	3.13565849404374e-05	0.999731443076649
rs2508441	-72.6	0.127	GG/CA	1	0.113	NA	NA	NA	NA	NA	NA
rs78624400	-72.6	0.551	GC/CG	1	0.000212	0	3.39878145366694e-05	0.999539201515644	0	3.39878145366694e-05	0.999539201515644
rs138770460	-71.9	0.551	GA/CG	1	0.000217	0	3.32519241602489e-05	0.999572453439805	0	3.32519241602489e-05	0.999572453439805
rs3824988	-70.1	0.551	GG/CA	1	0.000208	0	3.46013065252177e-05	0.999505213701108	0	3.46013065252177e-05	0.999505213701108
rs2508443	-70	0.13	GG/CT	1	0.101	NA	NA	NA	NA	NA	NA
rs2511989	-69.7	0.126	GC/CT	1	0.125	NA	NA	NA	NA	NA	NA
rs2454660	-69.4	0.126	GG/CA	1	0.12	NA	NA	NA	NA	NA	NA
rs10896631	-66.8	0.567	GC/CT	1	0.000226	0	3.20072542778894e-05	0.99963646794836	0	3.20072542778894e-05	0.999604460694082
rs1557522	-66.5	0.139	GT/CC	1	0.144	NA	NA	NA	NA	NA	NA
rs4926	-66	0.567	GA/CG	1	0.000379	0	1.97209918389145e-05	0.999943647302859	0	1.97209918389145e-05	0.999943647302859
rs11606677	-64.7	0.567	GA/CG	1	0.000228	0	3.17436541516789e-05	0.999700086491709	0	3.17436541516789e-05	0.999700086491709
rs11606706	-64.5	0.567	GT/CG	1	0.000226	0	3.20072542778894e-05	0.999604460694082	0	3.20072542778894e-05	0.99963646794836
rs112764194	-62.2	0.579	GT/CC	1	0.000319	0	2.31707897478591e-05	0.999780707240231	0	2.31707897478591e-05	0.999780707240231
rs7117896	-59.5	0.57	GA/CG	1	0.000158	0	4.4808032108671e-05	0.999400457444546	0	4.4808032108671e-05	0.999400457444546
rs11607122	-58.3	0.566	GA/CG	1	0.000141	0	4.98770678049545e-05	0.999355649412438	0	4.98770678049545e-05	0.999355649412438
rs10896632	-57.7	0.579	GA/CG	1	0.000227	0	3.18748891965551e-05	0.999668342837557	0	3.18748891965551e-05	0.999668342837557
rs11229075	-57	0.58	GC/CA	1	0.000369	0	2.02201542806475e-05	0.999903858643402	0	2.02201542806475e-05	0.999903858643402
rs2511996	-56.6	0.146	GT/CC	1	0.132	NA	NA	NA	NA	NA	NA
rs2511994	-56.3	0.146	GA/CG	1	0.136	NA	NA	NA	NA	NA	NA
rs2511993	-55.2	0.146	GC/CT	1	0.137	NA	NA	NA	NA	NA	NA
rs2081362	-54.1	0.146	GT/CG	1	0.125	NA	NA	NA	NA	NA	NA
rs7102271	-51.2	0.575	GT/CG	1	0.000364	0	2.0479724828498e-05	0.999863158764293	0	2.0479724828498e-05	0.999863158764293
rs112936078	-50.8	0.575	GG/CA	1	0.000364	0	2.0479724828498e-05	0.999883638489121	0	2.0479724828498e-05	0.999883638489121
rs11229077	-49	0.58	GT/CC	1	0.000361	0	2.06388202349171e-05	0.999822146566793	0	2.06388202349171e-05	0.999822146566793
rs11229078	-48.8	0.58	GC/CT	1	0.000358	0	2.08005063275191e-05	0.999801507746558	0	2.08005063275191e-05	0.999801507746558
rs11229080	-48.5	0.58	GC/CT	1	0.000363	0	2.05324726713607e-05	0.999842679039464	0	2.05324726713607e-05	0.999842679039464
rs73480556	-47.6	0.575	GC/CG	1	0.000372	0	2.00676676184531e-05	0.999923926311021	0	2.00676676184531e-05	0.999923926311021
rs2926664	-47.5	0.149	GA/CG	1	0.128	NA	NA	NA	NA	NA	NA
rs1647396	-46.8	0.215	GA/CG	1	0.216	NA	NA	NA	NA	NA	NA
rs73480560	-46.6	0.58	GT/CC	1	0.000281	0	2.60933738337677e-05	0.999757536450483	0	2.60933738337677e-05	0.999757536450483
rs1783826	-45.1	0.228	GG/CT	1	0.147	NA	NA	NA	NA	NA	NA
rs10750866	-43.3	0.688	GG/CA	1	3.89e-05	0	0.000168570185080338	0.999305772344633	0	0.000168570185080338	0.999305772344633
rs731384	-39.6	0.725	GA/CG	1	1.17e-05	0	0.000529003218517685	0.99830366417324	0	0.000529003218517685	0.99830366417324
rs1783827	-38.5	0.207	GA/CG	1	0.145	NA	NA	NA	NA	NA	NA
rs1647395	-38.2	0.725	GG/CC	1	2.82e-05	0	0.000228816156583048	0.998532480329823	0	0.000228816156583048	0.998532480329823
rs55920079	-37.8	0.73	GC/CT	1	3.18e-05	0	0.00020412485330613	0.998952351443933	0	0.00020412485330613	0.998952351443933
rs929934	-36.8	0.213	GC/CT	1	0.233	NA	NA	NA	NA	NA	NA
rs55649513	-36.7	0.73	GG/CC	1	3e-05	0	0.00021574626080383	0.998748226590627	0	0.00021574626080383	0.998748226590627
rs1783828	-36.5	0.21	GC/CT	1	0.236	NA	NA	NA	NA	NA	NA
rs2081361	-36.3	0.73	GT/CC	1	3.53e-05	0	0.000184850715619217	0.999137202159552	0	0.000184850715619217	0.999137202159552
rs1798177	-35.9	0.21	GT/CC	1	0.234	NA	NA	NA	NA	NA	NA
rs12793139	-34.1	0.115	GC/CG	1	0.0761	NA	NA	NA	NA	NA	NA
rs7947357	-33.6	0.214	GG/CA	1	0.23	NA	NA	NA	NA	NA	NA
rs1647394	-29.4	0.296	GT/CC	1	0.0549	NA	NA	NA	NA	NA	NA
rs1783983	-27.3	0.298	GC/CT	1	0.0484	NA	NA	NA	NA	NA	NA
rs1647397	-26.9	0.289	GA/CT	1	0.0631	NA	NA	NA	NA	NA	NA
rs7117878	-26.6	0.898	GA/CC	1	1.5e-06	1	0.00378645994294519	0.990390653026778	1	0.00378645994294519	0.990390653026778
rs1613592	-24	0.298	GT/CG	1	0.0663	NA	NA	NA	NA	NA	NA
rs10896633	-24	0.898	GC/CT	1	1.45e-06	1	0.00391191904123716	0.975046752293625	1	0.00391191904123716	0.975046752293625
rs11229087	-22.3	0.153	GC/CT	1	0.0276	NA	NA	NA	NA	NA	NA
rs1647403	-21.6	0.295	GG/CC	1	0.0456	NA	NA	NA	NA	NA	NA
rs1783984	-18.6	0.295	GT/CG	1	0.0432	NA	NA	NA	NA	NA	NA
rs1798172	-17.9	0.298	GC/CT	1	0.0408	NA	NA	NA	NA	NA	NA
rs1783985	-16.6	0.296	GA/CG	1	0.0405	NA	NA	NA	NA	NA	NA
rs1267146	-16.2	0.165	GC/CT	1	0.0227	NA	NA	NA	NA	NA	NA
rs1798173	-16	0.302	GC/CT	1	0.0167	NA	NA	NA	NA	NA	NA
rs515939	-15.4	0.178	GG/CA	1	0.018	NA	NA	NA	NA	NA	NA
rs527528	-14.7	0.91	GT/CC	1	2.43e-07	1	0.0218852646647039	0.372400637122931	1	0.0218852646647039	0.372400637122931
rs504921	-14.6	0.156	GT/CC	1	0.00751	NA	NA	NA	NA	NA	NA
rs499188	-13.9	0.942	GA/CC	1	3.9e-07	1	0.0138603725399436	0.536079652795979	1	0.0138603725399436	0.536079652795979
rs11601607	-13.1	0.245	GT/CG	1	0.000574	NA	NA	NA	NA	NA	NA
rs11602109	-12.7	0.951	GA/CG	1	1.71e-07	1	0.0307357284493828	0.306037321236899	1	0.0307357284493828	0.306037321236899
rs503037	-11.5	0.155	GC/CT	1	0.00909	NA	NA	NA	NA	NA	NA
rs1783818	-10.5	0.352	GT/CC	1	0.0678	NA	NA	NA	NA	NA	NA
rs540234	-6.89	0.155	GG/CA	1	0.00924	NA	NA	NA	NA	NA	NA
rs604344	-4.54	0.155	GC/CG	1	0.00898	NA	NA	NA	NA	NA	NA
rs517638	-4.23	0.155	GC/CA	1	0.00933	NA	NA	NA	NA	NA	NA
rs12805841	-4.19	0.955	GA/CG	1	4.77e-07	1	0.0114131293245414	0.762451913152946	1	0.0114131293245414	0.762451913152946
rs1624389	-1.76	0.347	GG/CA	1	0.0897	NA	NA	NA	NA	NA	NA
rs1783819	-0.471	0.101	GT/CC	1	0.00298	NA	NA	NA	NA	NA	NA
rs509564	0.085	0.135	GC/CT	1	0.0404	NA	NA	NA	NA	NA	NA
rs1783980	0.293	0.347	GT/CC	1	0.0915	NA	NA	NA	NA	NA	NA
rs1785498	0.9	0.347	GG/CC	1	0.101	NA	NA	NA	NA	NA	NA
rs7124804	1.45	0.266	GG/CA	1	0.331	NA	NA	NA	NA	NA	NA
rs669433	1.53	0.155	GC/CT	1	0.00803	NA	NA	NA	NA	NA	NA
rs488769	2.69	0.897	GC/CA	1	7.22e-07	1	0.00765368024058684	0.918707922694725	1	0.00765368024058684	0.918707922694725
rs1783981	3.06	0.351	GC/CT	1	0.0715	NA	NA	NA	NA	NA	NA
rs549279	3.99	0.156	GG/CA	1	0.00821	NA	NA	NA	NA	NA	NA
rs669950	4.38	0.155	GT/CC	1	0.00821	NA	NA	NA	NA	NA	NA
rs504311	4.83	0.155	GC/CT	1	0.00876	NA	NA	NA	NA	NA	NA
rs12362166	5.01	0.955	GT/CC	1	4.21e-07	1	0.012874300996768	0.629705891589475	1	0.012874300996768	0.629705891589475
rs549022	8.21	0.155	GC/CT	1	0.00893	NA	NA	NA	NA	NA	NA
rs12801694	12.2	0.156	GC/CT	1	0.0267	NA	NA	NA	NA	NA	NA
rs1783976	14.7	0.351	GC/CT	1	0.0985	NA	NA	NA	NA	NA	NA
rs1783977	14.8	0.347	GC/CT	1	0.0858	NA	NA	NA	NA	NA	NA
rs79740710	15.1	0.955	GT/CC	1	4.26e-07	1	0.0127284851845484	0.642434376774023	1	0.0127284851845484	0.642434376774023
rs1783978	15.5	0.352	GC/CT	1	0.0591	NA	NA	NA	NA	NA	NA
rs12804972	15.7	0.955	GC/CT	1	4.39e-07	1	0.0123646603461233	0.679916860040564	1	0.0123646603461233	0.679916860040564
rs2926656	17.4	0.95	GT/CC	1	4.36e-07	1	0.0124467256273177	0.667552199694441	1	0.0124467256273177	0.667552199694441
rs11604333	19	0.955	GG/CC	1	4.45e-07	1	0.0122037954443514	0.692120655484916	1	0.0122037954443514	0.692120655484916
rs1783979	20.1	0.347	GC/CT	1	0.0859	NA	NA	NA	NA	NA	NA
rs1785499	21.1	0.352	GG/CT	1	0.0656	NA	NA	NA	NA	NA	NA
rs544446	22.8	0.155	GT/CC	1	0.00851	NA	NA	NA	NA	NA	NA
rs1647400	24.9	0.101	GC/CG	1	0.00299	NA	NA	NA	NA	NA	NA
rs1783824	25	0.352	GG/CA	1	0.0691	NA	NA	NA	NA	NA	NA
rs1615585	25.6	0.105	GC/CT	1	0.00106	NA	NA	NA	NA	NA	NA
rs61888873	25.9	0.155	GG/CA	1	0.00851	NA	NA	NA	NA	NA	NA
rs491719	27.5	0.155	GG/CA	1	0.00854	NA	NA	NA	NA	NA	NA
rs56406844	29.8	0.138	GA/CC	1	0.212	NA	NA	NA	NA	NA	NA
rs1647405	29.9	0.946	GT/CC	1	4.46e-07	1	0.0121773985615909	0.704298054046507	1	0.0121773985615909	0.704298054046507
rs1424752	31.8	0.155	GA/CC	1	0.00881	NA	NA	NA	NA	NA	NA
rs1424753	31.8	0.344	GC/CT	1	0.0969	NA	NA	NA	NA	NA	NA
rs577741	32.7	0.155	GC/CG	1	0.00848	NA	NA	NA	NA	NA	NA
rs492131	33.1	0.155	GC/CT	1	0.00848	NA	NA	NA	NA	NA	NA
rs7116341	33.1	0.955	GA/CG	1	4.16e-07	1	0.0130235639994458	0.603838160857771	1	0.0130235639994458	0.603838160857771
rs523985	33.3	0.155	GC/CG	1	0.00848	NA	NA	NA	NA	NA	NA
rs480933	40.1	0.155	GG/CA	1	0.00854	NA	NA	NA	NA	NA	NA
rs71484461	40.9	0.955	GA/CG	1	4.28e-07	1	0.0126710972931002	0.655105474067123	1	0.0126710972931002	0.655105474067123
rs2956982	42.7	0.352	GG/CA	1	0.0653	NA	NA	NA	NA	NA	NA
rs11229109	44.2	0.347	GA/CG	1	0.0977	NA	NA	NA	NA	NA	NA
rs7938083	45.6	0.955	GA/CC	1	5.41e-07	1	0.0101082421181024	0.845989026594794	1	0.0101082421181024	0.845989026594794
rs36036499	46.2	0.347	GT/CC	1	0.0974	NA	NA	NA	NA	NA	NA
rs11607056	48.8	0.951	GT/CC	1	3.94e-07	1	0.0137245631135872	0.56366458844951	1	0.0137245631135872	0.56366458844951
rs11604325	49	0.955	GA/CC	1	3.99e-07	1	0.0135585688999251	0.590814596858325	1	0.0135585688999251	0.590814596858325
rs7105506	49.9	0.341	GG/CA	1	0.0889	NA	NA	NA	NA	NA	NA
rs2847308	50.2	0.95	GC/CT	1	4.17e-07	1	0.0129934297349358	0.616831590592707	1	0.0129934297349358	0.616831590592707
rs78459567	50.3	0.15	GG/CA	1	0.141	NA	NA	NA	NA	NA	NA
rs547891	51	0.95	GC/CT	1	3.98e-07	1	0.0135914395088906	0.5772560279584	1	0.0135914395088906	0.5772560279584
rs7117020	51.6	0.352	GT/CG	1	0.0651	NA	NA	NA	NA	NA	NA
rs527140	52.1	0.155	GA/CG	1	0.0081	NA	NA	NA	NA	NA	NA
rs72928102	52.8	0.155	GC/CT	1	0.00826	NA	NA	NA	NA	NA	NA
rs2956981	53.2	0.352	GC/CT	1	0.0586	NA	NA	NA	NA	NA	NA
rs78224972	54.4	0.155	GG/CA	1	0.00835	NA	NA	NA	NA	NA	NA
rs12363024	55.2	0.347	GG/CC	1	0.0953	NA	NA	NA	NA	NA	NA
rs536673	59.1	0.155	GG/CA	1	0.0086	NA	NA	NA	NA	NA	NA
rs4827	60	0.955	GT/CC	1	5.29e-07	1	0.0103292457362876	0.825570331563047	1	0.0103292457362876	0.825570331563047
rs12146541	60.6	0.955	GC/CG	1	5.26e-07	1	0.0103860457934801	0.81524108582676	1	0.0103860457934801	0.81524108582676
rs9420	62.3	0.903	GA/CG	1	8.7e-07	1	0.00639539927757682	0.954139958631484	1	0.00639539927757682	0.954139958631484
rs11229113	62.8	0.907	GT/CG	1	7.37e-07	1	0.00750354756620985	0.933744561748402	1	0.00750354756620985	0.933744561748402
rs56392705	70.4	0.347	GT/CC	1	0.111	NA	NA	NA	NA	NA	NA
rs3017889	72.8	0.352	GA/CG	1	0.0743	NA	NA	NA	NA	NA	NA
rs11229115	73.1	0.155	GA/CG	1	0.0091	NA	NA	NA	NA	NA	NA
rs511708	73.5	0.155	GT/CG	1	0.00931	NA	NA	NA	NA	NA	NA
rs61888880	73.6	0.155	GC/CT	1	0.00936	NA	NA	NA	NA	NA	NA
rs77993055	74.8	0.946	GT/CC	1	5.65e-07	1	0.00969394653932478	0.875685860743623	1	0.00969394653932478	0.875685860743623
rs11605731	76.1	0.946	GG/CC	1	6.33e-07	1	0.00868811180284811	0.911054242454138	1	0.00868811180284811	0.911054242454138
rs11601449	76.3	0.946	GA/CG	1	6.07e-07	1	0.00904652587380303	0.884732386617426	1	0.00904652587380303	0.884732386617426
rs7949841	76.7	0.946	GC/CG	1	6.31e-07	1	0.00871465086196475	0.90236613065129	1	0.00871465086196475	0.90236613065129
rs12805343	76.7	0.335	GC/CA	1	0.434	NA	NA	NA	NA	NA	NA
rs501738	77.9	0.16	GA/CG	1	0.00739	NA	NA	NA	NA	NA	NA
rs558653	81.1	0.16	GC/CT	1	0.00796	NA	NA	NA	NA	NA	NA
rs11570176	81.4	0.335	GA/CG	1	0.436	NA	NA	NA	NA	NA	NA
rs7120868	82.5	0.335	GT/CG	1	0.436	NA	NA	NA	NA	NA	NA
rs530094	83	0.16	GG/CA	1	0.00778	NA	NA	NA	NA	NA	NA
rs12146692	86.2	0.258	GG/CA	1	0.367	NA	NA	NA	NA	NA	NA
rs11229116	86.5	0.937	GG/CC	1	5.3e-07	1	0.0103104529136445	0.835880784476692	1	0.0103104529136445	0.835880784476692
rs17455422	86.8	0.329	GC/CT	1	0.372	NA	NA	NA	NA	NA	NA
rs12270209	89.8	0.335	GG/CA	1	0.231	NA	NA	NA	NA	NA	NA
rs17455520	92.4	0.941	GA/CC	1	4.65e-07	1	0.0116970849217323	0.739437938641254	1	0.0116970849217323	0.739437938641254
rs537627	92.5	0.16	GG/CA	1	0.00815	NA	NA	NA	NA	NA	NA
rs580223	93.1	0.16	GT/CA	1	0.00856	NA	NA	NA	NA	NA	NA
rs2156638	95	0.335	GG/CC	1	0.225	NA	NA	NA	NA	NA	NA
rs17455626	96.5	0.328	GT/CC	1	0.37	NA	NA	NA	NA	NA	NA
rs541245	97.9	0.16	GA/CG	1	0.00801	NA	NA	NA	NA	NA	NA
rs35808061	99	0.941	GC/CT	1	5.23e-07	1	0.0104434866073498	0.80485504003328	1	0.0104434866073498	0.80485504003328
rs12362406	103	0.148	GA/CG	1	0.0353	NA	NA	NA	NA	NA	NA
rs4611222	104	0.334	GG/CA	1	0.226	NA	NA	NA	NA	NA	NA
rs11570181	108	0.329	GT/CC	1	0.369	NA	NA	NA	NA	NA	NA
rs12274865	110	0.334	GC/CT	1	0.238	NA	NA	NA	NA	NA	NA
rs11570190	112	0.937	GC/CA	1	6.16e-07	1	0.00891909317189974	0.893651479789325	1	0.00891909317189974	0.893651479789325
rs501054	113	0.16	GG/CT	1	0.00848	NA	NA	NA	NA	NA	NA
rs11229130	114	0.937	GG/CA	1	5.11e-07	1	0.0106798806705834	0.783811674494113	1	0.0106798806705834	0.783811674494113
rs11229131	114	0.937	GA/CG	1	5.11e-07	1	0.0106798806705834	0.77313179382353	1	0.0106798806705834	0.77313179382353
rs10896644	116	0.328	GC/CT	1	0.324	NA	NA	NA	NA	NA	NA
rs58132137	117	0.16	GG/CA	1	0.00926	NA	NA	NA	NA	NA	NA
rs112976685	117	0.334	GG/CA	1	0.201	NA	NA	NA	NA	NA	NA
rs567017	118	0.16	GA/CT	1	0.00833	NA	NA	NA	NA	NA	NA
rs483030	119	0.16	GA/CG	1	0.00857	NA	NA	NA	NA	NA	NA
rs653889	122	0.325	GA/CG	1	0.362	NA	NA	NA	NA	NA	NA
rs3781885	123	0.898	GT/CC	1	8.27e-07	1	0.00671533326968766	0.947744559353907	1	0.00671533326968766	0.947744559353907
rs10896647	124	0.941	GT/CC	1	5.15e-07	1	0.0105998789318166	0.79441155342593	1	0.0105998789318166	0.79441155342593
rs11570210	129	0.131	GG/CA	1	0.161	NA	NA	NA	NA	NA	NA
rs612688	129	0.16	GA/CG	1	0.00796	NA	NA	NA	NA	NA	NA
rs581217	130	0.16	GT/CC	1	0.00755	NA	NA	NA	NA	NA	NA
rs665058	131	0.335	GT/CC	1	0.223	NA	NA	NA	NA	NA	NA
rs658936	133	0.336	GG/CT	1	0.243	NA	NA	NA	NA	NA	NA
rs623541	134	0.336	GA/CC	1	0.223	NA	NA	NA	NA	NA	NA
rs708228	138	0.941	GT/CC	1	4.69e-07	1	0.0116008451871515	0.751038783828405	1	0.0116008451871515	0.751038783828405
rs10896649	140	0.335	GA/CG	1	0.232	NA	NA	NA	NA	NA	NA
rs507946	141	0.16	GT/CA	1	0.00778	NA	NA	NA	NA	NA	NA
rs471398	146	0.336	GT/CC	1	0.218	NA	NA	NA	NA	NA	NA
rs606499	146	0.335	GA/CG	1	0.229	NA	NA	NA	NA	NA	NA
rs547118	147	0.336	GG/CC	1	0.232	NA	NA	NA	NA	NA	NA
rs1786438	149	0.336	GG/CT	1	0.231	NA	NA	NA	NA	NA	NA
rs585337	149	0.336	GT/CC	1	0.231	NA	NA	NA	NA	NA	NA
rs585761	149	0.335	GA/CG	1	0.232	NA	NA	NA	NA	NA	NA
rs12807250	152	0.941	GT/CC	1	5.49e-07	1	0.00996618612705514	0.865991914204298	1	0.00996618612705514	0.865991914204298
rs656227	153	0.16	GC/CT	1	0.00783	NA	NA	NA	NA	NA	NA
rs639158	154	0.336	GA/CG	1	0.232	NA	NA	NA	NA	NA	NA
rs627145	154	0.335	GA/CG	1	0.232	NA	NA	NA	NA	NA	NA
rs652908	156	0.336	GT/CC	1	0.232	NA	NA	NA	NA	NA	NA
rs659165	161	0.312	GA/CC	1	0.587	NA	NA	NA	NA	NA	NA
rs645145	162	0.328	GG/CT	1	0.38	NA	NA	NA	NA	NA	NA
rs644219	162	0.328	GC/CT	1	0.38	NA	NA	NA	NA	NA	NA
rs594233	162	0.16	GT/CC	1	0.00727	NA	NA	NA	NA	NA	NA
rs608648	163	0.16	GA/CG	1	0.00751	NA	NA	NA	NA	NA	NA
rs640767	164	0.16	GA/CG	1	0.0075	NA	NA	NA	NA	NA	NA
rs588612	165	0.335	GC/CG	1	0.231	NA	NA	NA	NA	NA	NA
rs79260745	165	0.932	GC/CT	1	4.64e-07	1	0.0117213998365073	0.716019453883014	1	0.0117213998365073	0.727740853719521
rs658183	167	0.16	GT/CC	1	0.00747	NA	NA	NA	NA	NA	NA
rs645097	168	0.16	GA/CT	1	0.00745	NA	NA	NA	NA	NA	NA
rs11229148	173	0.937	GT/CA	1	4.64e-07	1	0.0117213998365073	0.727740853719521	1	0.0117213998365073	0.716019453883014
rs647264	174	0.16	GC/CT	1	0.00787	NA	NA	NA	NA	NA	NA
rs638864	174	0.16	GG/CA	1	0.00745	NA	NA	NA	NA	NA	NA
rs10750870	176	0.336	GC/CA	1	0.224	NA	NA	NA	NA	NA	NA
rs2848445	176	0.161	GG/CA	1	0.00783	NA	NA	NA	NA	NA	NA
rs604094	177	0.16	GG/CT	1	0.00745	NA	NA	NA	NA	NA	NA
rs675154	180	0.16	GA/CG	1	0.00736	NA	NA	NA	NA	NA	NA
rs636807	186	0.16	GG/CA	1	0.00748	NA	NA	NA	NA	NA	NA
rs652191	187	0.328	GA/CG	1	0.332	NA	NA	NA	NA	NA	NA
rs666021	188	0.16	GA/CG	1	0.00892	NA	NA	NA	NA	NA	NA
rs671508	189	0.334	GT/CA	1	0.206	NA	NA	NA	NA	NA	NA
rs682258	189	0.334	GT/CG	1	0.206	NA	NA	NA	NA	NA	NA
rs7936998	191	0.932	GA/CG	1	3.84e-07	1	0.0140693042301696	0.522219280256035	1	0.0140693042301696	0.522219280256035
rs78956812	191	0.214	GT/CC	1	0.224	NA	NA	NA	NA	NA	NA
rs609596	191	0.134	GC/CT	1	0.00987	NA	NA	NA	NA	NA	NA
rs682503	193	0.88	GC/CG	1	3.69e-07	1	0.0146208611708505	0.508149976025866	1	0.0146208611708505	0.508149976025866
rs7117205	194	0.885	GC/CT	1	2.39e-07	1	0.0222390256106641	0.350515372458227	1	0.0222390256106641	0.328276346847563
rs624759	194	0.137	GC/CT	1	0.0116	NA	NA	NA	NA	NA	NA
rs11601320	195	0.889	GC/CT	1	3.9e-07	1	0.0138603725399436	0.549940025335922	1	0.0138603725399436	0.549940025335922
rs6591434	196	0.875	GG/CA	1	5.45e-07	1	0.0100367014824486	0.856025728077243	1	0.0100367014824486	0.856025728077243
rs1704781	199	0.135	GG/CC	1	0.0127	NA	NA	NA	NA	NA	NA
rs96894	201	0.135	GG/CA	1	0.0131	NA	NA	NA	NA	NA	NA
rs676205	202	0.135	GT/CC	1	0.0138	NA	NA	NA	NA	NA	NA
rs2509805	203	0.88	GT/CC	1	3.19e-07	1	0.0168272582622195	0.477795631109613	1	0.0168272582622195	0.460968372847394
rs616039	204	0.135	GG/CA	1	0.0117	NA	NA	NA	NA	NA	NA
rs615592	204	0.135	GG/CA	1	0.0118	NA	NA	NA	NA	NA	NA
rs615556	204	0.135	GG/CC	1	0.0116	NA	NA	NA	NA	NA	NA
rs2509808	207	0.88	GC/CG	1	2.92e-07	1	0.018327291069745	0.390727928192676	1	0.018327291069745	0.390727928192676
rs78587207	207	0.88	GG/CT	1	2.39e-07	1	0.0222390256106641	0.328276346847563	1	0.0222390256106641	0.350515372458227
rs12807357	209	0.858	GT/CC	1	3.19e-07	1	0.0168272582622195	0.460968372847394	1	0.0168272582622195	0.477795631109613
rs673344	209	0.858	GG/CA	1	3.42e-07	1	0.0157334837454018	0.493529114855015	1	0.0157334837454018	0.493529114855015
rs685149	209	0.665	GA/CG	1	3.03e-07	1	0.0176844154677024	0.426679229069698	1	0.0176844154677024	0.426679229069698
rs686489	212	0.296	GA/CG	1	0.372	NA	NA	NA	NA	NA	NA
rs685110	212	0.135	GA/CC	1	0.00894	NA	NA	NA	NA	NA	NA
rs589914	213	0.858	GA/CG	1	2.93e-07	1	0.0182668854093195	0.408994813601996	1	0.0182668854093195	0.408994813601996
rs644883	215	0.858	GC/CG	1	3.07e-07	1	0.0174618855154761	0.444141114585174	1	0.0174618855154761	0.444141114585174
rs627816	216	0.136	GA/CG	1	0.00773	NA	NA	NA	NA	NA	NA
rs674094	217	0.837	GA/CC	1	7.6e-07	1	0.00728466433581744	0.94102922608422	1	0.00728466433581744	0.94102922608422
rs694131	217	0.135	GC/CT	1	0.00948	NA	NA	NA	NA	NA	NA
rs694261	217	0.135	GC/CT	1	0.0095	NA	NA	NA	NA	NA	NA
rs592785	219	0.249	GT/CC	1	0.257	NA	NA	NA	NA	NA	NA
rs593239	219	0.281	GT/CC	1	0.237	NA	NA	NA	NA	NA	NA
rs12790660	219	0.797	GC/CT	1	1.48e-06	1	0.0038356443663536	0.986604193083833	1	0.0038356443663536	0.982768548717479
rs12798206	220	0.797	GG/CT	1	1.46e-06	1	0.00388615205750063	0.978932904351126	1	0.00388615205750063	0.978932904351126
rs10896656	221	0.797	GG/CC	1	1.53e-06	0	0.00371505218548044	0.994105705212258	0	0.00371505218548044	0.994105705212258
rs626043	221	0.288	GG/CA	1	0.499	NA	NA	NA	NA	NA	NA
rs631791	227	0.797	GA/CG	1	1.55e-06	0	0.00366895574246398	0.997774660954722	0	0.00366895574246398	0.997774660954722
rs12792253	228	0.111	GC/CT	1	0.0167	NA	NA	NA	NA	NA	NA
rs12360939	228	0.797	GT/CC	1	1.33e-06	1	0.00425077860228448	0.967116257514298	1	0.00425077860228448	0.967116257514298
rs11229160	228	0.797	GT/CC	1	1.41e-06	1	0.00401857573808997	0.971134833252388	1	0.00401857573808997	0.971134833252388
rs112181796	228	0.281	GA/CC	1	0.277	NA	NA	NA	NA	NA	NA
rs9645687	228	0.797	GC/CT	1	1.48e-06	1	0.0038356443663536	0.982768548717479	1	0.0038356443663536	0.986604193083833
rs10896661	231	0.797	GA/CC	1	1.27e-06	1	0.00444377309327319	0.958583731724757	1	0.00444377309327319	0.958583731724757
rs10896662	231	0.797	GG/CA	1	1.32e-06	1	0.00428174718725596	0.962865478912013	1	0.00428174718725596	0.962865478912013
rs636388	231	0.281	GC/CG	1	0.292	NA	NA	NA	NA	NA	NA
rs641325	234	0.716	GT/CG	1	7.34e-07	1	0.00753309148746731	0.926241014182192	1	0.00753309148746731	0.926241014182192
rs681397	234	0.279	GG/CT	1	0.88	NA	NA	NA	NA	NA	NA
rs588713	236	0.24	GG/CC	1	0.0705	NA	NA	NA	NA	NA	NA
rs600488	236	0.249	GC/CT	1	0.0403	NA	NA	NA	NA	NA	NA
rs591322	237	0.249	GT/CG	1	0.0382	NA	NA	NA	NA	NA	NA
rs615133	237	0.249	GC/CA	1	0.0392	NA	NA	NA	NA	NA	NA
rs633129	237	0.249	GG/CA	1	0.0393	NA	NA	NA	NA	NA	NA
rs616911	237	0.244	GG/CA	1	0.0388	NA	NA	NA	NA	NA	NA
rs662638	239	0.247	GC/CT	1	0.0476	NA	NA	NA	NA	NA	NA
rs606731	239	0.263	GA/CG	1	0.0916	NA	NA	NA	NA	NA	NA
rs12788836	241	0.207	GA/CG	1	0.000283	NA	NA	NA	NA	NA	NA
rs631350	243	0.237	GC/CT	1	0.0597	NA	NA	NA	NA	NA	NA
rs12364898	244	0.237	GT/CC	1	0.0597	NA	NA	NA	NA	NA	NA
rs7942126	244	0.207	GG/CA	1	0.000268	NA	NA	NA	NA	NA	NA
rs659313	244	0.237	GA/CG	1	0.0597	NA	NA	NA	NA	NA	NA
rs659756	244	0.237	GA/CT	1	0.0591	NA	NA	NA	NA	NA	NA
rs672537	245	0.239	GC/CT	1	0.0596	NA	NA	NA	NA	NA	NA
rs687432	246	0.197	GA/CC	1	0.000234	NA	NA	NA	NA	NA	NA
rs632052	246	0.239	GA/CT	1	0.0633	NA	NA	NA	NA	NA	NA
rs609154	248	0.194	GC/CT	1	0.000215	NA	NA	NA	NA	NA	NA
rs714942	249	0.205	GC/CT	1	0.000281	NA	NA	NA	NA	NA	NA
rs66813766	250	0.205	GT/CG	1	0.00027	NA	NA	NA	NA	NA	NA
rs34563263	251	0.205	GT/CA	1	0.000267	NA	NA	NA	NA	NA	NA
rs11605267	251	0.205	GT/CC	1	0.000268	NA	NA	NA	NA	NA	NA
rs7946863	251	0.205	GT/CC	1	0.000274	NA	NA	NA	NA	NA	NA
rs12364646	253	0.239	GC/CA	1	0.0611	NA	NA	NA	NA	NA	NA
rs11600171	253	0.205	GC/CT	1	0.000292	NA	NA	NA	NA	NA	NA
rs34534719	253	0.205	GA/CC	1	0.000289	NA	NA	NA	NA	NA	NA
rs1510420	253	0.205	GC/CT	1	0.000291	NA	NA	NA	NA	NA	NA
rs12421773	255	0.194	GT/CC	1	0.000236	NA	NA	NA	NA	NA	NA
rs34594669	255	0.205	GT/CC	1	0.000284	NA	NA	NA	NA	NA	NA
rs7926999	256	0.172	GT/CC	1	0.04	NA	NA	NA	NA	NA	NA
rs1397273	257	0.194	GG/CA	1	0.000214	NA	NA	NA	NA	NA	NA
rs56055377	258	0.205	GG/CA	1	0.00029	NA	NA	NA	NA	NA	NA
rs11229170	258	0.239	GT/CC	1	0.0595	NA	NA	NA	NA	NA	NA
rs7123570	258	0.205	GA/CG	1	0.000268	NA	NA	NA	NA	NA	NA
rs7109912	258	0.191	GG/CA	1	0.000219	NA	NA	NA	NA	NA	NA
rs12419176	259	0.197	GC/CT	1	0.000227	NA	NA	NA	NA	NA	NA
rs11229171	260	0.239	GC/CT	1	0.0611	NA	NA	NA	NA	NA	NA
rs35713433	260	0.205	GT/CC	1	0.000302	NA	NA	NA	NA	NA	NA
rs7943793	260	0.239	GT/CC	1	0.0595	NA	NA	NA	NA	NA	NA
rs10792118	261	0.239	GG/CA	1	0.0583	NA	NA	NA	NA	NA	NA
rs11229172	262	0.239	GA/CG	1	0.0609	NA	NA	NA	NA	NA	NA
rs4245215	266	0.239	GG/CA	1	0.066	NA	NA	NA	NA	NA	NA
rs12420220	267	0.239	GT/CC	1	0.061	NA	NA	NA	NA	NA	NA
rs1848879	267	0.239	GC/CT	1	0.0608	NA	NA	NA	NA	NA	NA
rs7126334	267	0.205	GG/CA	1	0.000311	NA	NA	NA	NA	NA	NA
rs11229173	268	0.239	GA/CG	1	0.0605	NA	NA	NA	NA	NA	NA
rs7936212	269	0.205	GT/CG	1	0.000334	NA	NA	NA	NA	NA	NA
rs7119218	269	0.205	GT/CC	1	0.000303	NA	NA	NA	NA	NA	NA
rs7119973	271	0.239	GT/CA	1	0.0585	NA	NA	NA	NA	NA	NA
rs7103977	271	0.239	GT/CG	1	0.0612	NA	NA	NA	NA	NA	NA
rs11602442	271	0.205	GA/CC	1	0.000355	NA	NA	NA	NA	NA	NA
rs7930234	272	0.205	GA/CG	1	0.000355	NA	NA	NA	NA	NA	NA
rs6591443	272	0.239	GA/CT	1	0.061	NA	NA	NA	NA	NA	NA
rs6591444	276	0.261	GA/CG	1	0.000251	NA	NA	NA	NA	NA	NA
rs6591445	276	0.239	GA/CG	1	0.0597	NA	NA	NA	NA	NA	NA
rs12807528	278	0.205	GT/CC	1	0.000346	NA	NA	NA	NA	NA	NA
rs7927640	278	0.239	GG/CC	1	0.0597	NA	NA	NA	NA	NA	NA
rs11601082	279	0.205	GT/CC	1	0.000347	NA	NA	NA	NA	NA	NA
rs7123523	281	0.239	GG/CT	1	0.0387	NA	NA	NA	NA	NA	NA
rs7123782	281	0.222	GG/CA	1	0.039	NA	NA	NA	NA	NA	NA
rs7946468	281	0.205	GT/CC	1	0.000297	NA	NA	NA	NA	NA	NA
rs1397275	282	0.239	GC/CA	1	0.0603	NA	NA	NA	NA	NA	NA
rs12801755	283	0.205	GT/CC	1	0.000324	NA	NA	NA	NA	NA	NA
rs7102929	283	0.205	GT/CC	1	0.000338	NA	NA	NA	NA	NA	NA
rs12364421	283	0.239	GA/CG	1	0.0604	NA	NA	NA	NA	NA	NA
rs7926878	286	0.203	GC/CT	1	0.000331	NA	NA	NA	NA	NA	NA
rs7927022	286	0.259	GC/CT	1	0.000269	NA	NA	NA	NA	NA	NA
rs12803905	286	0.203	GC/CT	1	0.000298	NA	NA	NA	NA	NA	NA
rs12804093	286	0.259	GC/CT	1	0.000263	NA	NA	NA	NA	NA	NA
rs12366063	287	0.232	GA/CG	1	0.0615	NA	NA	NA	NA	NA	NA
rs11229183	287	0.241	GG/CA	1	0.0623	NA	NA	NA	NA	NA	NA
rs61905278	290	0.183	GA/CG	1	0.0527	NA	NA	NA	NA	NA	NA
rs12801976	291	0.197	GA/CT	1	0.00165	NA	NA	NA	NA	NA	NA
rs1113334	295	0.194	GC/CG	1	0.00159	NA	NA	NA	NA	NA	NA
rs1113335	295	0.194	GT/CC	1	0.00159	NA	NA	NA	NA	NA	NA
rs4272798	296	0.182	GT/CC	1	0.0429	NA	NA	NA	NA	NA	NA
rs1113095	296	0.167	GC/CG	1	0.046	NA	NA	NA	NA	NA	NA
rs7121128	296	0.194	GC/CA	1	0.00156	NA	NA	NA	NA	NA	NA
rs2089747	297	0.194	GA/CG	1	0.00152	NA	NA	NA	NA	NA	NA
rs61905309	299	0.197	GT/CG	1	0.00163	NA	NA	NA	NA	NA	NA
rs12792638	303	0.194	GA/CG	1	0.00128	NA	NA	NA	NA	NA	NA
rs35241049	304	0.173	GT/CA	1	0.0399	NA	NA	NA	NA	NA	NA
rs11601223	304	0.197	GT/CC	1	0.00132	NA	NA	NA	NA	NA	NA
rs1510418	304	0.173	GA/CG	1	0.0403	NA	NA	NA	NA	NA	NA
rs7106195	304	0.191	GT/CC	1	0.0374	NA	NA	NA	NA	NA	NA
rs71484480	305	0.191	GG/CA	1	0.0332	NA	NA	NA	NA	NA	NA
rs78945376	306	0.139	GC/CT	1	0.188	NA	NA	NA	NA	NA	NA
rs11512731	308	0.186	GA/CG	1	0.0408	NA	NA	NA	NA	NA	NA
rs11512732	309	0.186	GG/CA	1	0.0413	NA	NA	NA	NA	NA	NA
rs35163247	309	0.175	GA/CG	1	0.00358	NA	NA	NA	NA	NA	NA
rs75695577	309	0.175	GA/CG	1	0.00338	NA	NA	NA	NA	NA	NA
rs12799639	310	0.109	GT/CC	1	0.00652	NA	NA	NA	NA	NA	NA
rs7949741	312	0.175	GT/CC	1	0.00342	NA	NA	NA	NA	NA	NA
rs7950003	312	0.175	GT/CC	1	0.00329	NA	NA	NA	NA	NA	NA
rs12802044	313	0.175	GC/CT	1	0.00333	NA	NA	NA	NA	NA	NA
rs34015013	321	0.175	GG/CA	1	0.00327	NA	NA	NA	NA	NA	NA
rs11601663	325	0.177	GC/CT	1	0.0044	NA	NA	NA	NA	NA	NA
rs11608016	326	0.177	GT/CC	1	0.00418	NA	NA	NA	NA	NA	NA
rs10792125	335	0.177	GA/CC	1	0.00474	NA	NA	NA	NA	NA	NA
rs7121139	335	0.177	GT/CC	1	0.00443	NA	NA	NA	NA	NA	NA
rs11606464	349	0.154	GT/CC	1	0.00366	NA	NA	NA	NA	NA	NA
rs11605988	349	0.154	GT/CA	1	0.00417	NA	NA	NA	NA	NA	NA
rs7123727	351	0.152	GT/CC	1	0.00372	NA	NA	NA	NA	NA	NA
rs12792435	354	0.154	GA/CT	1	0.00361	NA	NA	NA	NA	NA	NA
rs61903966	354	0.154	GA/CT	1	0.00398	NA	NA	NA	NA	NA	NA
rs61903967	354	0.154	GA/CT	1	0.00382	NA	NA	NA	NA	NA	NA
rs36071925	356	0.154	GG/CA	1	0.00382	NA	NA	NA	NA	NA	NA
rs61904009	360	0.154	GG/CA	1	0.0038	NA	NA	NA	NA	NA	NA
rs11607308	361	0.154	GT/CC	1	0.00356	NA	NA	NA	NA	NA	NA
rs1376489	363	0.154	GG/CC	1	0.00364	NA	NA	NA	NA	NA	NA
rs7930102	367	0.154	GA/CG	1	0.00348	NA	NA	NA	NA	NA	NA
rs34300518	368	0.153	GC/CT	1	0.00344	NA	NA	NA	NA	NA	NA
rs12790525	374	0.151	GC/CT	1	0.00349	NA	NA	NA	NA	NA	NA
rs61904024	375	0.151	GC/CT	1	0.00379	NA	NA	NA	NA	NA	NA
rs67305834	383	0.152	GC/CA	1	0.000755	NA	NA	NA	NA	NA	NA
rs4509781	395	0.139	GT/CC	1	0.00094	NA	NA	NA	NA	NA	NA
rs7113760	399	0.136	GT/CC	1	0.000996	NA	NA	NA	NA	NA	NA
rs7122673	402	0.139	GG/CA	1	0.00102	NA	NA	NA	NA	NA	NA
rs35401618	403	0.136	GG/CA	1	0.00545	NA	NA	NA	NA	NA	NA
rs74598859	404	0.112	GT/CG	1	0.314	NA	NA	NA	NA	NA	NA
rs56018616	410	0.136	GC/CT	1	0.00583	NA	NA	NA	NA	NA	NA
rs7118004	414	0.143	GC/CA	1	0.000307	NA	NA	NA	NA	NA	NA
rs4939180	415	0.14	GT/CC	1	0.00149	NA	NA	NA	NA	NA	NA
rs7120102	420	0.14	GC/CT	1	0.0016	NA	NA	NA	NA	NA	NA
rs2441970	420	0.145	GA/CC	1	0.00663	NA	NA	NA	NA	NA	NA
rs7113552	421	0.14	GC/CT	1	0.00159	NA	NA	NA	NA	NA	NA
rs11604577	421	0.142	GT/CG	1	0.000305	NA	NA	NA	NA	NA	NA
rs1031360	424	0.139	GC/CT	1	0.00158	NA	NA	NA	NA	NA	NA
rs10896701	425	0.147	GT/CC	1	0.00144	NA	NA	NA	NA	NA	NA
rs10750884	427	0.147	GT/CC	1	0.00146	NA	NA	NA	NA	NA	NA
rs10750885	427	0.14	GC/CT	1	0.00151	NA	NA	NA	NA	NA	NA
rs61902761	427	0.142	GA/CG	1	0.000291	NA	NA	NA	NA	NA	NA
rs7935428	428	0.142	GA/CC	1	0.000258	NA	NA	NA	NA	NA	NA
rs895660	430	0.147	GA/CG	1	0.00141	NA	NA	NA	NA	NA	NA
rs61902763	432	0.124	GT/CC	1	0.00103	NA	NA	NA	NA	NA	NA
rs17152364	433	0.168	GG/CA	1	0.00854	NA	NA	NA	NA	NA	NA
rs12796166	433	0.122	GG/CT	1	0.0058	NA	NA	NA	NA	NA	NA
rs17152376	437	0.121	GA/CT	1	0.00511	NA	NA	NA	NA	NA	NA
rs7934149	441	0.123	GT/CC	1	0.00107	NA	NA	NA	NA	NA	NA
rs11601841	442	0.123	GA/CG	1	0.000985	NA	NA	NA	NA	NA	NA
rs61902767	442	0.123	GG/CC	1	0.000976	NA	NA	NA	NA	NA	NA
rs1155858	442	0.121	GG/CA	1	0.00512	NA	NA	NA	NA	NA	NA
rs12804808	444	0.167	GG/CC	1	0.00825	NA	NA	NA	NA	NA	NA
rs61902769	445	0.167	GA/CG	1	0.00724	NA	NA	NA	NA	NA	NA
rs12788387	445	0.167	GC/CA	1	0.00825	NA	NA	NA	NA	NA	NA
rs3853676	446	0.167	GC/CA	1	0.00824	NA	NA	NA	NA	NA	NA
rs7130381	446	0.164	GG/CA	1	0.0083	NA	NA	NA	NA	NA	NA
rs3862656	447	0.121	GT/CG	1	0.00501	NA	NA	NA	NA	NA	NA
rs1814059	447	0.118	GG/CT	1	0.00486	NA	NA	NA	NA	NA	NA
rs921445	448	0.121	GT/CC	1	0.00499	NA	NA	NA	NA	NA	NA
rs11604473	448	0.12	GC/CT	1	0.00497	NA	NA	NA	NA	NA	NA
rs113003693	449	0.107	GT/CG	1	0.268	NA	NA	NA	NA	NA	NA
rs56016266	449	0.122	GA/CG	1	0.00507	NA	NA	NA	NA	NA	NA
rs55763633	449	0.121	GG/CA	1	0.00511	NA	NA	NA	NA	NA	NA
rs930703	450	0.123	GA/CT	1	0.000925	NA	NA	NA	NA	NA	NA
rs11600060	451	0.121	GT/CC	1	0.000948	NA	NA	NA	NA	NA	NA
rs7120442	451	0.123	GA/CG	1	0.000949	NA	NA	NA	NA	NA	NA
rs11604630	452	0.123	GT/CG	1	0.000967	NA	NA	NA	NA	NA	NA
rs1868881	453	0.169	GA/CG	1	0.00125	NA	NA	NA	NA	NA	NA
rs2443441	456	0.117	GC/CA	1	0.0216	NA	NA	NA	NA	NA	NA
rs7934184	457	0.118	GT/CG	1	0.00116	NA	NA	NA	NA	NA	NA
rs7938062	457	0.123	GT/CC	1	0.000899	NA	NA	NA	NA	NA	NA
rs61902775	459	0.125	GT/CA	1	0.00101	NA	NA	NA	NA	NA	NA
rs11229264	461	0.167	GA/CG	1	0.0089	NA	NA	NA	NA	NA	NA
rs12805812	462	0.121	GA/CG	1	0.00529	NA	NA	NA	NA	NA	NA
rs7945154	465	0.127	GA/CG	1	0.00103	NA	NA	NA	NA	NA	NA
rs2245676	465	0.123	GG/CT	1	0.00533	NA	NA	NA	NA	NA	NA
rs7949119	465	0.127	GT/CC	1	0.00109	NA	NA	NA	NA	NA	NA
rs7948507	465	0.127	GT/CG	1	0.00103	NA	NA	NA	NA	NA	NA
rs7949558	465	0.127	GA/CC	1	0.00108	NA	NA	NA	NA	NA	NA
