SNP	KB	R2	Alleles	F	P	inCredible	probNorm	cumSum	inCredible	probNorm	cumSum
rs7210219	0	1	C	1	1.11e-11	1	0.437354167209663	0.437354167209663	1	0.437354167209663	0.437354167209663
rs4763	-547	0.62	CA/TG	1	1.75e-06	0	3.86636700888801e-06	0.999925570861328	0	3.86636700888801e-06	0.999925570861328
rs62064597	-545	0.63	CG/TC	1	2.04e-06	0	3.33674211527879e-06	0.999928907603443	0	3.33674211527879e-06	0.999928907603443
rs62064598	-544	0.634	CG/TC	1	2.49e-06	0	2.75546380695789e-06	0.99993166306725	0	2.75546380695789e-06	0.99993166306725
rs2028078	-543	0.634	CA/TG	1	2.61e-06	0	2.63374589938348e-06	0.999937010445164	0	2.63374589938348e-06	0.999937010445164
rs1230096	-542	0.103	CA/TT	1	0.162	NA	NA	NA	NA	NA	NA
rs1230097	-542	0.116	CA/TT	1	0.103	NA	NA	NA	NA	NA	NA
rs56220387	-542	0.645	CG/TA	1	2.53e-06	0	2.71363201415289e-06	0.999934376699264	0	2.71363201415289e-06	0.999934376699264
rs1230098	-540	0.103	CC/TA	1	0.16	NA	NA	NA	NA	NA	NA
rs1230099	-540	0.103	CG/TA	1	0.164	NA	NA	NA	NA	NA	NA
rs55793500	-539	0.634	CC/TT	1	3.25e-06	0	2.13399407211535e-06	0.999939144439236	0	2.13399407211535e-06	0.999939144439236
rs62064600	-538	0.634	CA/TG	1	3.34e-06	0	2.07881502742052e-06	0.999941223254263	0	2.07881502742052e-06	0.999941223254263
rs1230100	-538	0.115	CC/TG	1	0.113	NA	NA	NA	NA	NA	NA
rs56236914	-535	0.634	CT/TC	1	3.84e-06	0	1.81856275598101e-06	0.999944926291438	0	1.81856275598101e-06	0.999944926291438
rs1230101	-535	0.103	CG/TA	1	0.183	NA	NA	NA	NA	NA	NA
rs62064603	-534	0.634	CT/TC	1	3.7e-06	0	1.88447441903743e-06	0.999943107728682	0	1.88447441903743e-06	0.999943107728682
rs73984391	-534	0.634	CT/TG	1	4.04e-06	0	1.73218372483702e-06	0.999946658475163	0	1.73218372483702e-06	0.999946658475163
rs1230102	-533	0.112	CG/TA	1	0.189	NA	NA	NA	NA	NA	NA
rs62064637	-533	0.634	CG/TT	1	4.18e-06	0	1.67654651966443e-06	0.999950054967113	0	1.67654651966443e-06	0.999950054967113
rs1230103	-533	0.112	CG/TA	1	0.203	NA	NA	NA	NA	NA	NA
rs36078910	-531	0.639	CA/TG	1	5.34e-06	0	1.32597040930856e-06	0.999958732002517	0	1.32597040930856e-06	0.999958732002517
rs35389313	-531	0.639	CC/TT	1	4.93e-06	0	1.43138343156387e-06	0.999954618758899	0	1.43138343156387e-06	0.999954618758899
rs35327136	-531	0.639	CA/TC	1	5.12e-06	0	1.38047524049923e-06	0.999957406032108	0	1.38047524049923e-06	0.999957406032108
rs1230106	-531	0.118	CG/TA	1	0.117	NA	NA	NA	NA	NA	NA
rs8071011	-530	0.639	CT/TC	1	5.48e-06	0	1.29352111373318e-06	0.999960025523631	0	1.29352111373318e-06	0.999960025523631
rs62064641	-530	0.639	CC/TT	1	4.07e-06	0	1.71994543059441e-06	0.999948378420594	0	1.71994543059441e-06	0.999948378420594
rs62064643	-528	0.649	CA/TG	1	6.13e-06	0	1.16193030714597e-06	0.999967072876915	0	1.16193030714597e-06	0.999967072876915
rs34063617	-528	0.639	CA/TG	1	5.97e-06	0	1.19171434603299e-06	0.999961217237977	0	1.19171434603299e-06	0.999961217237977
rs12940792	-526	0.639	CT/TC	1	6e-06	0	1.186011229778e-06	0.999962403249207	0	1.186011229778e-06	0.999962403249207
rs12947718	-525	0.639	CA/TG	1	6.54e-06	0	1.09213623805123e-06	0.9999704103777	0	1.09213623805123e-06	0.9999704103777
rs71373560	-525	0.639	CT/TC	1	6.09e-06	0	1.16923246697202e-06	0.999964741714141	0	1.16923246697202e-06	0.999963572481674
rs34915103	-525	0.639	CG/TC	1	6.09e-06	0	1.16923246697202e-06	0.999965910946607	0	1.16923246697202e-06	0.999965910946607
rs12942951	-525	0.62	CC/TT	1	6.28e-06	0	1.13535967277141e-06	0.999968208236587	0	1.13535967277141e-06	0.999968208236587
rs1230075	-524	0.114	CG/TA	1	0.321	NA	NA	NA	NA	NA	NA
rs35884427	-523	0.639	CA/TG	1	6.97e-06	0	1.0275956673096e-06	0.999980891778386	0	1.0275956673096e-06	0.999980891778386
rs34286926	-523	0.644	CG/TA	1	6.54e-06	0	1.09213623805123e-06	0.999971502513938	0	1.09213623805123e-06	0.999971502513938
rs1230077	-522	0.129	CG/TA	1	0.0664	NA	NA	NA	NA	NA	NA
rs56378631	-522	0.644	CC/TT	1	6.94e-06	0	1.03184401917261e-06	0.999977803330904	0	1.03184401917261e-06	0.999976771486884
rs12952764	-521	0.644	CA/TG	1	7.61e-06	0	9.44793943356838e-07	0.999991600791125	0	9.44793943356838e-07	0.999991600791125
rs1230078	-521	0.109	CC/TT	1	0.335	NA	NA	NA	NA	NA	NA
rs1230079	-521	0.105	CC/TT	1	0.358	NA	NA	NA	NA	NA	NA
rs35420583	-520	0.644	CT/TC	1	7.57e-06	0	9.49566841600284e-07	0.999990655997182	0	9.49566841600284e-07	0.999990655997182
rs34792542	-520	0.644	CG/TA	1	1.04e-05	0	7.00997340172277e-07	0.999997835899177	0	7.00997340172277e-07	0.999997835899177
rs2106720	-520	0.104	CT/TC	1	0.325	NA	NA	NA	NA	NA	NA
rs35519908	-519	0.644	CC/TT	1	7.62e-06	0	9.43608392302439e-07	0.999992544399518	0	9.43608392302439e-07	0.999992544399518
rs12942666	-519	0.644	CG/TA	1	7.29e-06	0	9.84413647423294e-07	0.999983865909412	0	9.84413647423294e-07	0.999983865909412
rs1230082	-518	0.106	CC/TG	1	0.355	NA	NA	NA	NA	NA	NA
rs62064645	-518	0.654	CA/TG	1	7.8e-06	0	9.22778058759666e-07	0.999995347329549	0	9.22778058759666e-07	0.999995347329549
rs62064646	-518	0.644	CA/TG	1	7.63e-06	0	9.42425886821925e-07	0.999993486825404	0	9.42425886821925e-07	0.999993486825404
rs62064647	-518	0.644	CA/TG	1	7.48e-06	0	9.60488739923062e-07	0.99998970643034	0	9.60488739923062e-07	0.99998970643034
rs1230083	-518	0.119	CG/TA	1	0.114	NA	NA	NA	NA	NA	NA
rs7222389	-517	0.644	CC/TT	1	7.2e-06	0	9.96178292768057e-07	0.999981887956679	0	9.96178292768057e-07	0.999981887956679
rs55648326	-517	0.644	CC/TT	1	7.31e-06	0	9.81837843581901e-07	0.999984847747256	0	9.81837843581901e-07	0.999984847747256
rs1230085	-517	0.119	CG/TA	1	0.113	NA	NA	NA	NA	NA	NA
rs56212100	-517	0.638	CA/TG	1	7.32e-06	0	9.80555114977776e-07	0.999986808857486	0	9.80555114977776e-07	0.999986808857486
rs62064649	-516	0.644	CG/TA	1	7.32e-06	0	9.80555114977776e-07	0.999985828302371	0	9.80555114977776e-07	0.999985828302371
rs35626715	-516	0.644	CC/TT	1	7.4e-06	0	9.70415623473948e-07	0.999987779273109	0	9.70415623473948e-07	0.999987779273109
rs1230086	-515	0.118	CC/TT	1	0.112	NA	NA	NA	NA	NA	NA
rs76344126	-515	0.654	CA/TG	1	8.03e-06	0	8.974940264259e-07	0.999996244823575	0	8.974940264259e-07	0.999996244823575
rs7209501	-515	0.649	CC/TA	1	7.67e-06	0	9.37726085429694e-07	0.99999442455149	0	9.37726085429694e-07	0.99999442455149
rs1230087	-515	0.118	CC/TT	1	0.102	NA	NA	NA	NA	NA	NA
rs2959953	-512	0.105	CC/TG	1	0.342	NA	NA	NA	NA	NA	NA
rs12949256	-511	0.654	CT/TC	1	6.94e-06	0	1.03184401917261e-06	0.999976771486884	0	1.03184401917261e-06	0.999978835174923
rs7220206	-511	0.654	CA/TG	1	7.43e-06	0	9.66668491310993e-07	0.9999887459416	0	9.66668491310993e-07	0.9999887459416
rs7222444	-511	0.654	CG/TA	1	6.71e-06	0	1.06565115227349e-06	0.999972568165091	0	1.06565115227349e-06	0.999972568165091
rs12939187	-510	0.654	CT/TG	1	7.22e-06	0	9.93539085844402e-07	0.999982881495765	0	9.93539085844402e-07	0.999982881495765
rs34018943	-510	0.654	CG/TA	1	6.75e-06	0	1.05960945627875e-06	0.999974691908666	0	1.05960945627875e-06	0.999974691908666
rs34104358	-510	0.654	CT/TG	1	6.72e-06	0	1.06413411893838e-06	0.999973632299209	0	1.06413411893838e-06	0.999973632299209
rs62064652	-509	0.65	CG/TA	1	8.1e-06	0	8.90078261583947e-07	0.999997134901837	0	8.90078261583947e-07	0.999997134901837
rs62064653	-509	0.65	CT/TC	1	6.83e-06	0	1.04773419953008e-06	0.999975739642865	0	1.04773419953008e-06	0.999975739642865
rs56020833	-509	0.654	CT/TC	1	6.94e-06	0	1.03184401917261e-06	0.999978835174923	0	1.03184401917261e-06	0.999977803330904
rs55642947	-508	0.654	CC/TG	1	6.96e-06	0	1.0290077960268e-06	0.999979864182719	0	1.0290077960268e-06	0.999979864182719
rs2684631	-508	0.108	CG/TA	1	0.336	NA	NA	NA	NA	NA	NA
rs112538459	-491	0.654	CT/TC	1	6.43e-06	0	1.1100048747052e-06	0.999969318241462	0	1.1100048747052e-06	0.999969318241462
rs62053943	-274	0.594	CT/TC	1	3.25e-08	0	0.000181745060625679	0.999914746181384	0	0.000181745060625679	0.999914746181384
rs242937	-120	0.383	CA/TG	1	0.117	NA	NA	NA	NA	NA	NA
rs3744457	-45.6	0.128	CT/TC	1	0.0209	NA	NA	NA	NA	NA	NA
rs4792891	-45	0.513	CG/TT	1	5.02e-06	0	1.4067979678678e-06	0.999956025556867	0	1.4067979678678e-06	0.999956025556867
rs11079726	-42.3	0.125	CG/TA	1	0.033	NA	NA	NA	NA	NA	NA
rs9303523	-41.8	0.513	CC/TT	1	6.09e-06	0	1.16923246697202e-06	0.999963572481674	0	1.16923246697202e-06	0.999964741714141
rs28646281	-40.7	0.513	CG/TT	1	4.59e-06	0	1.53278577592707e-06	0.999953187375468	0	1.53278577592707e-06	0.999953187375468
rs1560312	-39.5	0.513	CG/TA	1	4.39e-06	0	1.59962257842006e-06	0.999951654589692	0	1.59962257842006e-06	0.999951654589692
rs930119	-38.5	0.123	CG/TA	1	0.0304	NA	NA	NA	NA	NA	NA
rs3785879	-32.9	0.241	CC/TA	1	0.0557	NA	NA	NA	NA	NA	NA
rs1467967	-32.3	0.132	CA/TG	1	0.0178	NA	NA	NA	NA	NA	NA
rs9899833	-25.6	0.521	CA/TG	1	9.5e-07	0	6.95831293506688e-06	0.999921704494319	0	6.95831293506688e-06	0.999921704494319
rs3785880	-25.1	0.235	CT/TG	1	0.0707	NA	NA	NA	NA	NA	NA
rs8076152	-22.6	0.17	CC/TG	1	0.251	NA	NA	NA	NA	NA	NA
rs8080903	-22.4	0.192	CC/TT	1	0.00555	NA	NA	NA	NA	NA	NA
rs1560313	-22	0.192	CG/TA	1	0.0058	NA	NA	NA	NA	NA	NA
rs62058963	-20.2	0.124	CT/TC	1	0.00719	NA	NA	NA	NA	NA	NA
rs9904290	-16.2	0.194	CG/TA	1	0.00391	NA	NA	NA	NA	NA	NA
rs2055797	-15.9	0.132	CT/TA	1	0.00986	NA	NA	NA	NA	NA	NA
rs12947764	-14.1	0.132	CT/TG	1	0.252	NA	NA	NA	NA	NA	NA
rs242557	1.19	0.192	CG/TA	1	0.168	NA	NA	NA	NA	NA	NA
rs242559	7.37	0.895	CC/TA	1	3.27e-10	1	0.0159889617214044	0.850963462647318	1	0.0159889617214044	0.850963462647318
rs113277432	14.6	0.93	CC/TT	1	5.56e-11	1	0.0903317783723359	0.527685945581999	1	0.0903317783723359	0.527685945581999
rs9896485	32.3	0.193	CG/TC	1	0.0154	NA	NA	NA	NA	NA	NA
rs10514889	32.9	0.193	CG/TA	1	0.0458	NA	NA	NA	NA	NA	NA
rs117124984	33.1	0.925	CG/TC	1	7.03e-11	1	0.0718113948278721	0.674546928649985	1	0.0718113948278721	0.674546928649985
rs118087478	33.1	0.925	CG/TT	1	6.72e-11	1	0.0750495882401137	0.602735533822113	1	0.0750495882401137	0.602735533822113
rs754593	36.2	0.416	CG/TA	1	0.063	0	2.37532080289435e-10	1	0	2.37532080289435e-10	1
rs2435206	39.6	0.138	CC/TT	1	0.33	NA	NA	NA	NA	NA	NA
rs2435207	40.4	0.144	CG/TA	1	0.607	NA	NA	NA	NA	NA	NA
rs2435209	43.4	0.134	CG/TT	1	0.27	NA	NA	NA	NA	NA	NA
rs2435210	43.4	0.134	CC/TT	1	0.271	NA	NA	NA	NA	NA	NA
rs2435211	44.7	0.135	CC/TT	1	0.136	NA	NA	NA	NA	NA	NA
rs713522	46.7	0.36	CC/TT	1	0.368	NA	NA	NA	NA	NA	NA
rs2471737	52.1	0.365	CG/TA	1	0.0706	NA	NA	NA	NA	NA	NA
rs2435200	53.3	0.382	CA/TG	1	0.00944	NA	NA	NA	NA	NA	NA
rs117499775	60.1	0.138	CC/TT	1	0.00106	NA	NA	NA	NA	NA	NA
rs2435201	60.5	0.36	CT/TA	1	0.954	NA	NA	NA	NA	NA	NA
rs1991556	64.9	0.914	CA/TG	1	8.19e-09	0	0.000693137956985567	0.999733001120758	0	0.000693137956985567	0.999733001120758
rs8067056	65.4	0.426	CC/TT	1	0.00308	0	3.36686345951366e-09	0.999999999762468	0	3.36686345951366e-09	0.999999999762468
rs56087321	65.9	0.166	CG/TC	1	0.00327	NA	NA	NA	NA	NA	NA
rs41543317	69	0.166	CG/TA	1	0.0076	NA	NA	NA	NA	NA	NA
rs916896	80.3	0.169	CC/TT	1	0.0017	NA	NA	NA	NA	NA	NA
rs2158256	85.8	0.134	CA/TG	1	0.00103	NA	NA	NA	NA	NA	NA
rs7521	86.9	0.201	CG/TA	1	0.0012	NA	NA	NA	NA	NA	NA
rs7220988	91	0.17	CG/TA	1	0.00139	NA	NA	NA	NA	NA	NA
rs16940845	98.3	0.17	CC/TA	1	0.00157	NA	NA	NA	NA	NA	NA
rs7213077	101	0.171	CT/TC	1	0.00147	NA	NA	NA	NA	NA	NA
rs8064986	101	0.196	CG/TA	1	0.000855	NA	NA	NA	NA	NA	NA
rs62063662	101	0.169	CT/TC	1	0.00148	NA	NA	NA	NA	NA	NA
rs10514899	101	0.171	CC/TG	1	0.00129	NA	NA	NA	NA	NA	NA
rs8078067	107	0.171	CG/TA	1	0.0017	NA	NA	NA	NA	NA	NA
rs11654745	113	0.169	CG/TA	1	0.00169	NA	NA	NA	NA	NA	NA
rs4792827	113	0.196	CC/TT	1	0.00131	NA	NA	NA	NA	NA	NA
rs6503455	122	0.17	CC/TT	1	0.002	NA	NA	NA	NA	NA	NA
rs11079732	143	0.196	CC/TT	1	0.000803	NA	NA	NA	NA	NA	NA
rs72836329	143	0.171	CC/TT	1	0.00147	NA	NA	NA	NA	NA	NA
rs11654640	144	0.196	CA/TG	1	0.000849	NA	NA	NA	NA	NA	NA
rs2158258	145	0.196	CC/TA	1	0.000885	NA	NA	NA	NA	NA	NA
rs60521849	154	0.164	CG/TA	1	0.00158	NA	NA	NA	NA	NA	NA
rs8065825	157	0.166	CA/TG	1	0.00174	NA	NA	NA	NA	NA	NA
rs11652924	164	0.201	CC/TT	1	0.000906	NA	NA	NA	NA	NA	NA
rs4510068	166	0.365	CT/TG	1	0.000106	NA	NA	NA	NA	NA	NA
rs9904766	168	0.201	CC/TT	1	0.000993	NA	NA	NA	NA	NA	NA
rs7225002	171	0.361	CG/TA	1	0.000118	NA	NA	NA	NA	NA	NA
rs56807059	171	0.175	CA/TC	1	0.0016	NA	NA	NA	NA	NA	NA
rs2016034	171	0.202	CG/TA	1	0.000991	NA	NA	NA	NA	NA	NA
rs11653367	173	0.131	CA/TG	1	0.139	NA	NA	NA	NA	NA	NA
rs4630591	174	0.764	CT/TC	1	5.96e-10	1	0.00889939923692115	0.95663313327198	1	0.00889939923692115	0.95663313327198
rs8068300	184	0.201	CC/TT	1	0.00128	NA	NA	NA	NA	NA	NA
rs2532329	332	0.84	CA/TG	1	1.77e-10	1	0.0291200197565744	0.808215385777343	1	0.0291200197565744	0.808215385777343
rs2732708	333	0.873	CT/TC	1	1.51e-10	1	0.0340102911220609	0.749148519524982	1	0.0340102911220609	0.749148519524982
rs2732706	333	0.883	CT/TC	1	1.26e-10	1	0.0405912997529359	0.715138228402921	1	0.0405912997529359	0.715138228402921
rs2732705	333	0.878	CG/TT	1	1.72e-10	1	0.0299468464957867	0.779095366020768	1	0.0299468464957867	0.779095366020768
rs2668622	334	0.829	CT/TG	1	1.93e-10	1	0.026759115148571	0.834974500925914	1	0.026759115148571	0.834974500925914
rs2696532	337	0.882	CG/TA	1	3.95e-10	1	0.0132958355631792	0.934535740885235	1	0.0132958355631792	0.934535740885235
rs200403	763	0.665	CC/TA	1	5.7e-05	0	1.38955415093352e-07	0.99999940993318	0	1.38955415093352e-07	0.99999940993318
rs199437	768	0.677	CA/TT	1	4.53e-05	0	1.72759655568436e-07	0.999999110301223	0	1.72759655568436e-07	0.999999110301223
rs1378358	769	0.819	CT/TC	1	3.89e-10	1	0.0134959958431622	0.907911128282004	1	0.0134959958431622	0.907911128282004
rs183211	770	0.682	CA/TG	1	4.07e-05	0	1.91231010235494e-07	0.999998218808127	0	1.91231010235494e-07	0.999998218808127
rs199436	771	0.677	CG/TA	1	4.26e-05	0	1.83129153850122e-07	0.999998401937281	0	1.83129153850122e-07	0.999998401937281
rs169201	772	0.819	CG/TA	1	3.98e-10	1	0.0131979931498237	0.947733734035058	1	0.0131979931498237	0.947733734035058
rs199438	773	0.677	CA/TG	1	4.31e-05	0	1.81113143616642e-07	0.999998583050424	0	1.81113143616642e-07	0.999998583050424
rs17692129	775	0.15	CC/TT	1	0.662	NA	NA	NA	NA	NA	NA
rs199439	775	0.819	CG/TA	1	3.83e-10	1	0.0137023553369971	0.894415132438842	1	0.0137023553369971	0.894415132438842
rs142167	777	0.677	CG/TA	1	4.35e-05	0	1.79532943529865e-07	0.999998762583368	0	1.79532943529865e-07	0.999998762583368
rs199457	777	0.819	CT/TC	1	3.8e-10	1	0.0138079508647006	0.880712777101845	1	0.0138079508647006	0.880712777101845
rs199456	779	0.819	CT/TC	1	3.28e-10	1	0.0159413635898263	0.866904826237144	1	0.0159413635898263	0.866904826237144
rs7224296	782	0.659	CG/TA	1	0.000586	0	1.55524301543306e-08	0.999999996395604	0	1.55524301543306e-08	0.999999996395604
rs199454	782	0.669	CG/TA	1	4.06e-05	0	1.9167793977609e-07	0.999998027577117	0	1.9167793977609e-07	0.999998027577117
rs199453	782	0.673	CT/TC	1	4.47e-05	0	1.74958199464698e-07	0.999998937541567	0	1.74958199464698e-07	0.999998937541567
rs199452	783	0.671	CT/TC	1	4.89e-05	0	1.60676541768375e-07	0.999999270977765	0	1.60676541768375e-07	0.999999270977765
rs199451	783	0.819	CA/TG	1	3.94e-10	1	0.0133287770400511	0.921239905322055	1	0.0133287770400511	0.921239905322055
rs35937770	790	0.149	CG/TA	1	0.75	NA	NA	NA	NA	NA	NA
rs199449	790	0.675	CA/TG	1	7.06e-05	0	1.1347707880812e-07	0.999999772334132	0	1.1347707880812e-07	0.999999772334132
rs199448	790	0.819	CG/TA	1	8.85e-10	1	0.00605160558930858	0.968893771198045	1	0.00605160558930858	0.968893771198045
rs199447	794	0.809	CT/TC	1	8.62e-10	1	0.00620903233675729	0.962842165608737	1	0.00620903233675729	0.962842165608737
rs199445	799	0.819	CT/TC	1	9.08e-10	1	0.00590206284098813	0.974795834039033	1	0.00590206284098813	0.974795834039033
rs199444	800	0.675	CC/TT	1	6.85e-05	0	1.16765717426448e-07	0.999999658857053	0	1.16765717426448e-07	0.999999658857053
rs199443	801	0.819	CT/TC	1	1.01e-09	1	0.0053200579370543	0.991430434267525	1	0.0053200579370543	0.991430434267525
rs199442	802	0.675	CA/TG	1	7.18e-05	0	1.11682194823617e-07	0.999999884016326	0	1.11682194823617e-07	0.999999884016326
rs199536	802	0.667	CT/TC	1	6.01e-05	0	1.32158155645571e-07	0.999999542091335	0	1.32158155645571e-07	0.999999542091335
rs199535	804	0.819	CG/TA	1	9.62e-10	1	0.00557874936528998	0.986110376330471	1	0.00557874936528998	0.986110376330471
rs199534	806	0.819	CG/TT	1	1.22e-09	0	0.00442516737479399	0.995855601642319	0	0.00442516737479399	0.995855601642319
rs9896243	808	0.803	CG/TC	1	1.71e-09	0	0.0031842615214534	0.999039863163773	0	0.0031842615214534	0.999039863163773
rs199533	810	0.819	CA/TG	1	9.35e-10	1	0.00573579292614765	0.980531626965181	1	0.00573579292614765	0.980531626965181
rs199531	812	0.671	CC/TT	1	8.35e-05	0	9.68268478306382e-08	0.999999980843174	0	9.68268478306382e-08	0.999999980843174
