SNP	KB	R2	Alleles	F	P	inCredible	probNorm	cumSum
rs2194027	0	1	A	1	4.54e-09	1	0.549192916815466	0.549192916815466
rs10077837	-718	0.1	AA/TT	1	0.441	NA	NA	NA
rs10063127	-718	0.1	AC/TT	1	0.544	NA	NA	NA
rs10057802	-714	0.104	AT/TC	1	0.367	NA	NA	NA
rs28875524	-713	0.104	AG/TA	1	0.359	NA	NA	NA
rs72783796	-710	0.105	AG/TA	1	0.331	NA	NA	NA
rs74663442	-708	0.104	AT/TC	1	0.342	NA	NA	NA
rs11957473	-708	0.104	AT/TC	1	0.34	NA	NA	NA
rs1423626	-697	0.142	AA/TG	1	0.371	NA	NA	NA
rs12514948	-696	0.142	AC/TT	1	0.409	NA	NA	NA
rs1593066	-688	0.103	AA/TG	1	0.297	NA	NA	NA
rs1074091	-688	0.103	AA/TC	1	0.298	NA	NA	NA
rs1423628	-686	0.103	AT/TG	1	0.294	NA	NA	NA
rs10073780	-685	0.103	AA/TC	1	0.292	NA	NA	NA
rs1345817	-684	0.103	AG/TA	1	0.295	NA	NA	NA
rs1345818	-684	0.103	AC/TT	1	0.313	NA	NA	NA
rs16902839	-684	0.103	AA/TG	1	0.295	NA	NA	NA
rs13362446	-684	0.103	AC/TA	1	0.298	NA	NA	NA
rs9293489	-684	0.103	AA/TG	1	0.295	NA	NA	NA
rs840807	-682	0.107	AA/TG	1	0.439	NA	NA	NA
rs710361	-681	0.113	AC/TT	1	0.414	NA	NA	NA
rs1458190	-680	0.106	AC/TA	1	0.28	NA	NA	NA
rs710360	-679	0.141	AC/TG	1	0.676	NA	NA	NA
rs1164548	-676	0.11	AT/TG	1	0.463	NA	NA	NA
rs6889148	-675	0.105	AT/TA	1	0.259	NA	NA	NA
rs56187291	-672	0.104	AA/TT	1	0.163	NA	NA	NA
rs28479384	-672	0.108	AG/TA	1	0.204	NA	NA	NA
rs78039798	-669	0.105	AC/TA	1	0.267	NA	NA	NA
rs10043238	-668	0.155	AG/TC	1	0.356	NA	NA	NA
rs11951932	-667	0.106	AA/TT	1	0.285	NA	NA	NA
rs10069675	-664	0.105	AC/TA	1	0.274	NA	NA	NA
rs12109825	-663	0.106	AC/TA	1	0.288	NA	NA	NA
rs9293491	-662	0.105	AG/TA	1	0.278	NA	NA	NA
rs9293492	-661	0.105	AC/TA	1	0.275	NA	NA	NA
rs710354	-658	0.111	AG/TA	1	0.501	NA	NA	NA
rs1458192	-653	0.105	AG/TA	1	0.268	NA	NA	NA
rs1379789	-652	0.106	AT/TC	1	0.267	NA	NA	NA
rs710351	-650	0.142	AG/TA	1	0.8	NA	NA	NA
rs840809	-649	0.113	AA/TC	1	0.52	NA	NA	NA
rs6891004	-649	0.106	AG/TA	1	0.248	NA	NA	NA
rs7449102	-647	0.106	AA/TG	1	0.27	NA	NA	NA
rs710348	-646	0.142	AT/TA	1	0.81	NA	NA	NA
rs966813	-645	0.106	AA/TG	1	0.27	NA	NA	NA
rs10514294	-641	0.106	AT/TC	1	0.259	NA	NA	NA
rs1833834	-640	0.135	AC/TT	1	0.395	NA	NA	NA
rs16902864	-639	0.106	AT/TC	1	0.281	NA	NA	NA
rs1458196	-639	0.106	AG/TC	1	0.277	NA	NA	NA
rs13168558	-635	0.111	AT/TC	1	0.502	NA	NA	NA
rs1379790	-635	0.108	AG/TA	1	0.325	NA	NA	NA
rs10514295	-634	0.105	AG/TA	1	0.268	NA	NA	NA
rs13360678	-633	0.105	AG/TC	1	0.309	NA	NA	NA
rs10514296	-633	0.108	AC/TA	1	0.351	NA	NA	NA
rs6867687	-632	0.142	AT/TG	1	0.794	NA	NA	NA
rs1350438	-631	0.133	AC/TT	1	0.381	NA	NA	NA
rs1350437	-631	0.142	AG/TT	1	0.758	NA	NA	NA
rs28534489	-628	0.105	AG/TA	1	0.329	NA	NA	NA
rs1458198	-627	0.13	AC/TT	1	0.383	NA	NA	NA
rs72785621	-625	0.105	AA/TG	1	0.352	NA	NA	NA
rs10474264	-623	0.105	AC/TT	1	0.352	NA	NA	NA
rs1406409	-622	0.126	AA/TG	1	0.997	NA	NA	NA
rs1406410	-621	0.126	AT/TA	1	0.963	NA	NA	NA
rs9293494	-619	0.126	AT/TG	1	0.944	NA	NA	NA
rs4482931	-617	0.13	AA/TC	1	0.346	NA	NA	NA
rs10942512	-613	0.128	AC/TA	1	0.329	NA	NA	NA
rs1609352	-613	0.156	AC/TT	1	0.273	NA	NA	NA
rs72785622	-613	0.105	AC/TT	1	0.358	NA	NA	NA
rs4916754	-612	0.11	AC/TA	1	0.469	NA	NA	NA
rs7713357	-611	0.11	AA/TC	1	0.459	NA	NA	NA
rs2410752	-609	0.11	AC/TT	1	0.475	NA	NA	NA
rs28580088	-608	0.105	AT/TC	1	0.352	NA	NA	NA
rs10062063	-608	0.105	AC/TT	1	0.347	NA	NA	NA
rs3959134	-607	0.126	AG/TA	1	0.969	NA	NA	NA
rs6882148	-604	0.126	AG/TA	1	0.982	NA	NA	NA
rs4293954	-602	0.11	AA/TG	1	0.471	NA	NA	NA
rs10942513	-600	0.126	AT/TA	1	0.959	NA	NA	NA
rs10805845	-600	0.11	AT/TC	1	0.514	NA	NA	NA
rs112327573	-599	0.105	AC/TA	1	0.277	NA	NA	NA
rs72785628	-598	0.105	AC/TG	1	0.282	NA	NA	NA
rs1919397	-598	0.105	AA/TG	1	0.281	NA	NA	NA
rs6862675	-597	0.105	AT/TC	1	0.282	NA	NA	NA
rs1406411	-593	0.11	AA/TG	1	0.504	NA	NA	NA
rs1534606	-592	0.128	AT/TG	1	0.979	NA	NA	NA
rs6452759	-591	0.128	AC/TA	1	0.945	NA	NA	NA
rs6452760	-591	0.128	AC/TG	1	0.943	NA	NA	NA
rs13166183	-590	0.126	AC/TT	1	0.94	NA	NA	NA
rs6868487	-587	0.107	AC/TT	1	0.285	NA	NA	NA
rs7715135	-586	0.128	AT/TG	1	0.93	NA	NA	NA
rs1528773	-586	0.107	AA/TG	1	0.277	NA	NA	NA
rs2037850	-585	0.128	AA/TG	1	0.969	NA	NA	NA
rs2037851	-585	0.128	AC/TG	1	0.95	NA	NA	NA
rs2037852	-585	0.128	AC/TT	1	0.956	NA	NA	NA
rs1534603	-584	0.128	AG/TA	1	0.977	NA	NA	NA
rs1997322	-583	0.126	AA/TT	1	0.979	NA	NA	NA
rs1997321	-583	0.126	AC/TT	1	0.979	NA	NA	NA
rs1108098	-583	0.105	AT/TC	1	0.252	NA	NA	NA
rs7722762	-580	0.126	AT/TC	1	0.966	NA	NA	NA
rs1406407	-579	0.126	AG/TA	1	0.959	NA	NA	NA
rs10462465	-578	0.126	AT/TC	1	0.975	NA	NA	NA
rs4916772	-577	0.126	AG/TA	1	0.972	NA	NA	NA
rs17207485	-577	0.129	AA/TG	1	0.968	NA	NA	NA
rs16902899	-576	0.102	AT/TG	1	0.356	NA	NA	NA
rs2037853	-574	0.102	AC/TA	1	0.567	NA	NA	NA
rs2178270	-573	0.102	AT/TC	1	0.348	NA	NA	NA
rs1569185	-573	0.102	AC/TT	1	0.535	NA	NA	NA
rs6452761	-571	0.102	AG/TT	1	0.357	NA	NA	NA
rs6859479	-571	0.122	AA/TC	1	0.637	NA	NA	NA
rs10052220	-571	0.122	AA/TG	1	0.627	NA	NA	NA
rs13435982	-570	0.122	AA/TC	1	0.637	NA	NA	NA
rs13436524	-570	0.122	AG/TA	1	0.638	NA	NA	NA
rs13435984	-570	0.122	AA/TG	1	0.637	NA	NA	NA
rs34228777	-569	0.14	AC/TT	1	0.903	NA	NA	NA
rs6875790	-568	0.142	AT/TC	1	0.927	NA	NA	NA
rs1881547	-568	0.122	AT/TC	1	0.668	NA	NA	NA
rs13362454	-568	0.122	AT/TC	1	0.669	NA	NA	NA
rs1569186	-566	0.14	AG/TA	1	0.998	NA	NA	NA
rs1569187	-566	0.12	AG/TA	1	0.665	NA	NA	NA
rs1534604	-565	0.12	AA/TG	1	0.375	NA	NA	NA
rs1534605	-565	0.122	AA/TT	1	0.678	NA	NA	NA
rs6868844	-564	0.143	AC/TG	1	0.944	NA	NA	NA
rs16902920	-564	0.119	AT/TG	1	0.727	NA	NA	NA
rs59227210	-564	0.149	AT/TC	1	0.278	NA	NA	NA
rs7715258	-563	0.14	AT/TC	1	0.912	NA	NA	NA
rs10473911	-562	0.12	AC/TT	1	0.658	NA	NA	NA
rs6452762	-561	0.12	AC/TT	1	0.68	NA	NA	NA
rs7708292	-561	0.12	AT/TG	1	0.68	NA	NA	NA
rs10066804	-558	0.122	AA/TG	1	0.693	NA	NA	NA
rs10051876	-558	0.119	AC/TT	1	0.73	NA	NA	NA
rs10055827	-556	0.122	AC/TT	1	0.672	NA	NA	NA
rs3910019	-555	0.122	AA/TT	1	0.683	NA	NA	NA
rs12523071	-555	0.12	AT/TC	1	0.357	NA	NA	NA
rs10063680	-555	0.122	AA/TC	1	0.682	NA	NA	NA
rs12523147	-555	0.14	AA/TG	1	0.928	NA	NA	NA
rs10078703	-554	0.12	AC/TT	1	0.679	NA	NA	NA
rs11950862	-554	0.122	AT/TG	1	0.694	NA	NA	NA
rs11948159	-554	0.12	AC/TT	1	0.609	NA	NA	NA
rs11948248	-553	0.12	AC/TT	1	0.692	NA	NA	NA
rs59172908	-553	0.12	AC/TT	1	0.692	NA	NA	NA
rs3910028	-552	0.122	AA/TG	1	0.693	NA	NA	NA
rs10053088	-552	0.12	AC/TG	1	0.691	NA	NA	NA
rs3910027	-552	0.122	AG/TT	1	0.694	NA	NA	NA
rs3906609	-552	0.12	AC/TT	1	0.693	NA	NA	NA
rs3915320	-551	0.12	AG/TA	1	0.693	NA	NA	NA
rs10055603	-551	0.116	AG/TA	1	0.718	NA	NA	NA
rs10057183	-551	0.116	AG/TA	1	0.619	NA	NA	NA
rs10074247	-550	0.119	AA/TC	1	0.729	NA	NA	NA
rs10041423	-549	0.122	AT/TC	1	0.694	NA	NA	NA
rs7444401	-549	0.122	AT/TC	1	0.694	NA	NA	NA
rs6876396	-547	0.12	AT/TC	1	0.69	NA	NA	NA
rs3910026	-546	0.122	AG/TA	1	0.693	NA	NA	NA
rs2410759	-545	0.143	AT/TC	1	0.942	NA	NA	NA
rs55940342	-543	0.102	AG/TC	1	0.384	NA	NA	NA
rs10462466	-541	0.16	AT/TC	1	0.414	NA	NA	NA
rs7735528	-539	0.143	AC/TT	1	0.916	NA	NA	NA
rs11957225	-538	0.102	AC/TT	1	0.385	NA	NA	NA
rs7720682	-538	0.14	AT/TC	1	0.911	NA	NA	NA
rs10035659	-537	0.119	AT/TA	1	0.752	NA	NA	NA
rs3988251	-536	0.14	AT/TC	1	0.902	NA	NA	NA
rs10942514	-535	0.149	AA/TG	1	0.248	NA	NA	NA
rs7445186	-533	0.122	AA/TT	1	0.792	NA	NA	NA
rs4296831	-531	0.142	AT/TA	1	0.8	NA	NA	NA
rs4295422	-531	0.142	AG/TA	1	0.785	NA	NA	NA
rs62369511	-525	0.12	AT/TA	1	0.976	NA	NA	NA
rs10040863	-523	0.12	AA/TT	1	0.976	NA	NA	NA
rs4529233	-523	0.142	AG/TA	1	0.81	NA	NA	NA
rs12517843	-521	0.15	AC/TT	1	0.226	NA	NA	NA
rs34712971	-521	0.104	AG/TC	1	0.426	NA	NA	NA
rs79553793	-517	0.14	AA/TT	1	0.617	NA	NA	NA
rs12514869	-512	0.144	AA/TG	1	0.601	NA	NA	NA
rs13164055	-511	0.142	AT/TC	1	0.612	NA	NA	NA
rs11747469	-510	0.121	AT/TA	1	0.255	NA	NA	NA
rs4916820	-510	0.121	AA/TG	1	0.252	NA	NA	NA
rs62368084	-509	0.122	AT/TG	1	0.983	NA	NA	NA
rs965566	-507	0.15	AC/TT	1	0.163	NA	NA	NA
rs11954527	-506	0.122	AC/TT	1	0.921	NA	NA	NA
rs11957956	-504	0.123	AA/TT	1	0.951	NA	NA	NA
rs62368087	-503	0.122	AC/TT	1	0.873	NA	NA	NA
rs35232493	-502	0.142	AA/TG	1	0.61	NA	NA	NA
rs6879443	-501	0.121	AC/TT	1	0.234	NA	NA	NA
rs10805851	-500	0.142	AC/TT	1	0.633	NA	NA	NA
rs11741190	-498	0.121	AG/TA	1	0.237	NA	NA	NA
rs3910029	-497	0.142	AC/TT	1	0.664	NA	NA	NA
rs34639534	-496	0.15	AG/TA	1	0.143	NA	NA	NA
rs13165529	-495	0.142	AG/TT	1	0.625	NA	NA	NA
rs10068110	-495	0.12	AC/TT	1	0.595	NA	NA	NA
rs68053715	-495	0.104	AC/TT	1	0.645	NA	NA	NA
rs62368092	-494	0.123	AC/TT	1	0.573	NA	NA	NA
rs28667719	-493	0.126	AA/TG	1	0.546	NA	NA	NA
rs4916802	-493	0.182	AG/TA	1	0.498	NA	NA	NA
rs10056702	-489	0.139	AT/TC	1	0.241	NA	NA	NA
rs10053358	-487	0.139	AC/TT	1	0.255	NA	NA	NA
rs919451	-484	0.182	AA/TG	1	0.477	NA	NA	NA
rs7700770	-483	0.139	AG/TA	1	0.251	NA	NA	NA
rs7700867	-483	0.139	AA/TG	1	0.27	NA	NA	NA
rs114403845	-481	0.136	AG/TA	1	0.282	NA	NA	NA
rs28484589	-479	0.139	AA/TG	1	0.242	NA	NA	NA
rs7700887	-476	0.182	AC/TG	1	0.494	NA	NA	NA
rs4099928	-474	0.157	AT/TC	1	0.0501	NA	NA	NA
rs3866898	-467	0.157	AA/TG	1	0.0464	NA	NA	NA
rs737021	-465	0.139	AT/TC	1	0.251	NA	NA	NA
rs10061518	-461	0.139	AA/TC	1	0.254	NA	NA	NA
rs10055553	-456	0.105	AG/TA	1	0.139	NA	NA	NA
rs1835240	-455	0.182	AC/TA	1	0.468	NA	NA	NA
rs1896892	-451	0.103	AG/TA	1	0.143	NA	NA	NA
rs12657576	-451	0.182	AG/TA	1	0.479	NA	NA	NA
rs10440679	-448	0.139	AG/TA	1	0.239	NA	NA	NA
rs4305667	-444	0.139	AA/TG	1	0.249	NA	NA	NA
rs4579285	-444	0.139	AC/TG	1	0.249	NA	NA	NA
rs10037952	-437	0.142	AA/TG	1	0.248	NA	NA	NA
rs1427921	-435	0.187	AG/TA	1	0.00855	NA	NA	NA
rs6452769	-434	0.112	AG/TA	1	0.0626	NA	NA	NA
rs6452770	-434	0.151	AG/TC	1	0.0581	NA	NA	NA
rs9293497	-433	0.114	AC/TT	1	0.061	NA	NA	NA
rs2195270	-431	0.151	AC/TT	1	0.057	NA	NA	NA
rs2195271	-431	0.109	AG/TA	1	0.0617	NA	NA	NA
rs11950674	-429	0.109	AT/TG	1	0.0607	NA	NA	NA
rs1814149	-429	0.141	AA/TG	1	0.0636	NA	NA	NA
rs2217250	-428	0.106	AC/TG	1	0.0605	NA	NA	NA
rs6877822	-425	0.12	AA/TG	1	0.052	NA	NA	NA
rs6878137	-425	0.12	AC/TT	1	0.0513	NA	NA	NA
rs4916886	-424	0.113	AC/TT	1	0.0504	NA	NA	NA
rs4916887	-424	0.113	AC/TT	1	0.0503	NA	NA	NA
rs1346442	-423	0.122	AG/TT	1	0.0444	NA	NA	NA
rs1346443	-423	0.16	AT/TC	1	0.0542	NA	NA	NA
rs6863807	-423	0.16	AA/TG	1	0.0496	NA	NA	NA
rs6452772	-421	0.16	AT/TC	1	0.055	NA	NA	NA
rs10064500	-420	0.115	AT/TA	1	0.0514	NA	NA	NA
rs13357535	-418	0.16	AG/TA	1	0.0553	NA	NA	NA
rs67125769	-416	0.115	AT/TC	1	0.0524	NA	NA	NA
rs6863354	-416	0.16	AA/TG	1	0.0555	NA	NA	NA
rs1834908	-415	0.16	AC/TT	1	0.0551	NA	NA	NA
rs4916888	-412	0.16	AA/TC	1	0.0543	NA	NA	NA
rs16902980	-411	0.12	AA/TC	1	0.0517	NA	NA	NA
rs10063825	-411	0.115	AT/TC	1	0.0517	NA	NA	NA
rs1834910	-409	0.115	AG/TA	1	0.0475	NA	NA	NA
rs1834911	-409	0.118	AA/TC	1	0.0556	NA	NA	NA
rs7725734	-408	0.12	AG/TC	1	0.0519	NA	NA	NA
rs6452773	-407	0.16	AA/TG	1	0.0556	NA	NA	NA
rs6878476	-406	0.12	AT/TG	1	0.0503	NA	NA	NA
rs7718783	-406	0.115	AT/TC	1	0.0509	NA	NA	NA
rs1834912	-406	0.16	AG/TA	1	0.0549	NA	NA	NA
rs1837637	-405	0.16	AC/TT	1	0.0551	NA	NA	NA
rs10051696	-405	0.16	AA/TG	1	0.0549	NA	NA	NA
rs10043307	-404	0.115	AA/TC	1	0.0506	NA	NA	NA
rs7729079	-402	0.16	AC/TT	1	0.0581	NA	NA	NA
rs10062036	-402	0.12	AC/TT	1	0.0588	NA	NA	NA
rs10040137	-401	0.16	AG/TA	1	0.0565	NA	NA	NA
rs10066009	-401	0.113	AG/TA	1	0.0516	NA	NA	NA
rs28536144	-401	0.118	AA/TT	1	0.058	NA	NA	NA
rs1427920	-400	0.117	AG/TA	1	0.0636	NA	NA	NA
rs10072319	-398	0.115	AC/TT	1	0.0542	NA	NA	NA
rs60516959	-396	0.115	AC/TG	1	0.0544	NA	NA	NA
rs55828403	-396	0.113	AT/TC	1	0.0524	NA	NA	NA
rs66990552	-395	0.113	AT/TC	1	0.0521	NA	NA	NA
rs7705477	-395	0.12	AA/TG	1	0.0537	NA	NA	NA
rs7448105	-394	0.162	AT/TC	1	0.0535	NA	NA	NA
rs10042137	-394	0.119	AC/TT	1	0.059	NA	NA	NA
rs6897265	-393	0.169	AT/TA	1	0.0627	NA	NA	NA
rs17286052	-392	0.116	AA/TG	1	0.0649	NA	NA	NA
rs10214259	-392	0.162	AG/TA	1	0.0712	NA	NA	NA
rs10213876	-392	0.116	AA/TG	1	0.0752	NA	NA	NA
rs10213698	-391	0.125	AT/TC	1	0.154	NA	NA	NA
rs6882729	-391	0.116	AC/TG	1	0.071	NA	NA	NA
rs13328208	-390	0.162	AG/TA	1	0.0679	NA	NA	NA
rs1896593	-390	0.116	AA/TG	1	0.0679	NA	NA	NA
rs10056015	-389	0.162	AT/TG	1	0.0707	NA	NA	NA
rs1816739	-389	0.162	AA/TG	1	0.0674	NA	NA	NA
rs1816740	-389	0.116	AG/TT	1	0.0643	NA	NA	NA
rs10065580	-388	0.162	AA/TC	1	0.0899	NA	NA	NA
rs10514297	-387	0.162	AT/TC	1	0.0499	NA	NA	NA
rs10052626	-387	0.162	AC/TT	1	0.0596	NA	NA	NA
rs13168787	-386	0.243	AA/TG	1	0.000122	NA	NA	NA
rs4916889	-383	0.246	AT/TC	1	0.0115	NA	NA	NA
rs11948659	-382	0.18	AG/TA	1	0.00556	NA	NA	NA
rs10053933	-381	0.182	AG/TC	1	0.00551	NA	NA	NA
rs35559400	-380	0.298	AC/TT	1	0.0253	NA	NA	NA
rs6884911	-379	0.235	AA/TT	1	0.00595	NA	NA	NA
rs12522676	-377	0.244	AG/TA	1	0.00622	NA	NA	NA
rs12521792	-375	0.244	AA/TT	1	0.00614	NA	NA	NA
rs10044744	-373	0.237	AA/TG	1	0.00577	NA	NA	NA
rs10474271	-368	0.235	AT/TC	1	0.00612	NA	NA	NA
rs3936337	-368	0.235	AG/TC	1	0.00593	NA	NA	NA
rs10474272	-368	0.235	AC/TT	1	0.00616	NA	NA	NA
rs55704226	-368	0.332	AT/TC	1	4.15e-05	NA	NA	NA
rs56368714	-368	0.332	AT/TG	1	4.07e-05	NA	NA	NA
rs13170977	-367	0.332	AG/TA	1	4.21e-05	NA	NA	NA
rs13357105	-365	0.235	AA/TG	1	0.00543	NA	NA	NA
rs10075363	-364	0.235	AT/TA	1	0.00549	NA	NA	NA
rs12519986	-364	0.332	AT/TC	1	3.82e-05	NA	NA	NA
rs13175391	-361	0.335	AA/TG	1	3.68e-05	NA	NA	NA
rs12515680	-355	0.33	AA/TG	1	3.98e-05	NA	NA	NA
rs6891381	-355	0.235	AC/TT	1	0.00626	NA	NA	NA
rs10045891	-353	0.227	AC/TA	1	0.00922	NA	NA	NA
rs4916891	-351	0.332	AC/TT	1	3.87e-05	NA	NA	NA
rs2165380	-350	0.235	AG/TA	1	0.0066	NA	NA	NA
rs2114970	-350	0.235	AG/TA	1	0.00675	NA	NA	NA
rs11740532	-350	0.336	AT/TC	1	4.15e-05	NA	NA	NA
rs2410761	-350	0.235	AG/TA	1	0.00675	NA	NA	NA
rs11741347	-349	0.336	AA/TG	1	4.31e-05	NA	NA	NA
rs10074764	-345	0.235	AT/TC	1	0.0045	NA	NA	NA
rs13360207	-341	0.235	AT/TC	1	0.00446	NA	NA	NA
rs7712097	-339	0.329	AT/TC	1	2.41e-05	NA	NA	NA
rs10079963	-338	0.235	AT/TC	1	0.00444	NA	NA	NA
rs168569	-336	0.334	AC/TT	1	2.03e-05	NA	NA	NA
rs357509	-335	0.334	AC/TT	1	2.32e-05	NA	NA	NA
rs33702	-332	0.235	AG/TA	1	0.00472	NA	NA	NA
rs33701	-332	0.235	AT/TC	1	0.0047	NA	NA	NA
rs33700	-332	0.235	AT/TC	1	0.00346	NA	NA	NA
rs33699	-331	0.334	AC/TT	1	2.42e-05	NA	NA	NA
rs358295	-329	0.235	AC/TG	1	0.00466	NA	NA	NA
rs358287	-327	0.235	AC/TT	1	0.0046	NA	NA	NA
rs376400	-327	0.334	AC/TT	1	2.49e-05	NA	NA	NA
rs28505226	-325	0.157	AT/TC	1	0.0373	NA	NA	NA
rs3099436	-325	0.332	AA/TG	1	2.21e-05	NA	NA	NA
rs3098676	-325	0.329	AT/TC	1	2.22e-05	NA	NA	NA
rs3099435	-325	0.332	AA/TT	1	2.17e-05	NA	NA	NA
rs3097146	-324	0.336	AA/TG	1	2.39e-05	NA	NA	NA
rs152229	-322	0.237	AA/TG	1	0.00442	NA	NA	NA
rs33705	-318	0.394	AC/TT	1	4.42e-05	NA	NA	NA
rs33706	-318	0.235	AC/TG	1	0.0047	NA	NA	NA
rs33707	-317	0.235	AG/TC	1	0.00472	NA	NA	NA
rs33708	-316	0.235	AA/TG	1	0.00393	NA	NA	NA
rs42298	-315	0.237	AC/TT	1	0.00435	NA	NA	NA
rs33710	-313	0.235	AC/TT	1	0.00448	NA	NA	NA
rs33711	-311	0.353	AG/TT	1	0.00016	NA	NA	NA
rs357513	-309	0.234	AT/TC	1	0.000126	NA	NA	NA
rs371708	-309	0.216	AT/TG	1	0.000541	NA	NA	NA
rs357512	-305	0.23	AC/TT	1	0.000109	NA	NA	NA
rs450202	-304	0.23	AC/TT	1	0.000111	NA	NA	NA
rs415449	-295	0.238	AC/TT	1	7.88e-05	NA	NA	NA
rs415302	-295	0.238	AC/TT	1	7.78e-05	NA	NA	NA
rs370399	-294	0.227	AG/TA	1	0.000101	NA	NA	NA
rs780397	-293	0.227	AC/TG	1	0.000102	NA	NA	NA
rs780398	-293	0.238	AA/TG	1	7.62e-05	NA	NA	NA
rs247916	-292	0.228	AA/TC	1	0.0859	NA	NA	NA
rs193707	-290	0.227	AG/TA	1	0.0795	NA	NA	NA
rs780399	-290	0.238	AC/TT	1	7.4e-05	NA	NA	NA
rs10041820	-287	0.1	AA/TT	1	0.425	NA	NA	NA
rs380670	-284	0.238	AC/TT	1	6.88e-05	NA	NA	NA
rs379430	-284	0.238	AT/TG	1	6.97e-05	NA	NA	NA
rs115734017	-283	0.108	AC/TT	1	0.311	NA	NA	NA
rs780401	-282	0.237	AC/TT	1	7.07e-05	NA	NA	NA
rs780402	-282	0.227	AC/TT	1	9.64e-05	NA	NA	NA
rs780403	-282	0.227	AG/TT	1	9.09e-05	NA	NA	NA
rs383385	-281	0.238	AA/TT	1	7.04e-05	NA	NA	NA
rs396702	-279	0.238	AC/TT	1	7.07e-05	NA	NA	NA
rs454693	-278	0.238	AG/TA	1	6.11e-05	NA	NA	NA
rs3099439	-277	0.65	AT/TC	1	9.33e-07	1	0.00316025364586497	0.883884961604904
rs430943	-276	0.211	AA/TG	1	0.000257	NA	NA	NA
rs390856	-275	0.211	AC/TT	1	0.000263	NA	NA	NA
rs373845	-273	0.211	AG/TA	1	0.000329	NA	NA	NA
rs410354	-272	0.223	AT/TA	1	0.000217	NA	NA	NA
rs454830	-272	0.211	AA/TG	1	0.000303	NA	NA	NA
rs780404	-270	0.223	AC/TT	1	0.000222	NA	NA	NA
rs375514	-267	0.223	AA/TG	1	0.000214	NA	NA	NA
rs780405	-266	0.22	AG/TA	1	0.000215	NA	NA	NA
rs3099438	-265	0.66	AG/TA	1	1.26e-06	1	0.00236670267853215	0.92595988033544
rs247915	-263	0.227	AC/TT	1	0.0978	NA	NA	NA
rs33704	-261	0.227	AT/TC	1	0.0876	NA	NA	NA
rs377958	-259	0.223	AA/TT	1	0.000212	NA	NA	NA
rs402114	-259	0.223	AT/TC	1	0.000222	NA	NA	NA
rs75214722	-257	0.213	AC/TT	1	0.00033	NA	NA	NA
rs12514004	-257	0.225	AG/TA	1	0.000211	NA	NA	NA
rs33703	-256	0.227	AC/TT	1	0.0865	NA	NA	NA
rs895295	-255	0.213	AG/TA	1	0.000325	NA	NA	NA
rs768705	-254	0.225	AA/TG	1	0.000412	NA	NA	NA
rs16903040	-254	0.213	AA/TG	1	0.000319	NA	NA	NA
rs12163987	-251	0.213	AA/TG	1	0.000315	NA	NA	NA
rs61270009	-247	0.213	AA/TT	1	0.000275	NA	NA	NA
rs12657757	-246	0.225	AT/TC	1	0.000143	NA	NA	NA
rs12655529	-246	0.225	AC/TA	1	0.000165	NA	NA	NA
rs4916897	-241	0.225	AA/TC	1	0.000164	NA	NA	NA
rs2565726	-241	0.663	AT/TC	1	2.07e-06	1	0.00146859089717449	0.988354270210799
rs4916898	-237	0.225	AG/TA	1	0.000152	NA	NA	NA
rs4916899	-235	0.225	AA/TG	1	0.00016	NA	NA	NA
rs16903057	-234	0.213	AT/TC	1	0.00024	NA	NA	NA
rs34241164	-234	0.213	AA/TG	1	0.000258	NA	NA	NA
rs35300532	-234	0.225	AG/TC	1	0.000162	NA	NA	NA
rs13167796	-232	0.208	AG/TA	1	0.000263	NA	NA	NA
rs13172095	-232	0.225	AG/TA	1	0.000166	NA	NA	NA
rs247909	-231	0.66	AC/TT	1	1.96e-06	1	0.00154767769811209	0.982294813655762
rs13177755	-230	0.213	AC/TT	1	0.000258	NA	NA	NA
rs12659252	-229	0.225	AG/TA	1	0.000161	NA	NA	NA
rs1367233	-226	0.225	AA/TG	1	0.000156	NA	NA	NA
rs2115885	-224	0.227	AG/TA	1	0.113	NA	NA	NA
rs11740776	-223	0.225	AT/TA	1	0.000155	NA	NA	NA
rs13159835	-221	0.213	AA/TG	1	0.00026	NA	NA	NA
rs2565727	-221	0.663	AG/TA	1	1.99e-06	1	0.00152525731834572	0.98536774867222
rs4916717	-221	0.225	AG/TA	1	0.000155	NA	NA	NA
rs2582044	-221	0.663	AT/TC	1	1.96e-06	1	0.00154767769811209	0.983842491353874
rs6872223	-220	0.225	AA/TG	1	0.000161	NA	NA	NA
rs147762489	-219	0.213	AC/TT	1	0.000253	NA	NA	NA
rs4382978	-218	0.225	AA/TG	1	0.000156	NA	NA	NA
rs12659578	-216	0.213	AA/TC	1	0.000242	NA	NA	NA
rs2121102	-213	0.225	AA/TG	1	0.000134	NA	NA	NA
rs10942528	-213	0.213	AT/TC	1	0.000224	NA	NA	NA
rs3110021	-213	0.663	AA/TC	1	1.68e-06	1	0.00179477391498549	0.975649481336905
rs13190179	-212	0.213	AA/TT	1	0.000192	NA	NA	NA
rs11738675	-211	0.213	AA/TT	1	0.000192	NA	NA	NA
rs60331678	-211	0.213	AG/TA	1	0.000192	NA	NA	NA
rs10462333	-211	0.213	AG/TT	1	0.000194	NA	NA	NA
rs4916718	-210	0.225	AC/TT	1	0.000116	NA	NA	NA
rs2728786	-209	0.227	AC/TG	1	0.107	NA	NA	NA
rs6872897	-205	0.213	AA/TG	1	0.000197	NA	NA	NA
rs247913	-204	0.66	AG/TC	1	1.42e-06	1	0.00210964813744805	0.946124692598496
rs16903077	-204	0.213	AG/TA	1	0.000201	NA	NA	NA
rs247914	-202	0.66	AT/TG	1	1.46e-06	1	0.00205404098424768	0.95443750718979
rs2305104	-202	0.225	AT/TC	1	0.000125	NA	NA	NA
rs4916719	-199	0.228	AC/TT	1	0.000139	NA	NA	NA
rs2728784	-198	0.227	AA/TG	1	0.108	NA	NA	NA
rs2582042	-197	0.663	AG/TA	1	1.45e-06	1	0.00206766022504222	0.952383466205543
rs11741675	-194	0.225	AT/TG	1	0.000134	NA	NA	NA
rs247911	-189	0.66	AA/TG	1	1.21e-06	1	0.00246071202773343	0.918804267727209
rs193706	-188	0.227	AA/TG	1	0.109	NA	NA	NA
rs4916904	-188	0.225	AG/TA	1	0.000111	NA	NA	NA
rs247912	-188	0.66	AC/TG	1	1.26e-06	1	0.00236670267853215	0.928326583013972
rs3099437	-185	0.66	AC/TT	1	1.53e-06	1	0.00196360547263391	0.966372296148989
rs78909929	-183	0.225	AA/TG	1	0.000126	NA	NA	NA
rs10462472	-180	0.213	AA/TG	1	0.000216	NA	NA	NA
rs2195613	-178	0.66	AA/TG	1	1.23e-06	1	0.00242220725116729	0.921226474978376
rs71639107	-177	0.213	AA/TG	1	0.000208	NA	NA	NA
rs10942529	-175	0.663	AC/TT	1	1.31e-06	1	0.00227974838182452	0.932937451530847
rs12653830	-173	0.228	AA/TT	1	0.000126	NA	NA	NA
rs113828108	-173	0.225	AA/TG	1	0.000131	NA	NA	NA
rs11748768	-172	0.225	AG/TA	1	0.000134	NA	NA	NA
rs11748798	-172	0.213	AG/TT	1	0.00022	NA	NA	NA
rs11750391	-171	0.225	AC/TT	1	0.000138	NA	NA	NA
rs11740836	-171	0.213	AT/TC	1	0.000207	NA	NA	NA
rs13154590	-170	0.213	AA/TG	1	0.000212	NA	NA	NA
rs72771828	-170	0.158	AG/TT	1	0.00187	NA	NA	NA
rs62369795	-170	0.158	AA/TC	1	0.00187	NA	NA	NA
rs2115884	-168	0.213	AA/TG	1	0.000211	NA	NA	NA
rs17318496	-168	0.158	AG/TA	1	0.00204	NA	NA	NA
rs12515274	-167	0.225	AG/TA	1	0.000115	NA	NA	NA
rs35339529	-167	0.23	AA/TG	1	0.000125	NA	NA	NA
rs4916905	-165	0.23	AA/TG	1	0.000102	NA	NA	NA
rs4916907	-163	0.229	AT/TG	1	9.35e-05	NA	NA	NA
rs13189889	-161	0.217	AT/TC	1	0.000151	NA	NA	NA
rs12657776	-161	0.229	AA/TG	1	9.19e-05	NA	NA	NA
rs13157159	-160	0.227	AC/TT	1	0.113	NA	NA	NA
rs10514299	-159	0.217	AC/TT	1	0.000156	NA	NA	NA
rs12188167	-156	0.167	AG/TC	1	3.43e-05	NA	NA	NA
rs2410763	-156	0.227	AT/TG	1	0.114	NA	NA	NA
rs6452782	-150	0.23	AA/TG	1	9.15e-05	NA	NA	NA
rs11743103	-147	0.234	AA/TC	1	9e-05	NA	NA	NA
rs4916720	-145	0.667	AC/TT	1	8.47e-07	1	0.00346866439183842	0.870457618904204
rs1430205	-144	0.664	AC/TT	1	8.54e-07	1	0.00344127985842519	0.877351860628868
rs1430204	-144	0.227	AT/TC	1	0.115	NA	NA	NA
rs4916908	-144	0.667	AT/TC	1	9.98e-07	1	0.00296185943207151	0.886846821036975
rs10043347	-143	0.227	AC/TA	1	0.109	NA	NA	NA
rs13171573	-143	0.217	AC/TG	1	0.000149	NA	NA	NA
rs6452784	-142	0.676	AA/TG	1	6.77e-07	1	0.00430416624102746	0.854763845860761
rs6414945	-141	0.679	AG/TA	1	6.6e-07	1	0.0044109517535556	0.850459679619733
rs7442885	-140	0.235	AC/TG	1	0.0998	NA	NA	NA
rs6452785	-137	0.668	AC/TT	1	5.32e-07	1	0.00542987465037102	0.826858723884039
rs17548339	-135	0.217	AT/TG	1	0.000131	NA	NA	NA
rs34148755	-133	0.217	AG/TT	1	0.00013	NA	NA	NA
rs16903122	-129	0.217	AC/TT	1	0.000133	NA	NA	NA
rs2898558	-129	0.679	AG/TC	1	5.88e-07	1	0.00493042580952449	0.836793434406156
rs4916910	-126	0.679	AG/TA	1	5.21e-07	1	0.00554037739069615	0.821428849233668
rs6870983	-125	0.235	AC/TT	1	0.0984	NA	NA	NA
rs12654702	-124	0.232	AG/TA	1	8.43e-05	NA	NA	NA
rs4269995	-121	0.231	AC/TT	1	7.27e-05	NA	NA	NA
rs2410766	-121	0.234	AT/TG	1	8.19e-05	NA	NA	NA
rs6874182	-120	0.234	AA/TG	1	7.99e-05	NA	NA	NA
rs7445169	-120	0.235	AC/TG	1	0.104	NA	NA	NA
rs12523282	-119	0.234	AT/TC	1	8.11e-05	NA	NA	NA
rs12651891	-119	0.234	AT/TC	1	8.12e-05	NA	NA	NA
rs6452786	-118	0.234	AG/TT	1	7.7e-05	NA	NA	NA
rs2410767	-117	0.235	AC/TG	1	0.105	NA	NA	NA
rs10514300	-117	0.219	AT/TC	1	0.000128	NA	NA	NA
rs3733809	-117	0.219	AA/TC	1	0.00011	NA	NA	NA
rs12517664	-116	0.195	AA/TG	1	0.00347	NA	NA	NA
rs4144466	-114	0.19	AG/TA	1	0.00325	NA	NA	NA
rs10942530	-113	0.182	AA/TT	1	0.00621	NA	NA	NA
rs10942531	-113	0.184	AC/TT	1	0.00614	NA	NA	NA
rs7708715	-110	0.686	AC/TA	1	7.26e-07	1	0.00402390682321122	0.866988954512366
rs6452787	-110	0.68	AA/TG	1	6.33e-07	1	0.00459213573085288	0.846048727866178
rs6452788	-110	0.283	AG/TA	1	0.00388	NA	NA	NA
rs10474277	-108	0.113	AA/TG	1	0.202	NA	NA	NA
rs6865693	-107	0.204	AT/TC	1	0.0031	NA	NA	NA
rs6884773	-107	0.277	AA/TG	1	0.00631	NA	NA	NA
rs10505857	-106	0.19	AG/TA	1	0.00523	NA	NA	NA
rs71639110	-105	0.193	AG/TA	1	0.00622	NA	NA	NA
rs4451795	-104	0.199	AT/TC	1	0.00335	NA	NA	NA
rs12187348	-102	0.202	AA/TG	1	0.00307	NA	NA	NA
rs13180798	-101	0.191	AA/TG	1	0.00595	NA	NA	NA
rs13163266	-101	0.191	AT/TA	1	0.00597	NA	NA	NA
rs13180932	-101	0.191	AA/TG	1	0.00597	NA	NA	NA
rs71639111	-98.1	0.193	AG/TT	1	0.00654	NA	NA	NA
rs6452789	-97.4	0.204	AA/TG	1	0.00367	NA	NA	NA
rs13185071	-97	0.19	AT/TC	1	0.00608	NA	NA	NA
rs4601863	-93.1	0.19	AC/TT	1	0.00654	NA	NA	NA
rs6414946	-93	0.69	AA/TC	1	8.51e-07	1	0.00345296186623853	0.873910580770443
rs7444298	-92.6	0.277	AA/TG	1	0.0048	NA	NA	NA
rs4606554	-91.7	0.193	AC/TT	1	0.00658	NA	NA	NA
rs34743961	-90.9	0.19	AA/TG	1	0.00604	NA	NA	NA
rs34634636	-90.9	0.19	AG/TA	1	0.0066	NA	NA	NA
rs34394411	-90	0.193	AT/TC	1	0.00724	NA	NA	NA
rs34182576	-88.5	0.193	AG/TT	1	0.00752	NA	NA	NA
rs4423262	-88.2	0.193	AA/TG	1	0.00747	NA	NA	NA
rs10505856	-86.2	0.201	AA/TT	1	0.00431	NA	NA	NA
rs10505855	-85.9	0.193	AT/TC	1	0.00782	NA	NA	NA
rs4129235	-85.4	0.193	AC/TT	1	0.00785	NA	NA	NA
rs4129236	-85.3	0.19	AG/TA	1	0.00775	NA	NA	NA
rs36077166	-85.1	0.19	AC/TT	1	0.00776	NA	NA	NA
rs13165211	-83.1	0.19	AT/TA	1	0.00761	NA	NA	NA
rs13165428	-82.9	0.19	AT/TG	1	0.00784	NA	NA	NA
rs7717613	-82.2	0.277	AT/TG	1	0.00471	NA	NA	NA
rs13189022	-81.8	0.19	AG/TT	1	0.00693	NA	NA	NA
rs7722095	-81.8	0.676	AT/TC	1	5.79e-07	1	0.0050042847125932	0.831863008596632
rs10452479	-81.7	0.201	AA/TG	1	0.00447	NA	NA	NA
rs6867204	-80.4	0.193	AA/TG	1	0.00807	NA	NA	NA
rs73171756	-80.4	0.201	AA/TC	1	0.00485	NA	NA	NA
rs34933255	-80.4	0.193	AT/TA	1	0.00786	NA	NA	NA
rs68019847	-80.1	0.19	AT/TC	1	0.00802	NA	NA	NA
rs12189343	-79.3	0.205	AT/TA	1	0.00836	NA	NA	NA
rs12188494	-79.1	0.193	AC/TT	1	0.00781	NA	NA	NA
rs34969608	-78.2	0.19	AA/TG	1	0.00767	NA	NA	NA
rs10473915	-77.7	0.277	AG/TA	1	0.00487	NA	NA	NA
rs10074877	-77.3	0.277	AC/TT	1	0.00486	NA	NA	NA
rs6865869	-77.2	0.193	AT/TC	1	0.00781	NA	NA	NA
rs6885165	-77.2	0.19	AG/TA	1	0.00783	NA	NA	NA
rs12659818	-74.9	0.19	AG/TT	1	0.00863	NA	NA	NA
rs12653074	-73.9	0.19	AA/TT	1	0.00723	NA	NA	NA
rs12516483	-72.1	0.204	AA/TT	1	0.0055	NA	NA	NA
rs76393802	-71.5	0.19	AA/TG	1	0.0085	NA	NA	NA
rs7728883	-70.9	0.679	AG/TA	1	1.05e-06	1	0.00282054037785858	0.889667361414834
rs56324019	-70.5	0.104	AT/TC	1	3.01e-05	NA	NA	NA
rs7448716	-70	0.677	AA/TG	1	8.72e-07	1	0.00337284733017056	0.880724707959039
rs35301639	-68.8	0.19	AG/TA	1	0.00881	NA	NA	NA
rs6866315	-67.9	0.679	AC/TT	1	1.17e-06	1	0.00254159971874858	0.913843067661932
rs62369123	-67.3	0.277	AA/TG	1	0.00646	NA	NA	NA
rs6452790	-66	0.277	AG/TA	1	0.00667	NA	NA	NA
rs4352629	-65.9	0.677	AC/TT	1	1.08e-06	1	0.00274509677812133	0.897952481259535
rs4571506	-65.8	0.677	AC/TT	1	1.19e-06	1	0.00250048803754269	0.916343555699475
rs10942532	-64.8	0.19	AA/TG	1	0.00906	NA	NA	NA
rs12189501	-64.6	0.201	AG/TA	1	0.00573	NA	NA	NA
rs10060720	-59.2	0.691	AC/TA	1	1.37e-06	1	0.00218363984660362	0.941861628752964
rs11952470	-59.2	0.689	AG/TA	1	1.06e-06	1	0.0027949262884589	0.892462287703293
rs34857793	-59.1	0.204	AG/TA	1	0.00851	NA	NA	NA
rs10214175	-58.3	0.277	AT/TA	1	0.00689	NA	NA	NA
rs12189274	-58.2	0.204	AA/TG	1	0.00907	NA	NA	NA
rs4244212	-58.1	0.688	AG/TA	1	1.14e-06	1	0.00260592361544079	0.911301467943184
rs9293499	-57	0.101	AT/TA	1	0.174	NA	NA	NA
rs9293500	-56.9	0.689	AT/TC	1	1.1e-06	1	0.00269704831621721	0.903370385551192
rs6891239	-53	0.691	AC/TT	1	1.32e-06	1	0.00226313434901139	0.935200585879858
rs6872276	-53	0.206	AT/TC	1	0.00823	NA	NA	NA
rs71580759	-52.5	0.206	AT/TC	1	0.00863	NA	NA	NA
rs74429030	-52.2	0.206	AC/TA	1	0.0082	NA	NA	NA
rs6452791	-51.6	0.689	AA/TC	1	1.08e-06	1	0.00274509677812133	0.895207384481414
rs80083342	-49.9	0.206	AA/TG	1	0.00874	NA	NA	NA
rs6873449	-49	0.689	AA/TG	1	1.09e-06	1	0.00272085597543908	0.900673337234974
rs6874021	-48.9	0.699	AG/TT	1	1.53e-06	1	0.00196360547263391	0.962445085203722
rs71639113	-47.1	0.18	AC/TT	1	0.0202	NA	NA	NA
rs7706932	-47	0.637	AT/TC	1	2.1e-06	1	0.00144843430973237	0.989802704520531
rs16903177	-46.4	0.179	AG/TA	1	0.0191	NA	NA	NA
rs16903178	-45.9	0.195	AG/TA	1	0.0116	NA	NA	NA
rs10044618	-41.5	0.607	AC/TT	1	6.34e-06	0	0.000502169371508004	0.999648042579531
rs2067919	-39	0.416	AT/TC	1	0.000648	0	6.32156427613744e-06	0.999984875737376
rs6452792	-29.8	0.917	AG/TA	1	3.1e-08	1	0.0849256049352297	0.736375170329417
rs7737179	-27.1	0.284	AG/TA	1	0.0057	NA	NA	NA
rs11750802	-26.8	0.17	AA/TG	1	0.00128	NA	NA	NA
rs6860708	-21.8	0.426	AC/TT	1	0.00102	0	4.14969343624102e-06	1
rs60984906	-20.8	0.433	AT/TA	1	0.000795	0	5.22793783941816e-06	0.999995850306564
rs16903197	-20.5	0.297	AC/TT	1	0.0106	NA	NA	NA
rs2032805	-13.4	0.173	AG/TT	1	0.00031	NA	NA	NA
rs6870741	-13	0.295	AT/TG	1	0.0123	NA	NA	NA
rs17420814	-4.63	0.115	AT/TC	1	0.378	NA	NA	NA
rs6452794	0.627	0.297	AC/TT	1	0.0108	NA	NA	NA
rs2194028	2.82	0.458	AC/TT	1	0.000718	0	5.74663134878112e-06	0.999990622368724
rs60216969	7.42	0.297	AT/TC	1	0.0124	NA	NA	NA
rs6452795	8.36	0.297	AT/TC	1	0.0134	NA	NA	NA
rs992623	18	0.206	AG/TA	1	0.0199	NA	NA	NA
rs10474278	18.8	0.265	AG/TA	1	0.0285	NA	NA	NA
rs12653396	24.6	0.64	AA/TT	1	9.82e-06	0	0.000330511593568063	0.999978554173099
rs13179395	29	0.17	AA/TG	1	0.000267	NA	NA	NA
rs4916723	31.7	0.732	AC/TA	1	2.56e-08	1	0.102256648578722	0.651449565394188
rs4916724	31.7	0.166	AT/TC	1	0.00796	NA	NA	NA
rs918427	32.8	0.204	AG/TA	1	0.00722	NA	NA	NA
rs918428	33	0.204	AG/TA	1	0.00673	NA	NA	NA
rs7710776	33.2	0.107	AT/TC	1	0.0241	NA	NA	NA
rs10071077	33.4	0.107	AG/TA	1	0.025	NA	NA	NA
rs17422060	36.3	0.639	AG/TT	1	3.82e-07	1	0.00747395500767997	0.784730450578233
rs324884	38.4	0.101	AA/TG	1	0.0333	NA	NA	NA
rs1659071	40.9	0.474	AT/TC	1	2e-06	1	0.00151793064140434	0.986885679313624
rs13328187	42.7	0.273	AT/TC	1	0.0073	NA	NA	NA
rs1644047	43.1	0.471	AG/TA	1	2.24e-06	0	0.00136138499835162	0.993952766886023
rs10063583	47.5	0.569	AA/TG	1	1.91e-06	1	0.00158658116411813	0.98074713595765
rs10071454	47.6	0.474	AC/TT	1	2.2e-06	0	0.00138514614551828	0.992591381887671
rs918429	51	0.474	AT/TC	1	2.32e-06	0	0.00131627709744903	0.996601873948983
rs7722396	52.7	0.474	AT/TC	1	2.29e-06	0	0.00133282996551099	0.995285596851534
rs2438466	56.8	0.101	AC/TA	1	0.0357	NA	NA	NA
rs7721028	57.9	0.474	AG/TA	1	2.36e-06	0	0.00129484942972935	0.997896723378712
rs1080255	59.5	0.474	AG/TA	1	2.45e-06	0	0.00124914982931127	0.999145873208023
rs62369151	60.8	0.64	AC/TT	1	7.2e-07	1	0.00405620882966413	0.862965047689155
rs56022653	61.2	0.64	AC/TG	1	7.04e-07	1	0.00414499299872998	0.858908838859491
rs2112424	72	0.121	AG/TA	1	0.0167	NA	NA	NA
rs167789	73.8	0.101	AG/TA	1	0.0308	NA	NA	NA
rs324886	73.9	0.64	AT/TC	1	6.23e-07	1	0.00466315772916822	0.841456592135325
rs324885	74.6	0.569	AC/TA	1	1.48e-06	1	0.00202734494505501	0.958505455908459
rs6859545	78.5	0.582	AA/TG	1	3.12e-07	1	0.0090866986206215	0.745461868950039
rs6859947	78.9	0.411	AA/TC	1	1.56e-06	1	0.00192728892349552	0.968299585072485
rs6452797	79.3	0.411	AA/TG	1	1.6e-06	1	0.00188094841953907	0.970180533492024
rs324887	83.1	0.411	AA/TG	1	1.33e-06	1	0.00224676578138605	0.937447351661244
rs192015	84.3	0.411	AT/TC	1	1.26e-06	1	0.00236670267853215	0.923593177656908
rs324888	84.6	0.411	AT/TC	1	1.34e-06	1	0.00223063724511611	0.93967798890636
rs184453	85.8	0.411	AT/TG	1	1.42e-06	1	0.00210964813744805	0.948234340735944
rs10068637	86.2	0.208	AT/TA	1	0.00934	NA	NA	NA
rs226489	86.8	0.411	AT/TC	1	1.39e-06	1	0.00215341570808377	0.944015044461048
rs324890	87.2	0.408	AC/TA	1	1.28e-06	1	0.00233112013504973	0.930657703149022
rs1644039	87.2	0.493	AT/TC	1	1.1e-06	1	0.00269704831621721	0.906067433867409
rs1644040	87.2	0.408	AT/TC	1	1.13e-06	1	0.00262811046033431	0.908695544327743
rs2431395	88.3	0.411	AC/TT	1	1.52e-06	1	0.00197602382262869	0.960481479731088
rs324895	91.2	0.582	AA/TG	1	3.43e-07	1	0.00829259034231591	0.753754459292355
rs324896	91.6	0.578	AG/TA	1	3.53e-07	1	0.00806572310309436	0.761820182395449
rs324898	91.9	0.115	AT/TC	1	0.0216	NA	NA	NA
rs10462334	92.8	0.582	AT/TG	1	3.67e-07	1	0.00776855495715147	0.769588737352601
rs324900	94.6	0.411	AG/TA	1	1.47e-06	1	0.00204060377361341	0.956478110963404
rs1644042	97.6	0.582	AA/TC	1	3.72e-07	1	0.00766775821795252	0.777256495570553
rs324901	97.7	0.503	AT/TC	1	1.44e-06	1	0.00208146524455692	0.950315805980501
rs188971	98.4	0.408	AG/TA	1	1.53e-06	1	0.00196360547263391	0.964408690676355
rs1628054	99.7	0.411	AT/TC	1	1.66e-06	1	0.00181555267169875	0.973854707421919
rs1659072	101	0.411	AG/TA	1	1.62e-06	1	0.00185862125819677	0.972039154750221
rs1644044	101	0.582	AG/TT	1	4.25e-07	1	0.00674296260047266	0.791473413178706
rs1644045	102	0.582	AT/TC	1	4.92e-07	1	0.00585497777910908	0.815888471842972
rs7713243	103	0.328	AT/TC	1	5.19e-05	NA	NA	NA
rs11740358	104	0.582	AA/TG	1	4.67e-07	1	0.00615699925313719	0.804025334697122
rs2545694	106	0.411	AA/TG	1	1.76e-06	1	0.00171629954164144	0.979160554793532
rs1628250	106	0.582	AT/TG	1	4.79e-07	1	0.00600815936674096	0.810033494063863
rs1659070	107	0.411	AG/TC	1	1.68e-06	1	0.00179477391498549	0.97744425525189
rs10060622	107	0.212	AT/TC	1	0.0116	NA	NA	NA
rs10053136	108	0.405	AA/TG	1	2.17e-06	1	0.00140353122162173	0.991206235742153
rs4916661	110	0.58	AT/TG	1	4.49e-07	1	0.00639492226527866	0.797868335443984
rs2009730	111	0.399	AA/TG	1	2.56e-06	NA	NA	NA
rs6882046	146	0.125	AA/TG	1	0.0627	NA	NA	NA
rs27732	170	0.132	AG/TA	1	0.504	NA	NA	NA
rs410671	171	0.124	AG/TA	1	0.605	NA	NA	NA
rs34338	171	0.124	AT/TC	1	0.605	NA	NA	NA
rs254781	178	0.118	AT/TC	1	0.338	NA	NA	NA
rs194225	179	0.118	AG/TA	1	0.33	NA	NA	NA
rs639725	179	0.118	AG/TA	1	0.329	NA	NA	NA
rs640177	179	0.118	AA/TT	1	0.334	NA	NA	NA
rs447801	180	0.118	AC/TT	1	0.323	NA	NA	NA
rs454214	181	0.115	AT/TC	1	0.245	NA	NA	NA
rs1081158	182	0.118	AT/TC	1	0.335	NA	NA	NA
rs409645	183	0.14	AA/TG	1	0.464	NA	NA	NA
rs446219	183	0.118	AC/TT	1	0.354	NA	NA	NA
rs185291	184	0.118	AC/TT	1	0.336	NA	NA	NA
rs40504	188	0.118	AC/TG	1	0.279	NA	NA	NA
rs34316	193	0.125	AC/TA	1	0.363	NA	NA	NA
rs42850	197	0.118	AA/TG	1	0.4	NA	NA	NA
rs254779	197	0.115	AC/TT	1	0.395	NA	NA	NA
rs254780	197	0.115	AC/TG	1	0.393	NA	NA	NA
rs34321	198	0.115	AG/TC	1	0.395	NA	NA	NA
rs34320	199	0.116	AG/TT	1	0.403	NA	NA	NA
rs34319	201	0.116	AT/TA	1	0.43	NA	NA	NA
rs187270	204	0.116	AT/TC	1	0.378	NA	NA	NA
rs34318	204	0.116	AA/TG	1	0.347	NA	NA	NA
rs13158247	208	0.114	AT/TC	1	0.385	NA	NA	NA
rs601942	209	0.114	AC/TT	1	0.38	NA	NA	NA
rs587490	210	0.114	AT/TC	1	0.37	NA	NA	NA
rs588282	210	0.114	AT/TG	1	0.369	NA	NA	NA
rs676096	213	0.114	AT/TC	1	0.373	NA	NA	NA
rs663046	214	0.114	AT/TC	1	0.37	NA	NA	NA
rs618298	216	0.114	AG/TA	1	0.37	NA	NA	NA
rs616391	216	0.114	AT/TC	1	0.368	NA	NA	NA
rs2457979	217	0.114	AA/TT	1	0.371	NA	NA	NA
rs589088	218	0.114	AG/TC	1	0.375	NA	NA	NA
rs628158	219	0.114	AA/TG	1	0.377	NA	NA	NA
rs625970	220	0.114	AC/TT	1	0.364	NA	NA	NA
rs599402	221	0.113	AC/TG	1	0.386	NA	NA	NA
rs677679	223	0.114	AT/TC	1	0.381	NA	NA	NA
rs35148765	223	0.114	AA/TC	1	0.382	NA	NA	NA
rs2431391	224	0.114	AT/TC	1	0.386	NA	NA	NA
rs2247885	225	0.114	AC/TT	1	0.38	NA	NA	NA
rs647983	225	0.114	AC/TT	1	0.384	NA	NA	NA
rs1705565	226	0.114	AT/TC	1	0.376	NA	NA	NA
rs651666	226	0.114	AG/TA	1	0.362	NA	NA	NA
rs601499	230	0.114	AC/TA	1	0.363	NA	NA	NA
rs681446	232	0.114	AG/TA	1	0.354	NA	NA	NA
rs679232	232	0.114	AA/TC	1	0.376	NA	NA	NA
rs667070	232	0.114	AG/TA	1	0.37	NA	NA	NA
rs650228	233	0.114	AT/TC	1	0.37	NA	NA	NA
rs650702	233	0.114	AA/TG	1	0.371	NA	NA	NA
rs665324	233	0.114	AC/TT	1	0.374	NA	NA	NA
rs617944	235	0.127	AC/TT	1	0.213	NA	NA	NA
rs606393	235	0.128	AC/TT	1	0.246	NA	NA	NA
rs618741	241	0.129	AT/TC	1	0.222	NA	NA	NA
rs589544	242	0.129	AC/TT	1	0.221	NA	NA	NA
rs591228	242	0.129	AA/TG	1	0.231	NA	NA	NA
rs610217	243	0.129	AA/TG	1	0.228	NA	NA	NA
rs11749912	243	0.129	AG/TA	1	0.189	NA	NA	NA
rs11743441	243	0.129	AT/TG	1	0.194	NA	NA	NA
rs10462335	266	0.137	AA/TG	1	0.467	NA	NA	NA
rs17558396	280	0.135	AG/TT	1	0.501	NA	NA	NA
rs62380364	285	0.138	AA/TC	1	0.576	NA	NA	NA
rs2362108	325	0.119	AA/TG	1	0.702	NA	NA	NA
rs2362109	325	0.119	AT/TC	1	0.698	NA	NA	NA
rs17487515	327	0.119	AG/TA	1	0.692	NA	NA	NA
rs17559709	327	0.119	AA/TG	1	0.691	NA	NA	NA
rs4145738	328	0.119	AA/TG	1	0.688	NA	NA	NA
rs57055575	328	0.119	AA/TT	1	0.685	NA	NA	NA
rs4373304	330	0.119	AC/TT	1	0.678	NA	NA	NA
rs11749060	330	0.119	AA/TC	1	0.674	NA	NA	NA
rs55740951	331	0.117	AT/TC	1	0.67	NA	NA	NA
rs4518438	335	0.111	AC/TT	1	0.534	NA	NA	NA
rs7730255	335	0.121	AC/TG	1	0.606	NA	NA	NA
rs56947091	338	0.111	AT/TC	1	0.564	NA	NA	NA
rs12054920	339	0.12	AC/TT	1	0.864	NA	NA	NA
rs61104616	341	0.12	AA/TG	1	0.876	NA	NA	NA
rs188582	345	0.116	AG/TC	1	0.745	NA	NA	NA
rs1671539	346	0.116	AC/TG	1	0.755	NA	NA	NA
rs797419	346	0.116	AC/TA	1	0.723	NA	NA	NA
rs304137	347	0.116	AA/TG	1	0.723	NA	NA	NA
rs304136	347	0.118	AT/TC	1	0.883	NA	NA	NA
rs216057	348	0.116	AT/TC	1	0.699	NA	NA	NA
rs188581	353	0.12	AC/TG	1	0.934	NA	NA	NA
rs3850651	358	0.116	AT/TG	1	0.408	NA	NA	NA
