SNP	KB	R2	Alleles	F	P	inCredible	probNorm	cumSum
rs2532329	0	1	A	1	1.97e-15	1	0.134079859806859	0.134079859806859
rs117642368	-951	0.19	AC/GG	1	0.000233	NA	NA	NA
rs62064594	-890	0.44	AA/GG	1	6.84e-08	0	5.59201351592397e-09	0.999999999999997
rs62064595	-890	0.439	AG/GA	1	4.56e-08	0	8.28349241652653e-09	0.999999994407984
rs61572747	-889	0.341	AG/GA	1	3.2e-09	NA	NA	NA
rs1230064	-889	0.116	AG/GA	1	0.00783	NA	NA	NA
rs1230065	-889	0.116	AG/GT	1	0.0105	NA	NA	NA
rs79724577	-887	0.635	AC/GA	1	7.67e-11	0	4.17418710327092e-06	0.999969473878187
rs1230066	-885	0.115	AC/GG	1	0.00706	NA	NA	NA
rs1230067	-884	0.118	AA/GG	1	0.00725	NA	NA	NA
rs1230068	-883	0.117	AC/GT	1	0.00651	NA	NA	NA
rs1230069	-883	0.117	AG/GC	1	0.00649	NA	NA	NA
rs1230070	-883	0.117	AT/GC	1	0.00642	NA	NA	NA
rs1230071	-883	0.117	AT/GC	1	0.006	NA	NA	NA
rs1230072	-883	0.117	AT/GC	1	0.00626	NA	NA	NA
rs1230073	-883	0.117	AT/GG	1	0.00638	NA	NA	NA
rs1234593	-883	0.12	AC/GT	1	0.00824	NA	NA	NA
rs10438778	-882	0.115	AG/GA	1	0.00693	NA	NA	NA
rs1230074	-882	0.107	AT/GA	1	0.129	NA	NA	NA
rs2905453	-882	0.106	AA/GG	1	0.132	NA	NA	NA
rs1230089	-881	0.105	AC/GT	1	0.161	NA	NA	NA
rs1230090	-881	0.105	AA/GG	1	0.153	NA	NA	NA
rs1230091	-881	0.104	AG/GA	1	0.134	NA	NA	NA
rs1237651	-881	0.104	AT/GC	1	0.131	NA	NA	NA
rs1230092	-881	0.104	AA/GC	1	0.135	NA	NA	NA
rs1230093	-880	0.104	AG/GA	1	0.128	NA	NA	NA
rs1230094	-880	0.104	AG/GA	1	0.127	NA	NA	NA
rs732589	-879	0.102	AC/GT	1	0.191	NA	NA	NA
rs4763	-879	0.621	AA/GG	1	4.99e-11	0	6.35588365778629e-06	0.999916656673158
rs62064597	-877	0.631	AG/GC	1	4.25e-11	0	7.43668231262976e-06	0.999882976491957
rs1230095	-876	0.113	AC/GG	1	0.166	NA	NA	NA
rs62064598	-875	0.644	AG/GC	1	4.04e-11	0	7.81470791821527e-06	0.999875539809644
rs2028078	-874	0.644	AA/GG	1	5.18e-11	0	6.12772617329869e-06	0.999922784399331
rs1230096	-874	0.118	AA/GT	1	0.158	NA	NA	NA
rs1230097	-873	0.106	AA/GT	1	0.00258	NA	NA	NA
rs56220387	-873	0.655	AG/GA	1	2.65e-11	0	1.18070765344927e-05	0.999787196800392
rs1230098	-872	0.118	AC/GA	1	0.153	NA	NA	NA
rs1230099	-871	0.119	AG/GA	1	0.155	NA	NA	NA
rs55793500	-870	0.644	AC/GT	1	4.95e-11	0	6.40612506389914e-06	0.9999103007895
rs62064600	-869	0.644	AA/GG	1	3.98e-11	0	7.92996488076882e-06	0.999867725101726
rs1230100	-869	0.106	AC/GG	1	0.00258	NA	NA	NA
rs77044114	-868	0.106	AT/GC	1	0.000683	NA	NA	NA
rs56236914	-867	0.644	AT/GC	1	4.46e-11	0	7.09390586754365e-06	0.999890070397825
rs1230101	-866	0.118	AG/GA	1	0.167	NA	NA	NA
rs62064603	-866	0.644	AT/GC	1	5.72e-11	0	5.56123884156341e-06	0.999940156217318
rs73984391	-865	0.644	AT/GG	1	7.88e-11	0	4.06537527315796e-06	0.99997353925346
rs1230102	-865	0.115	AG/GA	1	0.141	NA	NA	NA
rs62064637	-865	0.644	AG/GT	1	6.23e-11	0	5.11553440416691e-06	0.99996104962738
rs1230103	-864	0.116	AG/GA	1	0.15	NA	NA	NA
rs36078910	-863	0.658	AA/GG	1	2.22e-11	0	1.40415694593212e-05	0.999413250437853
rs35389313	-863	0.658	AC/GT	1	2.11e-11	0	1.47578629468047e-05	0.999327134786821
rs35327136	-863	0.67	AA/GC	1	1.91e-11	0	1.62692921620032e-05	0.999127246198595
rs1230106	-862	0.109	AG/GA	1	0.000765	NA	NA	NA
rs8071011	-862	0.658	AT/GC	1	2.05e-11	0	1.51806315744502e-05	0.999267686602902
rs62064641	-861	0.658	AC/GT	1	1.82e-11	0	1.70566547446683e-05	0.998943981570528
rs62064643	-859	0.669	AA/GG	1	1.98e-11	0	1.57059103153194e-05	0.999191265540242
rs34063617	-859	0.658	AA/GG	1	3.29e-11	0	9.5540494406721e-06	0.999841395716737
rs12940792	-858	0.658	AT/GC	1	2.23e-11	0	1.39799214474342e-05	0.999455190202195
rs2102989	-858	0.109	AG/GA	1	0.000676	NA	NA	NA
rs12947718	-857	0.658	AA/GG	1	2.58e-11	0	1.21205659214148e-05	0.999739660073377
rs71373560	-857	0.658	AT/GC	1	2.23e-11	0	1.39799214474342e-05	0.9994272303593
rs34915103	-857	0.658	AG/GC	1	2.23e-11	0	1.39799214474342e-05	0.999441210280748
rs12942951	-856	0.651	AC/GT	1	1.2e-11	0	2.56478075105681e-05	0.998526339196027
rs1230075	-856	0.112	AG/GA	1	0.272	NA	NA	NA
rs35884427	-855	0.658	AA/GG	1	2.42e-11	0	1.29044905985843e-05	0.999627058319804
rs34286926	-854	0.663	AG/GA	1	2.5e-11	0	1.25001120694229e-05	0.999703158808461
rs1230077	-854	0.121	AG/GA	1	2.64e-05	NA	NA	NA
rs56378631	-854	0.663	AC/GT	1	2.38e-11	0	1.31167691886078e-05	0.999574857250699
rs12946723	-853	0.663	AT/GC	1	2.38e-11	0	1.31167691886078e-05	0.999587974019887
rs12952764	-853	0.663	AA/GG	1	2.68e-11	0	1.16776871835861e-05	0.999798874487575
rs1230078	-853	0.107	AC/GT	1	0.29	NA	NA	NA
rs1230079	-852	0.114	AC/GT	1	0.362	NA	NA	NA
rs35420583	-852	0.663	AT/GC	1	2.95e-11	0	1.06304851015727e-05	0.999831841667296
rs34792542	-852	0.663	AG/GA	1	5.33e-11	0	5.95897617119973e-06	0.999928743375503
rs2106720	-851	0.114	AT/GC	1	0.31	NA	NA	NA
rs35519908	-851	0.663	AC/GT	1	2.58e-11	0	1.21205659214148e-05	0.999727539507455
rs12942666	-850	0.663	AG/GA	1	2.37e-11	0	1.3170947068432e-05	0.999535398587373
rs1230082	-850	0.115	AC/GG	1	0.337	NA	NA	NA
rs62064645	-850	0.675	AA/GG	1	2.62e-11	0	1.19393986686296e-05	0.999751599472045
rs62064646	-850	0.663	AA/GG	1	2.55e-11	0	1.22601330731716e-05	0.999715418941534
rs62064647	-849	0.663	AA/GG	1	2.64e-11	0	1.18508531431299e-05	0.999775389723857
rs1230083	-849	0.11	AG/GA	1	0.000557	NA	NA	NA
rs7222389	-849	0.663	AC/GT	1	2.37e-11	0	1.3170947068432e-05	0.99956174048151
rs55648326	-848	0.663	AC/GT	1	2.62e-11	0	1.19393986686296e-05	0.999763538870714
rs1230085	-848	0.11	AG/GA	1	0.000552	NA	NA	NA
rs56212100	-848	0.658	AA/GG	1	2.48e-11	0	1.25987854163661e-05	0.999678059910975
rs62064649	-848	0.663	AG/GA	1	2.44e-11	0	1.28009352515796e-05	0.999665461125559
rs35626715	-848	0.663	AC/GT	1	2.48e-11	0	1.25987854163661e-05	0.999690658696391
rs1230086	-847	0.109	AC/GT	1	0.000579	NA	NA	NA
rs76344126	-847	0.675	AA/GG	1	3.38e-11	0	9.30501017449292e-06	0.999850700726911
rs7209501	-847	0.669	AC/GA	1	2.21e-11	0	1.41037697387961e-05	0.999385105098655
rs1230087	-846	0.109	AC/GT	1	0.000569	NA	NA	NA
rs2959953	-843	0.114	AC/GG	1	0.378	NA	NA	NA
rs12949256	-843	0.675	AT/GC	1	1.72e-11	0	1.80271261901071e-05	0.99889215015589
rs7220206	-843	0.675	AA/GG	1	2.25e-11	0	1.38582529637033e-05	0.999469048455159
rs7222444	-842	0.675	AG/GA	1	1.86e-11	0	1.66974029067861e-05	0.999044789355134
rs12939187	-842	0.675	AT/GG	1	2.13e-11	0	1.4622180698399e-05	0.999341756967519
rs34018943	-842	0.675	AG/GA	1	1.88e-11	0	1.65234533236078e-05	0.999094707614271
rs34104358	-841	0.675	AT/GG	1	1.86e-11	0	1.66974029067861e-05	0.999061486758041
rs62064652	-841	0.67	AG/GA	1	2.05e-11	0	1.51806315744502e-05	0.999237325339753
rs62064653	-841	0.67	AT/GC	1	2.05e-11	0	1.51806315744502e-05	0.999252505971327
rs56020833	-840	0.675	AT/GC	1	2.35e-11	0	1.32806720561094e-05	0.999495721388812
rs55642947	-840	0.675	AC/GG	1	2.36e-11	0	1.32255794364209e-05	0.999522227640305
rs2684631	-839	0.117	AG/GA	1	0.324	NA	NA	NA
rs34465449	-839	0.675	AA/GC	1	1.86e-11	0	1.66974029067861e-05	0.999028091952227
rs2959950	-838	0.113	AC/GT	1	0.271	NA	NA	NA
rs12946900	-838	0.675	AG/GA	1	1.81e-11	0	1.71489237065411e-05	0.998926924915784
rs56168933	-838	0.675	AA/GG	1	2.33e-11	0	1.3392261597008e-05	0.999482440716756
rs55790407	-838	0.675	AC/GG	1	1.83e-11	0	1.69653841837051e-05	0.998960946954712
rs11012	-837	0.669	AT/GC	1	2.13e-11	0	1.4622180698399e-05	0.999371001328916
rs9730	-837	0.675	AG/GC	1	1.84e-11	0	1.68750958506261e-05	0.998994697146413
rs62064654	-836	0.675	AT/GC	1	2.37e-11	0	1.3170947068432e-05	0.999548569534441
rs62064655	-835	0.675	AA/GG	1	1.86e-11	0	1.66974029067861e-05	0.999078184160947
rs36114997	-834	0.675	AG/GA	1	1.86e-11	0	1.66974029067861e-05	0.99901139454932
rs17631303	-834	0.675	AG/GA	1	2.44e-11	0	1.28009352515796e-05	0.999639859255055
rs1317946	-833	0.112	AC/GA	1	0.293	NA	NA	NA
rs62064657	-833	0.675	AA/GG	1	2.39e-11	0	1.30630401294086e-05	0.999614153829205
rs35489312	-833	0.675	AC/GT	1	1.91e-11	0	1.62692921620032e-05	0.999110976906433
rs6503437	-832	0.112	AG/GA	1	0.309	NA	NA	NA
rs117029704	-830	0.136	AT/GG	1	0.00121	NA	NA	NA
rs2684641	-830	0.675	AG/GA	1	2.44e-11	0	1.28009352515796e-05	0.999652660190307
rs62065376	-829	0.669	AG/GC	1	2.13e-11	0	1.4622180698399e-05	0.999356379148218
rs62065378	-828	0.675	AC/GT	1	1.76e-11	0	1.76258361874943e-05	0.998909775992077
rs113575082	-826	0.675	AT/GC	1	2.03e-11	0	1.53270515046486e-05	0.999222144708178
rs71373572	-825	0.675	AA/GG	1	1.65e-11	0	1.87757185490615e-05	0.998855347311151
rs62065379	-825	0.675	AT/GC	1	2.08e-11	0	1.49662290128719e-05	0.999297619060927
rs112538459	-823	0.675	AT/GC	1	1.55e-11	0	1.99611968484907e-05	0.998719240297632
rs2077606	-821	0.675	AA/GG	1	1.56e-11	0	1.98358786772359e-05	0.998778747933664
rs56278545	-820	0.11	AG/GA	1	0.00032	NA	NA	NA
rs8075717	-816	0.109	AT/GC	1	0.000496	NA	NA	NA
rs2960000	-816	0.663	AC/GT	1	2.94e-12	0	0.000101794047815026	0.996610889918939
rs62065385	-815	0.674	AT/GC	1	2.38e-11	0	1.31167691886078e-05	0.999601090789076
rs4588023	-814	0.113	AT/GC	1	0.296	NA	NA	NA
rs55703888	-814	0.675	AT/GC	1	1.54e-11	0	2.00881262938829e-05	0.99867919097449
rs56005713	-813	0.675	AT/GC	1	1.54e-11	0	2.00881262938829e-05	0.998699279100783
rs111423688	-812	0.675	AA/GG	1	2e-11	0	1.55521164312033e-05	0.999206817656674
rs62065389	-811	0.675	AG/GT	1	1.94e-11	0	1.60229143186185e-05	0.999175559629927
rs4792816	-809	0.111	AT/GC	1	0.25	NA	NA	NA
rs2139890	-808	0.675	AA/GC	1	1.47e-11	0	2.10244916698848e-05	0.998638886149795
rs3946526	-808	0.675	AT/GC	1	2.11e-11	0	1.47578629468047e-05	0.999312376923874
rs2078200	-808	0.113	AT/GC	1	0.201	NA	NA	NA
rs2521819	-806	0.104	AC/GT	1	0.569	NA	NA	NA
rs55663797	-806	0.704	AA/GG	1	3.37e-12	0	8.90412506792903e-05	0.9972703855277
rs1879581	-804	0.704	AC/GT	1	3.61e-12	0	8.32331890455592e-05	0.997785381925507
rs55671319	-802	0.704	AG/GA	1	4.24e-12	0	7.10896036003041e-05	0.998259121069778
rs55652155	-802	0.704	AG/GA	1	3.53e-12	0	8.50822735346211e-05	0.997702148736461
rs9893586	-801	0.104	AC/GA	1	0.65	NA	NA	NA
rs7224890	-801	0.129	AG/GC	1	2.87e-06	NA	NA	NA
rs17631676	-801	0.704	AG/GA	1	4.4e-12	0	6.85544330258236e-05	0.998327675502804
rs149366495	-800	0.704	AA/GG	1	3.91e-12	0	7.69670673731473e-05	0.998188031466178
rs2090847	-800	0.704	AG/GA	1	3.63e-12	0	8.27835345482137e-05	0.997868165460055
rs55746869	-799	0.704	AT/GC	1	5.4e-12	0	5.60855879016347e-05	0.998383761090705
rs12950965	-799	0.704	AG/GC	1	3.71e-12	0	8.10329492122089e-05	0.998030878992124
rs56015792	-799	0.704	AC/GG	1	3.51e-12	0	8.55575899286388e-05	0.997617066462926
rs62065404	-798	0.704	AT/GC	1	3.51e-12	0	8.55575899286388e-05	0.997531508872998
rs2037442	-798	0.129	AC/GT	1	4.68e-06	NA	NA	NA
rs71238846	-798	0.704	AA/GG	1	3.47e-12	0	8.65245046902809e-05	0.997445951283069
rs12452273	-797	0.704	AT/GC	1	3.37e-12	0	8.90412506792903e-05	0.997359426778379
rs7218394	-797	0.129	AT/GC	1	5.05e-06	NA	NA	NA
rs4239141	-795	0.104	AA/GT	1	0.661	NA	NA	NA
rs56192752	-795	0.704	AG/GA	1	2.89e-12	0	0.000103520796514466	0.996509095871124
rs62065436	-793	0.704	AA/GG	1	3.37e-12	0	8.90412506792903e-05	0.99718134427702
rs4792817	-793	0.129	AA/GT	1	4.5e-06	NA	NA	NA
rs55925547	-793	0.693	AC/GT	1	6.27e-12	0	4.84470997430774e-05	0.998432208190448
rs55643511	-793	0.704	AA/GG	1	3.06e-12	0	9.78780080020665e-05	0.996808240024788
rs62065437	-792	0.704	AA/GG	1	3.21e-12	0	9.33910215896593e-05	0.996999196409735
rs4792818	-792	0.104	AT/GC	1	0.676	NA	NA	NA
rs10401005	-792	0.106	AA/GG	1	0.574	NA	NA	NA
rs62065438	-792	0.704	AT/GC	1	3.68e-12	0	8.16805828573842e-05	0.997949846042912
rs62065442	-786	0.704	AC/GT	1	3.01e-12	0	9.94720978466595e-05	0.996710362016786
rs4792866	-786	0.129	AT/GA	1	2.41e-06	NA	NA	NA
rs62065445	-784	0.704	AA/GG	1	3.75e-12	0	8.01854066799738e-05	0.998111064398804
rs1879585	-783	0.709	AG/GT	1	3.07e-12	0	9.75653633569914e-05	0.996905805388145
rs113322852	-781	0.718	AA/GT	1	3.22e-12	0	9.31066166063634e-05	0.997092303026341
rs4523963	-780	0.106	AG/GT	1	0.811	NA	NA	NA
rs62065450	-780	0.718	AT/GC	1	2.74e-12	0	0.000109075500316085	0.996300989521541
rs1879583	-779	0.718	AT/GC	1	2.86e-12	0	0.000104585553068384	0.99640557507461
rs9905348	-778	0.132	AG/GA	1	1.24e-06	NA	NA	NA
rs62053943	-606	0.61	AT/GC	1	2.87e-09	0	1.21710406754856e-07	0.999999986124491
rs55974014	-593	0.876	AA/GC	1	2.54e-14	1	0.0108266599505368	0.902013051779079
rs1724422	-573	0.308	AG/GA	1	2e-07	NA	NA	NA
rs17688916	-571	0.8	AA/GT	1	4.07e-14	1	0.00680954465030076	0.908822596429379
rs7406746	-563	0.168	AA/GC	1	0.00828	NA	NA	NA
rs113100008	-560	0.272	AG/GC	1	4.78e-08	NA	NA	NA
rs11655470	-555	0.163	AC/GT	1	0.00843	NA	NA	NA
rs117615688	-552	0.216	AA/GG	1	1.15e-06	NA	NA	NA
rs7218457	-548	0.119	AA/GG	1	0.00491	NA	NA	NA
rs1358071	-547	0.674	AC/GA	1	1.94e-10	0	1.68524233544315e-06	0.999997442007345
rs35116560	-546	0.163	AT/GC	1	0.00711	NA	NA	NA
rs9303521	-545	0.287	AT/GG	1	2.3e-08	NA	NA	NA
rs7225384	-541	0.385	AG/GC	1	1.28e-07	NA	NA	NA
rs1880753	-539	0.293	AG/GA	1	0.000163	NA	NA	NA
rs12938476	-537	0.373	AC/GT	1	4.5e-07	NA	NA	NA
rs8067527	-537	0.375	AA/GG	1	7.25e-07	NA	NA	NA
rs12944235	-537	0.287	AG/GA	1	0.000117	NA	NA	NA
rs7220839	-535	0.293	AC/GT	1	0.000133	NA	NA	NA
rs8075654	-529	0.373	AG/GT	1	3.57e-07	NA	NA	NA
rs7207400	-526	0.671	AC/GT	1	1.15e-10	0	2.80927417572768e-06	0.999984095378939
rs79172804	-521	0.788	AA/GG	1	1.28e-13	1	0.00220775183975853	0.967015048273521
rs1880755	-521	0.292	AC/GT	1	0.000186	NA	NA	NA
rs56214516	-513	0.708	AC/GA	1	6.43e-13	0	0.000452300185819624	0.99541560722286
rs58089049	-505	0.681	AT/GC	1	1.75e-09	0	1.97063791143171e-07	0.999999864414085
rs7225082	-502	0.137	AT/GG	1	1.37e-05	NA	NA	NA
rs35909029	-499	0.27	AT/GC	1	0.00237	NA	NA	NA
rs12952301	-498	0.215	AT/GC	1	0.426	NA	NA	NA
rs12938031	-496	0.422	AG/GA	1	0.765	0	2.79202265488921e-15	1
rs34186148	-495	0.439	AC/GG	1	6.15e-11	0	5.18061063511939e-06	0.999955934092976
rs4074461	-495	0.216	AT/GG	1	0.645	NA	NA	NA
rs6503450	-495	0.218	AT/GC	1	0.276	NA	NA	NA
rs35076622	-494	0.441	AA/GG	1	6.02e-11	0	5.29000908638537e-06	0.999950753482341
rs12950522	-491	0.216	AA/GC	1	0.499	NA	NA	NA
rs7209436	-480	0.175	AC/GT	1	0.104	NA	NA	NA
rs12944712	-479	0.299	AA/GG	1	0.0289	NA	NA	NA
rs110402	-470	0.196	AG/GA	1	0.0853	NA	NA	NA
rs242924	-465	0.196	AG/GT	1	0.122	NA	NA	NA
rs242925	-461	0.227	AC/GT	1	0.0441	NA	NA	NA
rs242941	-458	0.126	AC/GA	1	0.000159	NA	NA	NA
rs242940	-457	0.225	AA/GG	1	0.0571	NA	NA	NA
rs171440	-457	0.228	AG/GA	1	0.0466	NA	NA	NA
rs81189	-455	0.228	AG/GC	1	0.049	NA	NA	NA
rs242937	-452	0.331	AA/GG	1	1.05e-06	NA	NA	NA
rs173365	-449	0.331	AA/GG	1	1.16e-06	NA	NA	NA
rs4327090	-448	0.731	AG/GA	1	2.63e-13	0	0.00108813868856433	0.994027105009838
rs242951	-441	0.326	AC/GT	1	8.82e-07	NA	NA	NA
rs17689966	-440	0.329	AG/GA	1	7.62e-07	NA	NA	NA
rs242949	-438	0.196	AG/GT	1	0.29	NA	NA	NA
rs242948	-437	0.328	AG/GT	1	2.63e-06	NA	NA	NA
rs75104593	-437	0.885	AG/GT	1	5.41e-15	1	0.0495885507598642	0.724300284303045
rs74998289	-437	0.885	AG/GT	1	5.28e-15	1	0.0507901870008607	0.674711733543181
rs62054807	-435	0.593	AT/GC	1	8.6e-13	0	0.000339988391942077	0.996191914021225
rs242947	-433	0.329	AG/GA	1	8.42e-07	NA	NA	NA
rs242944	-427	0.329	AG/GA	1	1.03e-06	NA	NA	NA
rs17690703	-425	0.727	AT/GC	1	1.69e-10	0	1.92841766466822e-06	0.999992167649669
rs8064870	-423	0.286	AC/GT	1	0.0234	NA	NA	NA
rs8068916	-423	0.288	AG/GT	1	0.0124	NA	NA	NA
rs3935637	-422	0.288	AC/GT	1	0.0152	NA	NA	NA
rs4616318	-421	0.288	AG/GA	1	0.0154	NA	NA	NA
rs886249	-404	0.831	AG/GA	1	6.13e-13	0	0.000474021022840876	0.994501126032678
rs9898399	-400	0.43	AG/GA	1	1.47e-09	0	2.33560309545916e-07	0.999999667350293
rs7210728	-382	0.469	AA/GG	1	1.6e-10	0	2.03434331146215e-06	0.999988241482683
rs3744457	-377	0.118	AT/GC	1	2.72e-05	NA	NA	NA
rs4792891	-377	0.469	AG/GT	1	2.42e-10	0	1.35791376760589e-06	0.999998799921113
rs11079726	-374	0.115	AG/GA	1	4.46e-05	NA	NA	NA
rs9303523	-373	0.469	AC/GT	1	1.86e-10	0	1.75602273696412e-06	0.99999575676501
rs28646281	-372	0.469	AG/GT	1	1.63e-10	0	1.99774932141274e-06	0.999990239232005
rs1560312	-371	0.469	AG/GA	1	1.54e-10	0	2.11176043291622e-06	0.999986207139372
rs930119	-370	0.113	AG/GA	1	3.21e-05	NA	NA	NA
rs3785879	-364	0.219	AC/GA	1	0.183	NA	NA	NA
rs1467967	-364	0.123	AA/GG	1	1.11e-05	NA	NA	NA
rs9899833	-357	0.477	AA/GG	1	1.78e-10	0	1.83309260305489e-06	0.999994000742273
rs3785880	-357	0.207	AT/GG	1	0.232	NA	NA	NA
rs8076152	-354	0.136	AC/GG	1	0.00277	NA	NA	NA
rs8080903	-354	0.182	AC/GT	1	0.000791	NA	NA	NA
rs1560313	-354	0.182	AG/GA	1	0.000804	NA	NA	NA
rs62058963	-352	0.117	AT/GC	1	0.00584	NA	NA	NA
rs9904290	-348	0.184	AG/GA	1	0.000554	NA	NA	NA
rs2055797	-347	0.118	AT/GA	1	0.000582	NA	NA	NA
rs7210219	-332	0.84	AC/GT	1	2.28e-15	1	0.116107038840187	0.250186898647046
rs242557	-330	0.145	AG/GA	1	0.00304	NA	NA	NA
rs242559	-324	0.841	AC/GA	1	1.25e-14	1	0.021748269502325	0.872519761238315
rs113277432	-317	0.896	AC/GT	1	3.86e-15	1	0.0691373969015075	0.559390207068586
rs2664006	-308	0.204	AC/GT	1	0.00227	NA	NA	NA
rs9896485	-299	0.199	AG/GC	1	0.00253	NA	NA	NA
rs10514889	-299	0.199	AG/GA	1	0.00348	NA	NA	NA
rs117124984	-299	0.901	AG/GC	1	6.31e-15	1	0.0426182663019007	0.81207378619629
rs118087478	-299	0.901	AG/GT	1	5.95e-15	1	0.0451552355913442	0.769455519894389
rs754593	-295	0.392	AG/GA	1	1.69e-08	NA	NA	NA
rs713522	-285	0.308	AC/GT	1	3.69e-08	NA	NA	NA
rs2471737	-280	0.312	AG/GA	1	2.83e-08	NA	NA	NA
rs2435200	-278	0.329	AA/GG	1	1.85e-08	NA	NA	NA
rs117499775	-271	0.13	AC/GT	1	0.000259	NA	NA	NA
rs2435201	-271	0.308	AT/GA	1	3.78e-09	NA	NA	NA
rs1991556	-267	0.88	AA/GG	1	1.46e-14	1	0.0186666305902265	0.891186391828542
rs8067056	-266	0.417	AC/GT	1	1.09e-09	0	3.12622509781401e-07	0.999999433789984
rs56087321	-266	0.19	AG/GC	1	0.000617	NA	NA	NA
rs41543317	-263	0.183	AG/GA	1	0.000432	NA	NA	NA
rs916896	-251	0.186	AC/GT	1	0.000334	NA	NA	NA
rs2158256	-246	0.126	AA/GG	1	0.000367	NA	NA	NA
rs7521	-245	0.222	AG/GA	1	0.00194	NA	NA	NA
rs7220988	-241	0.187	AG/GA	1	0.000614	NA	NA	NA
rs16940845	-233	0.187	AC/GA	1	0.000615	NA	NA	NA
rs7213077	-231	0.189	AT/GC	1	0.000702	NA	NA	NA
rs8064986	-231	0.223	AG/GA	1	0.00255	NA	NA	NA
rs62063662	-230	0.186	AT/GC	1	0.000644	NA	NA	NA
rs10514899	-230	0.188	AC/GG	1	0.000753	NA	NA	NA
rs8078067	-225	0.188	AG/GA	1	0.000776	NA	NA	NA
rs11654745	-219	0.186	AG/GA	1	0.000619	NA	NA	NA
rs4792827	-219	0.223	AC/GT	1	0.00266	NA	NA	NA
rs6503455	-209	0.187	AC/GT	1	0.000658	NA	NA	NA
rs11079732	-189	0.223	AC/GT	1	0.00193	NA	NA	NA
rs72836329	-188	0.188	AC/GT	1	0.00059	NA	NA	NA
rs11654640	-188	0.223	AA/GG	1	0.00185	NA	NA	NA
rs2158258	-186	0.223	AC/GA	1	0.00174	NA	NA	NA
rs60521849	-177	0.181	AG/GA	1	0.000217	NA	NA	NA
rs8065825	-175	0.184	AA/GG	1	0.000204	NA	NA	NA
rs113564729	-171	0.193	AG/GA	1	0.000354	NA	NA	NA
rs11652924	-168	0.229	AC/GT	1	0.000968	NA	NA	NA
rs4510068	-165	0.384	AT/GG	1	7.3e-05	NA	NA	NA
rs9904766	-163	0.229	AC/GT	1	0.00095	NA	NA	NA
rs7225002	-161	0.386	AG/GA	1	3.25e-05	NA	NA	NA
rs56807059	-161	0.192	AA/GC	1	0.000312	NA	NA	NA
rs2016034	-160	0.23	AG/GA	1	0.00109	NA	NA	NA
rs11653367	-159	0.146	AA/GG	1	0.00568	NA	NA	NA
rs4630591	-158	0.76	AT/GC	1	5.94e-14	1	0.00469545650331828	0.920151345980531
rs8068300	-147	0.229	AC/GT	1	0.00111	NA	NA	NA
rs2732708	1.3	0.922	AT/GC	1	3.46e-15	1	0.0770000348422477	0.41911917090729
rs2732706	1.6	0.922	AT/GC	1	2.89e-15	1	0.0919322374179961	0.342119136065042
rs2732705	1.84	0.916	AG/GT	1	3.75e-15	1	0.0711336392597891	0.490252810167079
rs2668622	2.04	0.866	AT/GG	1	4.14e-15	1	0.0645313394737338	0.62392154654232
rs2696532	5.51	0.922	AG/GA	1	6.96e-15	1	0.0386977055397007	0.850771491735991
rs199437	436	0.693	AA/GT	1	1.58e-11	0	1.95899545635206e-05	0.998798337888227
rs1378358	437	0.842	AT/GC	1	1.79e-13	1	0.00158796950759857	0.988651498110419
rs183211	438	0.689	AA/GG	1	1.53e-11	0	2.02166984003948e-05	0.998659102848196
rs199436	439	0.693	AG/GA	1	1.56e-11	0	1.98358786772359e-05	0.998758912054986
rs169201	440	0.842	AG/GA	1	1.67e-13	1	0.00170001121696723	0.985430737368141
rs199438	442	0.693	AA/GG	1	1.61e-11	0	1.92324127212743e-05	0.998817570300948
rs17692129	443	0.124	AC/GT	1	0.00877	NA	NA	NA
rs199439	443	0.842	AG/GA	1	1.74e-13	1	0.00163279123468012	0.987063528602821
rs142167	445	0.693	AG/GA	1	1.84e-11	0	1.68750958506261e-05	0.998977822050563
rs199457	445	0.842	AT/GC	1	1.65e-13	1	0.0017202554890285	0.982020653261155
rs199456	448	0.842	AT/GC	1	1.43e-13	1	0.00197997004391516	0.971002581910147
rs199455	449	0.686	AC/GT	1	4.56e-11	0	6.94166437648751e-06	0.999897012062201
rs7224296	450	0.633	AG/GA	1	7.22e-12	0	4.21913754849687e-05	0.998474399565933
rs199454	450	0.685	AG/GA	1	2.35e-11	0	1.32806720561094e-05	0.999509002060868
rs199453	451	0.689	AT/GC	1	1.56e-11	0	1.98358786772359e-05	0.998739076176309
rs199452	451	0.688	AT/GC	1	1.32e-11	0	2.33618055127881e-05	0.998573594821083
rs199451	452	0.832	AA/GG	1	1.6e-13	1	0.00177306128198144	0.978569836558375
rs35937770	458	0.118	AG/GA	1	0.0123	NA	NA	NA
rs199449	459	0.683	AA/GG	1	1.38e-11	0	2.23665117856117e-05	0.998595961332869
rs199448	459	0.832	AG/GA	1	1.84e-13	1	0.00154556373226722	0.990197061842687
rs199447	462	0.821	AT/GC	1	1.46e-13	1	0.00193998553047599	0.972942567440623
rs199446	463	0.675	AG/GA	1	2.08e-11	0	1.49662290128719e-05	0.999282652831914
rs199445	467	0.832	AT/GC	1	1.13e-13	1	0.00249543912487168	0.953408259971838
rs199444	468	0.683	AC/GT	1	1.17e-11	0	2.62918225831737e-05	0.998500691388516
rs199443	469	0.832	AT/GC	1	1.41e-13	1	0.0020075635927104	0.969022611866232
rs199442	470	0.683	AA/GG	1	1.29e-11	0	2.38938195431551e-05	0.99855023301557
rs199536	470	0.675	AT/GC	1	1.63e-11	0	1.90012916530555e-05	0.998836571592602
rs199535	473	0.832	AG/GA	1	1.64e-13	1	0.00173056121375067	0.980300397772126
rs199534	474	0.832	AG/GT	1	1.24e-13	1	0.00227771851786022	0.958097549500384
rs9896243	476	0.826	AG/GC	1	6.29e-13	0	0.000462181004361618	0.99496330703704
rs199533	479	0.832	AA/GG	1	2.28e-13	0	0.0012520093811705	0.992938966321273
rs199531	480	0.679	AC/GT	1	3.46e-11	0	9.09440993427108e-06	0.999859795136846
rs9912530	486	0.614	AT/GC	1	1.41e-11	0	2.19003252567991e-05	0.998617861658125
rs199530	487	0.672	AG/GA	1	4.6e-11	0	6.88260223514003e-06	0.999903894664436
rs199529	487	0.741	AC/GA	1	1.65e-11	0	1.87757185490615e-05	0.9988741230297
rs199528	493	0.791	AT/GC	1	6.05e-14	1	0.00461151181435822	0.92476285779489
rs199527	494	0.639	AG/GA	1	2.69e-11	0	1.163519228097e-05	0.999810509679856
rs199526	498	0.711	AC/GG	1	9.2e-14	1	0.00305424754224144	0.942858694160137
rs199525	498	0.791	AG/GT	1	6.21e-14	1	0.00449467692204627	0.929257534716936
rs3809857	498	0.108	AG/GT	1	0.0139	NA	NA	NA
rs199524	498	0.639	AG/GT	1	1.93e-11	0	1.61041977125929e-05	0.999159536715608
rs199523	498	0.639	AC/GA	1	1.92e-11	0	1.61863193008245e-05	0.999143432517896
rs199521	503	0.638	AG/GC	1	2.93e-11	0	1.07015023384649e-05	0.999821211182195
rs199520	504	0.639	AG/GA	1	6e-11	0	5.30725593653818e-06	0.999945463473255
rs199519	504	0.639	AG/GA	1	5.43e-11	0	5.85160297392986e-06	0.999934594978476
rs199518	504	0.639	AA/GC	1	8.34e-11	0	3.84598013254567e-06	0.999981286104763
rs199517	504	0.639	AA/GG	1	8.22e-11	0	3.90087117090395e-06	0.999977440124631
rs199516	506	0.791	AC/GT	1	1.91e-13	0	0.00148989509741617	0.991686956940103
rs199515	507	0.777	AG/GC	1	1.46e-13	1	0.00193998553047599	0.974882552971099
rs199514	507	0.781	AG/GA	1	1.05e-13	1	0.00268217602735132	0.948327411185877
rs199513	507	0.772	AA/GG	1	1.01e-13	1	0.00278654099838843	0.945645235158525
rs199512	507	0.786	AT/GC	1	1.48e-13	1	0.0019142223052951	0.976796775276394
rs199509	509	0.786	AG/GA	1	1.26e-13	1	0.00224218452288241	0.962599544594004
rs199508	509	0.634	AC/GG	1	7.53e-11	0	4.25006370322927e-06	0.999965299691083
rs199507	509	0.786	AA/GG	1	1.28e-13	1	0.00220775183975853	0.964807296433763
rs199506	509	0.796	AA/GG	1	4.18e-14	1	0.00663329304783367	0.915455889477213
rs415430	509	0.772	AC/GT	1	1.66e-13	1	0.00171007289001887	0.983730726151173
rs430685	509	0.772	AT/GC	1	1.09e-13	1	0.00258540966108944	0.950912820846966
rs199505	509	0.777	AA/GG	1	1.25e-13	1	0.00225981057073819	0.960357360071122
rs70602	510	0.777	AT/GC	1	1.17e-13	1	0.0024115710106857	0.955819830982523
rs70600	510	0.777	AT/GC	1	9.05e-14	1	0.00310399733574769	0.939804446617895
rs199504	511	0.781	AC/GT	1	8.23e-14	1	0.00340773412414958	0.936700449282148
rs199502	512	0.691	AA/GG	1	6.67e-13	0	0.000436318406423491	0.995851925629283
rs199501	513	0.641	AA/GG	1	2.21e-11	0	1.41037697387961e-05	0.999399208868394
rs916888	513	0.661	AC/GT	1	6.93e-14	1	0.00403518044106225	0.933292715157998
rs199500	513	0.569	AT/GC	1	1.06e-09	0	3.21246361408643e-07	0.999999121167474
rs1563304	524	0.182	AT/GC	1	0.00039	NA	NA	NA
rs3851781	541	0.108	AC/GT	1	0.00863	NA	NA	NA
rs72836354	549	0.11	AG/GA	1	0.00389	NA	NA	NA
rs3851782	552	0.111	AG/GA	1	0.0184	NA	NA	NA
rs34724124	552	0.116	AG/GA	1	0.00433	NA	NA	NA
rs11079738	554	0.115	AA/GG	1	0.0102	NA	NA	NA
