SNP	KB	R2	Alleles	F	P	inCredible	probNorm	cumSum
rs434517	0	1	A	1	4.66e-09	1	0.0617651115617833	0.0617651115617833
rs72799661	-172	0.115	AT/CC	1	0.000177	NA	NA	NA
rs72799662	-171	0.115	AT/CA	1	0.00014	NA	NA	NA
rs149885504	-171	0.15	AA/CG	1	0.000238	NA	NA	NA
rs72799679	-151	0.15	AA/CG	1	0.000231	NA	NA	NA
rs72799684	-144	0.15	AG/CA	1	0.000245	NA	NA	NA
rs337698	-133	0.101	AT/CG	1	0.000162	NA	NA	NA
rs337697	-132	0.101	AT/CC	1	0.000174	NA	NA	NA
rs402876	-130	0.101	AG/CC	1	0.00019	NA	NA	NA
rs72799692	-129	0.115	AA/CG	1	0.000133	NA	NA	NA
rs150966031	-127	0.115	AA/CG	1	9.07e-05	NA	NA	NA
rs337686	-125	0.101	AT/CC	1	0.000197	NA	NA	NA
rs337687	-124	0.101	AG/CA	1	0.000164	NA	NA	NA
rs163207	-120	0.101	AG/CC	1	0.000225	NA	NA	NA
rs72799700	-115	0.115	AC/CT	1	0.000165	NA	NA	NA
rs337701	-115	0.101	AG/CA	1	0.000391	NA	NA	NA
rs163209	-112	0.1	AT/CG	1	0.000832	NA	NA	NA
rs337702	-112	0.1	AG/CA	1	0.000789	NA	NA	NA
rs337703	-111	0.102	AA/CT	1	0.000703	NA	NA	NA
rs337706	-102	0.108	AC/CA	1	0.000774	NA	NA	NA
rs337713	-96.2	0.108	AC/CT	1	0.000915	NA	NA	NA
rs337715	-90.2	0.105	AC/CT	1	0.000903	NA	NA	NA
rs337716	-89.2	0.101	AT/CG	1	0.000223	NA	NA	NA
rs77781705	-74.6	0.101	AG/CA	1	8.14e-05	NA	NA	NA
rs72801838	-65.5	0.138	AG/CA	1	5.94e-05	NA	NA	NA
rs76625452	-65.1	0.13	AG/CT	1	0.0995	NA	NA	NA
rs78760745	-65.1	0.13	AC/CT	1	0.0809	NA	NA	NA
rs57518296	-61.8	0.139	AA/CG	1	0.013	NA	NA	NA
rs12153735	-57.2	0.108	AT/CC	1	0.214	NA	NA	NA
rs1599175	-54.4	0.121	AA/CG	1	0.389	NA	NA	NA
rs12516617	-50.4	0.235	AC/CT	1	0.0718	NA	NA	NA
rs28592267	-49.6	0.117	AA/CT	1	0.13	NA	NA	NA
rs1459781	-48.5	0.22	AC/CT	1	0.0867	NA	NA	NA
rs1459780	-48.4	0.136	AG/CC	1	0.611	NA	NA	NA
rs10040235	-44.7	0.117	AG/CT	1	0.0847	NA	NA	NA
rs13188074	-44.6	0.136	AG/CA	1	0.364	NA	NA	NA
rs1380478	-40.6	0.234	AC/CT	1	0.0662	NA	NA	NA
rs1380477	-38.8	0.236	AG/CA	1	0.0721	NA	NA	NA
rs6884289	-38.2	0.253	AG/CA	1	0.0502	NA	NA	NA
rs11741945	-34	0.229	AG/CA	1	0.0448	NA	NA	NA
rs56332148	-33	0.131	AG/CA	1	0.165	NA	NA	NA
rs11241279	-31.5	0.236	AG/CA	1	0.0328	NA	NA	NA
rs13188819	-30.5	0.233	AG/CT	1	0.026	NA	NA	NA
rs13168840	-30.3	0.233	AC/CA	1	0.0259	NA	NA	NA
rs12187240	-29.8	0.234	AG/CA	1	0.0245	NA	NA	NA
rs11241280	-29.4	0.256	AA/CC	1	0.0186	NA	NA	NA
rs11241281	-29.4	0.255	AT/CC	1	0.0184	NA	NA	NA
rs34333534	-27.4	0.239	AC/CG	1	0.0286	NA	NA	NA
rs36083903	-27.3	0.238	AC/CG	1	0.0206	NA	NA	NA
rs34565875	-27	0.26	AT/CC	1	0.0196	NA	NA	NA
rs72801872	-23.8	0.26	AA/CG	1	0.021	NA	NA	NA
rs41296565	-22.9	0.211	AC/CT	1	7.38e-06	NA	NA	NA
rs11745974	-19.2	0.236	AG/CA	1	0.0326	NA	NA	NA
rs1364934	-13.7	0.235	AG/CA	1	0.0346	NA	NA	NA
rs1895776	-13	0.235	AT/CG	1	0.0355	NA	NA	NA
rs1834400	-12.6	0.109	AA/CG	1	0.000645	NA	NA	NA
rs3891371	-11.3	0.108	AG/CA	1	0.00045	NA	NA	NA
rs1364936	-9.84	0.109	AT/CC	1	0.236	NA	NA	NA
rs1863313	-9.32	0.426	AG/CA	1	0.103	0	8.2058436298272e-09	1
rs1469249	-8.79	0.934	AA/CG	1	9.02e-09	1	0.0324918192068948	0.280838658011325
rs441018	-5.21	0.105	AG/CC	1	0.498	NA	NA	NA
rs405161	0.562	0.967	AC/CT	1	8.15e-09	1	0.0358590684971221	0.179915010768425
rs404025	0.938	0.451	AC/CT	1	0.0411	0	1.74887331008928e-08	0.999999961739075
rs400028	3.31	0.114	AT/CC	1	0.319	NA	NA	NA
rs2559995	4.07	0.265	AA/CG	1	0.0647	NA	NA	NA
rs694068	4.27	0.451	AT/CA	1	0.0494	0	1.49762796641939e-08	0.999999991794156
rs1834402	4.42	0.451	AC/CT	1	0.049	0	1.50788020124078e-08	0.999999976817877
rs416728	6.89	0.113	AT/CA	1	0.237	NA	NA	NA
rs62379216	6.91	0.111	AG/CA	1	0.00124	NA	NA	NA
rs427457	7	0.978	AC/CT	1	1.28e-08	1	0.0231231317713732	0.524225675483177
rs17459453	8.76	0.111	AC/CT	1	0.000578	NA	NA	NA
rs625826	9.82	0.111	AG/CA	1	0.334	NA	NA	NA
rs624896	10.1	0.256	AA/CG	1	7.81e-06	NA	NA	NA
rs624034	10.2	0.961	AC/CT	1	8.89e-09	1	0.0329536257608643	0.24834683880443
rs11241282	11.1	0.945	AG/CT	1	2.55e-08	1	0.0118409071477032	0.801357280914601
rs2559998	11.4	0.551	AT/CG	1	1.67e-06	1	0.000208231118440152	0.989060162761361
rs1364939	11.9	0.295	AC/CA	1	0.126	NA	NA	NA
rs1364940	12	0.297	AA/CT	1	0.142	NA	NA	NA
rs13171046	12.1	0.111	AT/CA	1	0.294	NA	NA	NA
rs985525	12.3	0.299	AA/CG	1	0.132	NA	NA	NA
rs2553520	14.6	0.825	AC/CT	1	2.78e-07	1	0.00117175789386596	0.976005383835848
rs3962808	15.1	0.113	AT/CC	1	0.236	NA	NA	NA
rs2195264	15.4	0.113	AA/CT	1	0.253	NA	NA	NA
rs605892	18.1	0.919	AC/CT	1	4.53e-08	1	0.00678142849347416	0.880572927647738
rs619754	18.9	0.534	AC/CT	1	1.1e-06	1	0.000311123319651894	0.983473104569965
rs664321	18.9	0.534	AC/CT	1	1.26e-06	1	0.000273015648086984	0.9849032310166
rs1834398	19	0.534	AT/CC	1	1.19e-06	1	0.000288448721631088	0.984352964979063
rs633531	19.3	0.919	AC/CT	1	3.51e-08	1	0.00868468504956258	0.866861713774399
rs433009	20	0.107	AG/CA	1	0.222	NA	NA	NA
rs1863312	20.3	0.929	AC/CT	1	1.86e-08	1	0.016084294461175	0.745764614917653
rs647362	20.3	0.929	AC/CG	1	1.92e-08	1	0.0155960278862495	0.761360642803902
rs660001	20.6	0.939	AA/CG	1	1.53e-08	1	0.0194436086779301	0.623884593052423
rs3857432	20.8	0.538	AC/CT	1	1.86e-06	0	0.000187747785016653	0.990617790423889
rs76252934	21.7	0.919	AC/CT	1	3.28e-08	1	0.00927478032877947	0.831601948088219
rs139790856	23.3	0.185	AG/CC	1	0.0737	NA	NA	NA
rs148900502	23.9	0.54	AT/CG	1	2.03e-06	0	0.000172617394325563	0.991688663976911
rs141949245	24.5	0.232	AG/CA	1	1.09e-05	NA	NA	NA
rs430198	24.5	0.929	AC/CT	1	2.08e-08	1	0.0144299305605939	0.775790573364496
rs397787	25.1	0.929	AT/CC	1	1.84e-08	1	0.0162540279315857	0.729680320456478
rs663338	25.7	0.945	AT/CC	1	7.35e-09	1	0.0396487393257293	0.144055942271303
rs428202	26.2	0.95	AA/CG	1	9.31e-09	1	0.0315075139094553	0.344355130344621
rs1834397	27.6	0.939	AG/CA	1	1.46e-08	1	0.0203485168391669	0.564922709161511
rs392585	28	0.95	AA/CG	1	8.24e-09	1	0.035478202275141	0.215393213043566
rs860815	28.2	0.939	AA/CG	1	1.54e-08	1	0.0193209626137985	0.643205555666221
rs1834396	28.2	0.939	AC/CA	1	1.49e-08	1	0.0199504286614678	0.584873137822979
rs1425542	28.3	0.939	AC/CT	1	1.52e-08	1	0.0195678465515141	0.604440984374493
rs405362	28.9	0.536	AG/CC	1	7.64e-07	1	0.00044192296443721	0.977854531128281
rs406204	29.2	0.939	AT/CC	1	1.24e-08	1	0.023847543516978	0.477440391153068
rs398214	29.2	0.109	AA/CT	1	0.236	NA	NA	NA
rs412806	29.4	0.109	AA/CC	1	0.24	NA	NA	NA
rs418939	30	0.536	AC/CT	1	8.87e-07	1	0.000382743597899903	0.981092791858733
rs454959	30.4	0.255	AG/CA	1	0.291	NA	NA	NA
rs2245999	30.8	0.919	AC/CT	1	3.36e-08	1	0.00906049687169885	0.840662444959918
rs1593364	31	0.262	AA/CC	1	0.173	NA	NA	NA
rs453453	31.1	0.919	AA/CC	1	2.78e-08	1	0.0108890667332592	0.812246347647861
rs389717	31.5	0.107	AA/CT	1	0.398	NA	NA	NA
rs78917517	32.1	0.144	AT/CC	1	0.113	NA	NA	NA
rs380197	32.7	0.536	AG/CA	1	1e-06	1	0.000341013322953766	0.982511243271097
rs116593807	34	0.118	AT/CA	1	0.208	NA	NA	NA
rs369301	34.3	0.536	AT/CA	1	8.4e-07	1	0.000403345350225868	0.979527698805209
rs403095	34.3	0.536	AC/CT	1	8.67e-07	1	0.000391241952233115	0.980321824214418
rs423211	34.6	0.266	AG/CA	1	0.167	NA	NA	NA
rs405175	34.8	0.266	AG/CC	1	0.164	NA	NA	NA
rs368215	34.8	0.536	AC/CA	1	7.62e-07	1	0.000443040255571012	0.977412608163844
rs415875	35	0.95	AA/CG	1	6.82e-09	1	0.0426420913837905	0.104407202945574
rs422108	35.7	0.939	AT/CA	1	1.09e-08	1	0.0270306704685289	0.429556939298055
rs449359	35.7	0.113	AT/CC	1	0.908	NA	NA	NA
rs368059	36.8	0.267	AG/CA	1	0.167	NA	NA	NA
rs388315	37.4	0.536	AG/CA	1	9.7e-07	1	0.000351160193594538	0.981824219115472
rs375304	37.8	0.536	AG/CA	1	8.41e-07	1	0.000402883456975632	0.979930582262185
rs439678	37.9	0.108	AA/CG	1	0.335	NA	NA	NA
rs388032	38.2	0.536	AG/CA	1	8.74e-07	1	0.000388224046414657	0.980710048260833
rs369044	38.3	0.534	AG/CC	1	8.93e-07	1	0.000380267063144869	0.981473058921877
rs434095	38.8	0.536	AT/CA	1	1.18e-06	1	0.000290800237119822	0.984064516257432
rs7736264	39.3	0.271	AT/CA	1	0.0263	NA	NA	NA
rs2194872	39.7	0.536	AT/CG	1	6.55e-07	1	0.000512576714907051	0.976517960550755
rs611465	40.3	0.539	AT/CC	1	8.16e-07	1	0.000414764498877727	0.979124353454983
rs612461	40.5	0.539	AC/CT	1	7.47e-07	1	0.000451607357517943	0.976969567908273
rs398495	40.7	0.539	AG/CA	1	7.76e-07	1	0.000435338128521384	0.978289869256803
rs396964	40.8	0.539	AA/CT	1	8.06e-07	1	0.000419719699303115	0.978709588956106
rs391803	41.4	0.109	AA/CG	1	0.221	NA	NA	NA
rs392057	41.5	0.539	AT/CG	1	1.05e-06	1	0.000325368989608007	0.982836612260705
rs396439	41.6	0.295	AC/CT	1	0.135	NA	NA	NA
rs637916	41.7	0.295	AT/CG	1	0.149	NA	NA	NA
rs439582	44.1	0.266	AC/CT	1	0.193	NA	NA	NA
rs1820636	44.3	0.104	AA/CT	1	0.000719	NA	NA	NA
rs415724	44.9	0.297	AG/CC	1	0.171	NA	NA	NA
rs414517	45	0.944	AA/CC	1	1.23e-08	1	0.0240359083380354	0.45359284763609
rs433966	45.2	0.287	AG/CA	1	0.311	NA	NA	NA
rs680527	47	0.255	AT/CC	1	0.34	NA	NA	NA
rs665598	48	0.518	AC/CT	1	7.59e-06	0	4.87687730511003e-05	0.999856772550902
rs601135	49.3	0.541	AT/CG	1	2.06e-06	0	0.000170202036667742	0.991858866013578
rs427420	51.6	0.541	AG/CC	1	1.28e-06	1	0.000268910953713013	0.9854451576184
rs444800	51.9	0.541	AG/CC	1	1.24e-06	1	0.000277250389449787	0.984630215368513
rs454540	52.5	0.541	AA/CC	1	1.34e-06	1	0.000257319552069822	0.985967407540973
rs406413	52.6	0.939	AT/CA	1	1.25e-08	1	0.0236621525587355	0.501102543711804
rs370588	53.1	0.541	AA/CT	1	1.26e-06	1	0.000273015648086984	0.985176246664687
rs453308	55.1	0.106	AG/CA	1	0.214	NA	NA	NA
rs441309	55.2	0.266	AG/CA	1	0.224	NA	NA	NA
rs395930	55.5	0.541	AC/CT	1	1.53e-06	1	0.000226515576105566	0.987139574733043
rs383367	58.7	0.543	AG/CA	1	1.54e-06	1	0.000225101308310434	0.987364676041353
rs652850	59.1	0.543	AA/CT	1	1.52e-06	1	0.000227948119323923	0.986686543580832
rs643898	59.9	0.543	AG/CA	1	1.64e-06	1	0.000211891031986893	0.988222372838791
rs643456	60	0.541	AC/CG	1	1.48e-06	1	0.000233868368465003	0.986458595461508
rs694107	60.9	0.261	AG/CA	1	0.371	NA	NA	NA
rs1593362	61.1	0.543	AC/CT	1	1.76e-06	1	0.000197987113431269	0.989859858087097
rs666541	62.4	0.262	AG/CC	1	0.215	NA	NA	NA
rs666560	62.4	0.543	AC/CT	1	1.61e-06	1	0.000215684856274113	0.987797341406602
rs1834392	62.5	0.261	AG/CC	1	0.214	NA	NA	NA
rs12652748	63.1	0.543	AG/CA	1	1.53e-06	1	0.000226515576105566	0.986913059156937
rs3096548	64.7	0.107	AA/CG	1	0.245	NA	NA	NA
rs411885	65.4	0.539	AC/CT	1	1.34e-06	1	0.000257319552069822	0.986224727093043
rs419457	66.1	0.236	AT/CC	1	6.21e-06	NA	NA	NA
rs374346	66.1	0.469	AG/CA	1	1.07e-05	0	3.51264947471696e-05	0.999891899045649
rs1816165	66.8	0.929	AC/CT	1	1.81e-08	1	0.0165155639180193	0.713426292524892
rs2553498	67.1	0.929	AA/CG	1	1.62e-08	1	0.0183935916395499	0.680216004320812
rs625885	67.2	0.929	AA/CT	1	1.6e-08	1	0.0186168570150407	0.661822412681262
rs403133	68.5	0.534	AG/CA	1	1.14e-06	1	0.000300611450347451	0.983773716020312
rs421243	68.6	0.929	AT/CG	1	1.46e-08	1	0.0203485168391669	0.544574192322344
rs373386	68.6	0.541	AC/CG	1	1.3e-06	1	0.000264930370503333	0.985710087988903
rs863399	70	0.108	AC/CA	1	0.283	NA	NA	NA
rs2553493	70.2	0.543	AC/CT	1	1.74e-06	1	0.000200173605231652	0.989463883860234
rs382784	70.9	0.541	AT/CC	1	1.64e-06	1	0.000211891031986893	0.988434263870778
rs408518	71.3	0.543	AA/CG	1	2e-06	0	0.000175103878308502	0.991516046582585
rs445745	72.7	0.267	AT/CG	1	0.272	NA	NA	NA
rs445272	72.9	0.267	AT/CC	1	0.268	NA	NA	NA
rs419251	73.8	0.543	AC/CT	1	2.31e-06	0	0.000152472822857525	0.993608631540579
rs416155	76.4	0.541	AA/CG	1	2.44e-06	0	0.000144665034859787	0.99478878514087
rs395313	76.7	0.939	AA/CC	1	1.79e-08	1	0.016694724286061	0.696910728606873
rs390405	77.4	0.539	AT/CA	1	1.6e-06	1	0.00021698050897426	0.987581656550327
rs433405	77.5	0.924	AC/CT	1	4.43e-08	1	0.00692978537986541	0.873791499154264
rs414194	78.1	0.268	AA/CG	1	0.148	NA	NA	NA
rs408062	79.2	0.924	AT/CA	1	5e-08	1	0.00616258001952894	0.886735507667267
rs422385	79.4	0.541	AC/CG	1	1.71e-06	1	0.000203547493642175	0.989263710255003
rs441925	79.6	0.539	AT/CC	1	1.05e-06	1	0.000325368989608007	0.983161981250313
rs384310	80.2	0.543	AG/CA	1	1.91e-06	0	0.000183023194545486	0.990800813618435
rs590658	80.5	0.261	AT/CC	1	0.243	NA	NA	NA
rs694788	81	0.264	AC/CT	1	0.265	NA	NA	NA
rs674588	82.3	0.538	AC/CT	1	2.51e-06	0	0.000140789903445417	0.995358513055306
rs661082	82.6	0.539	AC/CA	1	1.66e-06	1	0.000209436653702235	0.98864370052448
rs431598	83.5	0.536	AC/CT	1	2.26e-06	0	0.000155710468500821	0.993147997683034
rs440399	83.9	0.536	AG/CT	1	1.94e-06	0	0.00018030326479445	0.991164140077775
rs402641	84.3	0.539	AA/CC	1	2.9e-06	0	0.000122567565906385	0.997860856613312
rs399270	84.5	0.107	AC/CA	1	0.235	NA	NA	NA
rs427446	84.6	0.539	AC/CT	1	2.48e-06	0	0.000142424379740324	0.995217723151861
rs367394	84.6	0.928	AA/CC	1	3.48e-08	1	0.00875729188245921	0.849419736842377
rs375978	84.7	0.107	AA/CT	1	0.234	NA	NA	NA
rs377020	85.1	0.539	AC/CT	1	3.06e-06	0	0.000116412488960328	0.998934294837504
rs7717990	85.6	0.539	AG/CA	1	2.3e-06	0	0.000153109295843818	0.993456158717721
rs694016	86	0.539	AA/CC	1	2.36e-06	0	0.000149369905835351	0.993907981565351
rs403336	86.5	0.539	AC/CT	1	2.39e-06	0	0.000147569348153775	0.99420492081934
rs425163	87	0.539	AT/CC	1	2.15e-06	0	0.000163353281071631	0.992356421863985
rs2553524	87.1	0.539	AA/CG	1	2.21e-06	0	0.000159091876109114	0.992678867021165
rs140580313	89.6	0.939	AA/CG	1	2.19e-08	1	0.0137258004024019	0.789516373766898
rs423278	91.4	0.539	AA/CC	1	2.27e-06	0	0.00015505173884349	0.993303049421877
rs391735	91.5	0.541	AC/CT	1	2.25e-06	0	0.000156374945989383	0.992992287214533
rs13157055	92.1	0.541	AA/CC	1	2.52e-06	0	0.000140253567787513	0.995498766623093
rs375235	93.3	0.95	AA/CG	1	9.16e-09	1	0.0320089584238408	0.312847616435166
rs410981	93.4	0.541	AA/CG	1	2.47e-06	0	0.000142977864749292	0.99507529877212
rs400306	93.5	0.541	AT/CA	1	1.91e-06	0	0.000183023194545486	0.99098383681298
rs383618	93.6	0.541	AT/CC	1	2.62e-06	0	0.000135111347422506	0.996189111379219
rs391027	95	0.542	AC/CT	1	2.53e-06	0	0.000139721394110883	0.995778209411315
rs405321	95.7	0.542	AA/CG	1	3.02e-06	0	0.000117891245304791	0.998700364384116
rs387390	95.9	0.91	AG/CT	1	6.53e-08	1	0.00475784211273261	0.896396758969031
rs373851	96.4	0.542	AG/CA	1	2.62e-06	0	0.000135111347422506	0.996324222726641
rs397951	97.7	0.925	AA/CC	1	3.48e-08	1	0.00875729188245921	0.858177028724836
rs376433	98.2	0.542	AT/CC	1	3.03e-06	0	0.000117517964427687	0.998817882348544
rs394059	99	0.538	AC/CT	1	2.12e-06	0	0.000165572758848011	0.992193068582913
rs381672	99.2	0.54	AA/CG	1	1.86e-06	0	0.000187747785016653	0.990430042638873
rs687573	99.3	0.54	AG/CA	1	1.98e-06	0	0.000176802626501836	0.991340942704277
rs114512133	100	0.14	AT/CG	1	0.12	NA	NA	NA
rs442699	101	0.542	AG/CA	1	2.15e-06	0	0.000163353281071631	0.992519775145056
rs436168	101	0.542	AC/CG	1	1.81e-06	1	0.000192728567648823	0.990052586654746
rs2559994	101	0.542	AA/CG	1	2.24e-06	0	0.000157045247378257	0.992835912268544
rs2681513	101	0.293	AC/CT	1	0.203	NA	NA	NA
rs676857	102	0.945	AC/CG	1	9.66e-09	1	0.0303972629603283	0.37475239330495
rs2681516	105	0.54	AA/CT	1	1.67e-06	1	0.000208231118440152	0.98885193164292
rs615489	105	0.54	AC/CG	1	2.41e-06	0	0.00014639342754852	0.994498883595042
rs2553474	105	0.54	AA/CC	1	2.53e-06	0	0.000139721394110883	0.995638488017204
rs2553475	106	0.54	AC/CT	1	2.08e-06	0	0.000168629810486583	0.992027495824065
rs2681518	107	0.54	AC/CA	1	1.84e-06	0	0.000189708199110348	0.990242294853856
rs2681519	107	0.54	AG/CA	1	1.76e-06	1	0.000197987113431269	0.989661870973666
rs35591236	107	0.54	AG/CT	1	2.36e-06	0	0.000149369905835351	0.994057351471186
rs72803674	108	0.404	AA/CG	1	9.85e-07	1	0.000346010832670896	0.982170229948143
rs1820383	109	0.538	AC/CT	1	1.63e-06	1	0.000213140400202653	0.988010481806804
rs1582705	109	0.538	AG/CA	1	2.39e-06	0	0.000147569348153775	0.994352490167494
rs1425549	110	0.245	AC/CT	1	6.15e-06	NA	NA	NA
rs631909	110	0.666	AC/CT	1	0.00678	0	8.48416308751116e-08	0.999999944250342
rs618550	111	0.532	AG/CA	1	2.43e-06	0	0.000145236510967453	0.99464412010601
rs686349	111	0.536	AT/CC	1	2.35e-06	0	0.000149980118936883	0.993758611659516
rs617630	111	0.532	AT/CA	1	2.63e-06	0	0.00013461824171209	0.996458840968353
rs283785	111	0.532	AG/CC	1	2.68e-06	0	0.000132206904718908	0.996725176675933
rs283784	112	0.532	AC/CT	1	2.82e-06	0	0.000125901967975805	0.997369769794381
rs283783	112	0.538	AG/CA	1	2.58e-06	0	0.000137121281337725	0.996054000031796
rs283781	114	0.542	AC/CA	1	2.46e-06	0	0.000143535766501347	0.994932320907371
rs176115	115	0.107	AC/CT	1	0.23	NA	NA	NA
rs1425548	115	0.52	AG/CC	1	1.81e-05	0	2.12760243848505e-05	0.999934908940532
rs283780	115	0.536	AG/CA	1	2.78e-06	0	0.000127639772447002	0.997243867826405
rs1425547	116	0.536	AA/CT	1	3.01e-06	0	0.000118266960005248	0.998464581893507
rs185859	116	0.536	AA/CT	1	2.94e-06	0	0.000120967170592555	0.998225347762909
rs184016	116	0.536	AT/CC	1	2.94e-06	0	0.000120967170592555	0.998346314933501
rs166904	116	0.536	AC/CG	1	2.9e-06	0	0.000122567565906385	0.9976157214815
rs176114	116	0.536	AG/CA	1	2.9e-06	0	0.000122567565906385	0.997738289047406
rs283778	117	0.536	AT/CG	1	2.92e-06	0	0.000121761989501937	0.998104380592316
rs2553492	118	0.534	AG/CC	1	2.55e-06	0	0.000138669339143236	0.995916878750458
rs1834399	118	0.536	AA/CC	1	2.92e-06	0	0.000121761989501937	0.997982618602814
rs2553491	118	0.536	AT/CC	1	2.72e-06	0	0.000130340502012811	0.996987252374848
rs2681523	118	0.536	AC/CT	1	3.02e-06	0	0.000117891245304791	0.998582473138811
rs1589298	119	0.107	AA/CG	1	0.219	NA	NA	NA
rs2553490	119	0.536	AT/CC	1	3.11e-06	0	0.000114616550833373	0.999048911388338
rs1589297	119	0.152	AA/CG	1	0.194	NA	NA	NA
rs2553489	119	0.482	AT/CC	1	3.29e-06	0	0.000108595048649385	0.999267059747271
rs2162111	119	0.536	AA/CG	1	3.82e-06	0	9.41053102710539e-05	0.999361165057543
rs2113999	119	0.536	AT/CA	1	3.87e-06	0	9.29395650752698e-05	0.999547740061107
rs2113998	119	0.107	AT/CC	1	0.227	NA	NA	NA
rs1364933	120	0.536	AG/CA	1	3.84e-06	0	9.36354384892958e-05	0.999454800496032
rs1425546	121	0.536	AT/CC	1	2.69e-06	0	0.00013173519690284	0.996856911872835
rs1425545	121	0.536	AT/CC	1	2.64e-06	0	0.000134128802860268	0.996592969771214
rs1520253	121	0.107	AA/CG	1	0.208	NA	NA	NA
rs2176834	121	0.536	AT/CC	1	3.26e-06	0	0.000109553310284498	0.999158464698622
rs2553486	121	0.107	AT/CC	1	0.21	NA	NA	NA
rs2553485	123	0.145	AC/CT	1	0.128	NA	NA	NA
rs1520252	124	0.107	AT/CC	1	0.267	NA	NA	NA
rs1364932	125	0.48	AG/CA	1	2.75e-06	0	0.000128975679109863	0.997116228053958
rs975747	125	0.18	AC/CT	1	0.15	NA	NA	NA
rs2553484	129	0.767	AA/CC	1	6.33e-08	1	0.00490340918903116	0.891638916856298
rs71579462	132	0.838	AG/CA	1	1.05e-07	1	0.00300378264118242	0.95504119124894
rs2217018	132	0.838	AT/CA	1	9.61e-08	1	0.00327266276904041	0.942680268203112
rs993270	132	0.843	AT/CC	1	1.02e-07	1	0.00308925168161438	0.952037408607757
rs2553482	133	0.843	AC/CT	1	8.96e-08	1	0.00350224370529861	0.939407605434071
rs2553481	133	0.838	AT/CC	1	7.66e-08	1	0.00407632684510766	0.913519143190601
rs2553480	133	0.838	AA/CG	1	8.14e-08	1	0.00384332445089287	0.925264308159887
rs1820381	134	0.834	AT/CC	1	6.67e-08	1	0.00466106515020645	0.901057824119238
rs1820380	134	0.838	AA/CG	1	8.83e-08	1	0.00355215343760255	0.932376422230381
rs2553477	134	0.496	AG/CA	1	2.88e-06	0	0.000123384121212466	0.997493153915593
rs2553476	134	0.148	AA/CG	1	0.429	NA	NA	NA
rs7725341	135	0.832	AG/CC	1	8.09e-08	1	0.00386632425959452	0.921420983708995
rs2553522	135	0.828	AC/CG	1	1.72e-07	1	0.00186349533539729	0.971381824207994
rs2553521	135	0.837	AA/CG	1	8.89e-08	1	0.00352893949839206	0.935905361728773
rs2681529	136	0.794	AC/CT	1	1.37e-07	1	0.00232210834638172	0.965447560052889
rs992418	136	0.148	AT/CC	1	0.272	NA	NA	NA
rs992417	136	0.826	AA/CG	1	1.32e-07	1	0.00240714298927098	0.963125451706508
rs283777	138	0.82	AA/CC	1	7.27e-08	1	0.0042879435221269	0.905345767641365
rs2681530	138	0.82	AT/CC	1	1.57e-07	1	0.00203538440985381	0.967482944462743
rs2681531	138	0.82	AA/CG	1	1.57e-07	1	0.00203538440985381	0.969518328872597
rs283776	139	0.82	AT/CC	1	7.74e-08	1	0.00403551625879932	0.9175546594494
rs283775	139	0.81	AC/CG	1	1e-07	1	0.0031490362706651	0.945829304473777
rs283774	139	0.816	AA/CG	1	8.81e-08	1	0.0035599606328906	0.928824268792778
rs1364931	140	0.488	AT/CG	1	3.93e-06	0	9.15790921331022e-05	0.99963931915324
rs169534	140	0.811	AA/CG	1	1.94e-07	1	0.00165880650426872	0.974833625941982
rs176113	140	0.811	AA/CG	1	1.79e-07	1	0.00179299522971902	0.973174819437713
rs17669543	142	0.806	AA/CG	1	1.07e-07	1	0.00294942671495344	0.957990617963893
rs1402025	142	0.818	AC/CT	1	1.01e-07	1	0.00311885245236601	0.948948156926143
rs12514965	143	0.765	AC/CT	1	1.16e-07	1	0.00272769075334361	0.960718308717237
rs7734063	146	0.834	AG/CA	1	1.06e-08	1	0.0277738755245766	0.402526268829526
rs285888	147	0.228	AA/CG	1	0.00746	NA	NA	NA
rs285890	148	0.223	AC/CT	1	0.00758	NA	NA	NA
rs285891	148	0.229	AC/CT	1	0.00761	NA	NA	NA
rs285892	149	0.795	AC/CT	1	3.01e-08	1	0.010080820111579	0.822327167759439
rs285893	150	0.807	AC/CG	1	7.62e-08	1	0.00409704870412859	0.909442816345493
rs287637	158	0.183	AA/CT	1	0.00997	NA	NA	NA
rs287639	160	0.499	AG/CT	1	8.5e-05	0	4.90230745331673e-06	0.999986333098706
rs575762	167	0.165	AT/CA	1	0.0172	NA	NA	NA
rs13165806	168	0.165	AC/CT	1	0.0164	NA	NA	NA
rs494681	168	0.175	AG/CA	1	0.0079	NA	NA	NA
rs594934	169	0.165	AG/CA	1	0.0165	NA	NA	NA
rs11241287	169	0.518	AC/CT	1	2.63e-05	0	1.49081791909278e-05	0.999949817119723
rs287667	171	0.411	AC/CT	1	6.88e-05	0	5.98730814990011e-06	0.999981430791253
rs116252606	175	0.118	AC/CG	1	0.142	NA	NA	NA
rs285900	175	0.548	AC/CG	1	6.9e-06	0	5.3422866715447e-05	0.999808003777851
rs285899	176	0.533	AC/CT	1	1.77e-05	0	2.17338704982056e-05	0.999913632916147
rs285898	176	0.133	AC/CA	1	0.00226	NA	NA	NA
rs158241	182	0.185	AA/CG	1	0.00813	NA	NA	NA
rs285911	182	0.546	AG/CC	1	6.81e-06	0	5.40980157567593e-05	0.999754580911135
rs158242	183	0.135	AA/CC	1	0.00734	NA	NA	NA
rs285910	184	0.182	AC/CA	1	0.00515	NA	NA	NA
rs285907	185	0.133	AG/CA	1	0.00835	NA	NA	NA
rs285905	186	0.542	AT/CC	1	5.99e-06	0	6.11637421382488e-05	0.999700482895378
rs285904	186	0.186	AG/CA	1	0.00794	NA	NA	NA
rs79348076	187	0.201	AA/CG	1	0.0357	NA	NA	NA
rs287670	192	0.177	AA/CC	1	0.015	NA	NA	NA
rs285887	197	0.173	AT/CA	1	0.0203	NA	NA	NA
rs285886	197	0.182	AA/CT	1	0.0116	NA	NA	NA
rs285885	198	0.172	AC/CT	1	0.0198	NA	NA	NA
rs285883	200	0.172	AG/CT	1	0.0226	NA	NA	NA
rs285880	201	0.128	AC/CA	1	0.0331	NA	NA	NA
rs285879	202	0.172	AC/CT	1	0.019	NA	NA	NA
rs285878	203	0.141	AT/CC	1	0.0318	NA	NA	NA
rs157979	205	0.487	AG/CT	1	5.67e-05	0	7.19048539332158e-06	0.999968886481925
rs287684	209	0.288	AC/CT	1	0.000286	NA	NA	NA
rs12520024	212	0.513	AC/CA	1	3.34e-05	0	1.18788768091069e-05	0.999961695996532
rs287657	212	0.398	AT/CA	1	2.09e-05	NA	NA	NA
rs2059059	212	0.101	AA/CT	1	0.127	NA	NA	NA
rs285876	213	0.369	AG/CT	1	0.000375	NA	NA	NA
rs18477	223	0.282	AG/CA	1	0.000278	NA	NA	NA
rs287655	227	0.295	AG/CA	1	7.41e-05	NA	NA	NA
rs287656	229	0.298	AG/CT	1	3.86e-05	NA	NA	NA
rs34312	230	0.101	AG/CA	1	0.0711	NA	NA	NA
rs10036096	236	0.142	AC/CA	1	0.109	NA	NA	NA
rs158359	237	0.472	AC/CT	1	0.000128	0	3.33129890794003e-06	0.999989664397614
rs466543	243	0.461	AT/CA	1	0.000372	0	1.22357346942653e-06	0.999992304907583
rs34314	244	0.461	AT/CG	1	0.000468	0	9.87455445466377e-07	0.999996619581569
rs34315	245	0.463	AA/CG	1	0.000421	0	1.08998221202462e-06	0.999995632126124
rs158362	248	0.295	AT/CG	1	0.00172	NA	NA	NA
rs201091982	248	0.12	AC/CA	1	0.255	NA	NA	NA
rs158363	249	0.305	AG/CA	1	0.00291	NA	NA	NA
rs166143	250	0.466	AG/CC	1	0.000406	0	1.1275485903853e-06	0.999993432456173
rs433750	251	0.298	AT/CG	1	0.00133	NA	NA	NA
rs252010	251	0.134	AG/CA	1	0.0015	NA	NA	NA
rs252011	252	0.309	AG/CT	1	0.00259	NA	NA	NA
rs252012	253	0.414	AA/CG	1	6.25e-05	0	6.5570011774625e-06	0.999975443483103
rs252013	253	0.465	AT/CC	1	0.000696	0	6.82363467932147e-07	0.999998861486224
rs252014	253	0.145	AG/CA	1	0.0019	NA	NA	NA
rs153112	255	0.462	AT/CC	1	0.000318	0	1.41693649930622e-06	0.999991081334113
rs181863	256	0.3	AT/CC	1	0.00158	NA	NA	NA
rs252016	257	0.454	AA/CG	1	0.000599	0	7.84584747074116e-07	0.999997404166317
rs463926	258	0.302	AC/CT	1	0.00117	NA	NA	NA
rs657982	259	0.463	AT/CC	1	0.000413	0	1.10968773890361e-06	0.999994542143912
rs252017	260	0.469	AT/CA	1	0.000857	0	5.62494155093129e-07	0.999999423980379
rs289025	263	0.143	AC/CT	1	0.0017	NA	NA	NA
rs289026	263	0.145	AT/CC	1	0.00154	NA	NA	NA
rs289027	263	0.464	AA/CG	1	0.00113	0	4.35428331185238e-07	0.999999859408711
rs10214160	264	0.297	AC/CT	1	0.00351	NA	NA	NA
rs289028	267	0.294	AA/CC	1	0.00126	NA	NA	NA
rs289029	269	0.47	AA/CC	1	0.000607	0	7.74956439875019e-07	0.999998179122756
rs289030	273	0.149	AG/CA	1	0.00186	NA	NA	NA
rs289031	275	0.362	AG/CA	1	0.0149	NA	NA	NA
rs289032	275	0.378	AA/CG	1	0.00242	NA	NA	NA
rs289033	275	0.38	AA/CG	1	0.00207	NA	NA	NA
rs289034	276	0.391	AT/CC	1	0.00256	NA	NA	NA
rs533439	279	0.111	AC/CA	1	0.00423	NA	NA	NA
rs536046	279	0.113	AA/CG	1	0.00488	NA	NA	NA
rs558051	280	0.119	AC/CT	1	0.00357	NA	NA	NA
rs524041	281	0.117	AC/CT	1	0.00487	NA	NA	NA
rs523070	281	0.117	AC/CT	1	0.00477	NA	NA	NA
rs508296	282	0.117	AC/CT	1	0.00612	NA	NA	NA
rs515652	282	0.103	AA/CG	1	0.00298	NA	NA	NA
rs577549	282	0.117	AC/CT	1	0.00523	NA	NA	NA
rs577514	282	0.117	AT/CC	1	0.00519	NA	NA	NA
rs573089	283	0.117	AC/CT	1	0.0051	NA	NA	NA
rs543025	283	0.117	AG/CC	1	0.0052	NA	NA	NA
rs571223	283	0.117	AT/CA	1	0.0056	NA	NA	NA
rs544834	283	0.117	AC/CT	1	0.00559	NA	NA	NA
rs545683	283	0.117	AG/CA	1	0.00529	NA	NA	NA
rs569383	283	0.117	AA/CC	1	0.00581	NA	NA	NA
rs493923	284	0.117	AA/CG	1	0.00518	NA	NA	NA
rs497706	284	0.204	AG/CT	1	0.000295	NA	NA	NA
rs2247497	284	0.242	AG/CA	1	0.0343	NA	NA	NA
rs1382784	285	0.23	AC/CT	1	0.033	NA	NA	NA
rs62379385	287	0.119	AG/CA	1	0.00516	NA	NA	NA
rs17367096	287	0.245	AC/CG	1	0.0284	NA	NA	NA
rs10041078	287	0.245	AG/CA	1	0.0292	NA	NA	NA
rs10074471	288	0.378	AT/CC	1	0.0112	NA	NA	NA
rs10066805	288	0.119	AG/CC	1	0.00462	NA	NA	NA
rs11955050	288	0.314	AG/CA	1	0.0564	NA	NA	NA
rs2169955	289	0.31	AC/CT	1	0.0739	NA	NA	NA
rs11749421	291	0.112	AA/CG	1	0.00784	NA	NA	NA
rs17137130	291	0.105	AT/CC	1	0.00507	NA	NA	NA
rs6870296	293	0.366	AT/CC	1	0.0148	NA	NA	NA
rs11745694	294	0.112	AG/CA	1	0.0111	NA	NA	NA
rs1020992	294	0.366	AT/CA	1	0.0157	NA	NA	NA
rs1479345	294	0.106	AT/CC	1	0.0114	NA	NA	NA
rs1479347	296	0.366	AG/CT	1	0.0136	NA	NA	NA
rs11960220	298	0.11	AG/CC	1	0.0162	NA	NA	NA
rs58055728	300	0.11	AA/CT	1	0.0188	NA	NA	NA
rs6880258	300	0.365	AT/CG	1	0.0156	NA	NA	NA
rs62379408	302	0.104	AC/CA	1	0.0134	NA	NA	NA
rs4571462	303	0.358	AC/CG	1	0.0169	NA	NA	NA
rs11742303	306	0.104	AT/CA	1	0.0154	NA	NA	NA
rs141022235	307	0.19	AA/CG	1	0.26	NA	NA	NA
rs6862001	310	0.362	AT/CC	1	0.0182	NA	NA	NA
rs11241292	310	0.104	AG/CA	1	0.0167	NA	NA	NA
rs6891170	311	0.364	AC/CT	1	0.0232	NA	NA	NA
rs962142	313	0.366	AC/CA	1	0.0173	NA	NA	NA
rs56799118	314	0.112	AC/CA	1	0.0166	NA	NA	NA
rs1960750	315	0.368	AC/CA	1	0.0208	NA	NA	NA
rs2046018	316	0.399	AC/CG	1	0.000178	NA	NA	NA
rs1479351	318	0.234	AT/CC	1	0.023	NA	NA	NA
rs61258077	320	0.11	AC/CT	1	0.0173	NA	NA	NA
rs4444962	321	0.105	AA/CG	1	0.0174	NA	NA	NA
rs1904337	322	0.368	AG/CA	1	0.0243	NA	NA	NA
rs28454683	325	0.36	AG/CC	1	0.0147	NA	NA	NA
rs2199748	333	0.357	AT/CA	1	0.0283	NA	NA	NA
rs62379412	334	0.104	AC/CT	1	0.0196	NA	NA	NA
rs6881868	334	0.359	AC/CT	1	0.0265	NA	NA	NA
rs75272059	339	0.133	AA/CC	1	0.00594	NA	NA	NA
rs144517819	339	0.188	AA/CC	1	0.00122	NA	NA	NA
rs148399693	339	0.133	AC/CT	1	0.00734	NA	NA	NA
rs10085126	341	0.36	AC/CT	1	0.0129	NA	NA	NA
rs60016918	347	0.106	AT/CC	1	0.0141	NA	NA	NA
rs6897730	348	0.358	AA/CG	1	0.0154	NA	NA	NA
rs7724117	350	0.368	AC/CT	1	0.0201	NA	NA	NA
rs10059569	354	0.367	AG/CT	1	0.0203	NA	NA	NA
rs4705686	356	0.362	AG/CT	1	0.0211	NA	NA	NA
rs79714169	357	0.106	AG/CA	1	0.0131	NA	NA	NA
rs72809624	358	0.128	AT/CC	1	0.00799	NA	NA	NA
rs62379421	359	0.112	AG/CA	1	0.0132	NA	NA	NA
rs62379422	362	0.113	AC/CT	1	0.0141	NA	NA	NA
rs2198352	362	0.367	AT/CC	1	0.0248	NA	NA	NA
rs1453012	364	0.263	AG/CC	1	0.13	NA	NA	NA
rs7733877	365	0.236	AG/CC	1	0.0927	NA	NA	NA
rs4577683	367	0.255	AA/CT	1	0.136	NA	NA	NA
rs10063141	369	0.26	AA/CT	1	0.138	NA	NA	NA
rs13355555	369	0.255	AT/CC	1	0.13	NA	NA	NA
rs4582267	372	0.203	AC/CT	1	0.904	NA	NA	NA
rs72809628	373	0.204	AA/CG	1	0.00062	NA	NA	NA
rs4596374	376	0.217	AC/CT	1	0.102	NA	NA	NA
rs1119461	376	0.255	AA/CT	1	0.144	NA	NA	NA
rs1947383	378	0.201	AT/CC	1	0.79	NA	NA	NA
rs9326934	380	0.255	AG/CA	1	0.148	NA	NA	NA
rs10055168	382	0.255	AC/CT	1	0.138	NA	NA	NA
rs57769929	387	0.362	AG/CA	1	0.000285	NA	NA	NA
rs73261526	392	0.127	AC/CT	1	0.0537	NA	NA	NA
rs12521180	392	0.253	AT/CC	1	0.169	NA	NA	NA
rs10073239	393	0.253	AT/CG	1	0.166	NA	NA	NA
rs6594855	395	0.247	AG/CC	1	0.159	NA	NA	NA
rs2416384	396	0.255	AC/CA	1	0.132	NA	NA	NA
rs142034933	397	0.193	AG/CT	1	0.000408	NA	NA	NA
rs12521467	397	0.363	AA/CG	1	0.00027	NA	NA	NA
rs62379442	397	0.247	AT/CC	1	0.154	NA	NA	NA
rs76222091	398	0.171	AA/CG	1	0.193	NA	NA	NA
rs7716212	398	0.255	AC/CT	1	0.136	NA	NA	NA
rs4318770	400	0.253	AC/CT	1	0.137	NA	NA	NA
rs6594856	401	0.246	AT/CG	1	0.167	NA	NA	NA
rs4374751	402	0.253	AC/CT	1	0.133	NA	NA	NA
rs6889905	402	0.253	AT/CC	1	0.134	NA	NA	NA
rs6880243	404	0.246	AC/CG	1	0.184	NA	NA	NA
rs2416388	406	0.253	AG/CA	1	0.131	NA	NA	NA
rs76421573	416	0.171	AT/CC	1	0.114	NA	NA	NA
rs72809641	422	0.349	AT/CC	1	0.000135	NA	NA	NA
rs59724653	422	0.188	AT/CC	1	0.0819	NA	NA	NA
rs55670112	422	0.187	AA/CC	1	0.0678	NA	NA	NA
rs57213084	423	0.188	AG/CT	1	0.0922	NA	NA	NA
rs62379454	424	0.161	AC/CA	1	0.194	NA	NA	NA
rs55944000	424	0.162	AT/CC	1	0.192	NA	NA	NA
rs1453018	424	0.162	AG/CA	1	0.19	NA	NA	NA
rs4645325	426	0.213	AC/CG	1	0.38	NA	NA	NA
rs1453019	426	0.162	AT/CC	1	0.193	NA	NA	NA
rs4632791	427	0.161	AC/CT	1	0.199	NA	NA	NA
rs4537052	427	0.162	AG/CA	1	0.193	NA	NA	NA
rs10045183	428	0.162	AG/CA	1	0.193	NA	NA	NA
rs10045206	428	0.162	AG/CA	1	0.197	NA	NA	NA
rs10037164	429	0.161	AT/CA	1	0.184	NA	NA	NA
rs1840097	429	0.213	AG/CA	1	0.36	NA	NA	NA
rs1840098	429	0.162	AT/CC	1	0.185	NA	NA	NA
rs1453022	430	0.162	AT/CG	1	0.184	NA	NA	NA
rs1840099	430	0.162	AA/CC	1	0.185	NA	NA	NA
rs10055971	431	0.162	AA/CG	1	0.191	NA	NA	NA
rs28749248	431	0.162	AT/CC	1	0.19	NA	NA	NA
rs28536575	432	0.162	AA/CG	1	0.188	NA	NA	NA
rs4276395	432	0.212	AT/CC	1	0.362	NA	NA	NA
rs4395625	432	0.162	AA/CG	1	0.189	NA	NA	NA
rs4618419	432	0.162	AG/CC	1	0.203	NA	NA	NA
rs921596	433	0.219	AC/CT	1	0.299	NA	NA	NA
rs55970945	433	0.162	AA/CT	1	0.208	NA	NA	NA
rs4705691	435	0.166	AT/CC	1	0.513	NA	NA	NA
rs4705692	435	0.207	AA/CG	1	0.463	NA	NA	NA
rs10059249	435	0.212	AC/CT	1	0.312	NA	NA	NA
rs10035502	435	0.155	AG/CA	1	0.219	NA	NA	NA
rs11241298	437	0.159	AG/CA	1	0.228	NA	NA	NA
rs1542314	440	0.19	AG/CA	1	0.0888	NA	NA	NA
rs10478214	440	0.157	AC/CT	1	0.222	NA	NA	NA
rs6896529	441	0.172	AA/CG	1	0.981	NA	NA	NA
rs1901739	441	0.164	AT/CG	1	0.858	NA	NA	NA
rs10478215	442	0.18	AT/CA	1	0.158	NA	NA	NA
rs13175861	442	0.181	AA/CG	1	0.144	NA	NA	NA
rs3925317	443	0.173	AC/CG	1	0.0943	NA	NA	NA
rs28424064	443	0.226	AA/CC	1	0.192	NA	NA	NA
rs1453011	448	0.227	AA/CG	1	0.166	NA	NA	NA
rs10041253	455	0.227	AT/CA	1	0.141	NA	NA	NA
rs7443273	459	0.227	AT/CC	1	0.136	NA	NA	NA
rs1901740	461	0.227	AT/CC	1	0.132	NA	NA	NA
rs2123469	465	0.187	AA/CG	1	0.388	NA	NA	NA
rs995397	467	0.176	AC/CT	1	0.483	NA	NA	NA
rs13182444	468	0.227	AT/CC	1	0.133	NA	NA	NA
rs60836954	468	0.329	AA/CG	1	0.000276	NA	NA	NA
rs4705695	470	0.191	AC/CT	1	0.46	NA	NA	NA
rs995339	470	0.18	AG/CT	1	0.451	NA	NA	NA
rs1453025	472	0.208	AA/CG	1	0.124	NA	NA	NA
rs72809657	476	0.145	AA/CG	1	0.00353	NA	NA	NA
rs7701456	478	0.227	AT/CC	1	0.152	NA	NA	NA
rs1453027	479	0.213	AT/CG	1	0.156	NA	NA	NA
rs11954634	489	0.189	AT/CC	1	0.513	NA	NA	NA
rs11749106	499	0.195	AC/CT	1	0.312	NA	NA	NA
rs10057410	502	0.189	AA/CG	1	0.331	NA	NA	NA
rs74365408	502	0.161	AT/CG	1	0.512	NA	NA	NA
rs10056728	505	0.189	AT/CC	1	0.337	NA	NA	NA
rs6859818	505	0.189	AT/CG	1	0.355	NA	NA	NA
rs4499823	507	0.189	AG/CC	1	0.359	NA	NA	NA
rs4705696	508	0.195	AC/CA	1	0.32	NA	NA	NA
rs11750084	510	0.195	AA/CG	1	0.376	NA	NA	NA
rs4705698	512	0.189	AA/CC	1	0.401	NA	NA	NA
rs4626327	513	0.197	AG/CA	1	0.343	NA	NA	NA
rs4624787	513	0.197	AT/CC	1	0.349	NA	NA	NA
rs7442670	514	0.197	AC/CT	1	0.352	NA	NA	NA
rs4705699	515	0.197	AT/CA	1	0.351	NA	NA	NA
rs4554206	516	0.192	AT/CC	1	0.369	NA	NA	NA
rs6877168	517	0.191	AC/CT	1	0.368	NA	NA	NA
rs6869551	519	0.19	AT/CC	1	0.41	NA	NA	NA
rs6594859	520	0.19	AT/CC	1	0.452	NA	NA	NA
rs35225894	520	0.196	AG/CA	1	0.527	NA	NA	NA
rs10039629	522	0.189	AG/CT	1	0.55	NA	NA	NA
rs10477526	523	0.195	AC/CG	1	0.54	NA	NA	NA
rs4286654	523	0.189	AT/CC	1	0.518	NA	NA	NA
rs4131436	524	0.189	AG/CT	1	0.535	NA	NA	NA
rs4131437	524	0.189	AA/CG	1	0.536	NA	NA	NA
rs11949268	524	0.189	AA/CG	1	0.512	NA	NA	NA
rs13360458	526	0.212	AC/CT	1	0.261	NA	NA	NA
rs7723727	526	0.212	AT/CA	1	0.262	NA	NA	NA
rs7704089	527	0.212	AC/CT	1	0.253	NA	NA	NA
rs4447977	527	0.212	AG/CT	1	0.247	NA	NA	NA
rs4342324	527	0.212	AA/CT	1	0.244	NA	NA	NA
rs6870316	529	0.212	AT/CC	1	0.265	NA	NA	NA
rs4475250	530	0.164	AG/CA	1	0.115	NA	NA	NA
rs4421092	531	0.162	AC/CT	1	0.128	NA	NA	NA
rs10076724	534	0.212	AG/CC	1	0.255	NA	NA	NA
rs10054640	534	0.212	AT/CC	1	0.247	NA	NA	NA
rs4610452	535	0.212	AC/CG	1	0.253	NA	NA	NA
rs4487481	535	0.212	AT/CC	1	0.254	NA	NA	NA
rs4235761	536	0.212	AT/CC	1	0.264	NA	NA	NA
rs4235762	536	0.212	AA/CC	1	0.265	NA	NA	NA
rs4235763	536	0.212	AT/CC	1	0.263	NA	NA	NA
rs4382158	538	0.21	AT/CC	1	0.241	NA	NA	NA
rs4312873	538	0.21	AA/CG	1	0.248	NA	NA	NA
rs11241305	538	0.21	AA/CC	1	0.246	NA	NA	NA
rs4235764	540	0.21	AA/CG	1	0.241	NA	NA	NA
rs4235765	540	0.21	AC/CT	1	0.241	NA	NA	NA
rs4073838	540	0.21	AA/CG	1	0.236	NA	NA	NA
rs4076057	540	0.21	AA/CT	1	0.238	NA	NA	NA
rs4073839	540	0.21	AA/CG	1	0.236	NA	NA	NA
rs4075510	541	0.206	AC/CT	1	0.236	NA	NA	NA
rs4075509	541	0.206	AG/CA	1	0.248	NA	NA	NA
rs4554207	543	0.211	AT/CC	1	0.254	NA	NA	NA
rs10061081	543	0.211	AA/CG	1	0.241	NA	NA	NA
rs10061288	544	0.211	AA/CG	1	0.23	NA	NA	NA
rs10055823	544	0.211	AT/CC	1	0.225	NA	NA	NA
rs10078015	544	0.211	AC/CT	1	0.239	NA	NA	NA
rs4235766	545	0.211	AA/CC	1	0.242	NA	NA	NA
rs4235767	545	0.211	AC/CT	1	0.247	NA	NA	NA
rs10058117	545	0.211	AT/CA	1	0.242	NA	NA	NA
rs10058198	545	0.211	AT/CA	1	0.242	NA	NA	NA
rs7722841	546	0.211	AC/CT	1	0.242	NA	NA	NA
rs4485921	546	0.207	AA/CC	1	0.234	NA	NA	NA
rs4485922	546	0.207	AA/CG	1	0.235	NA	NA	NA
rs4392610	546	0.207	AC/CT	1	0.224	NA	NA	NA
rs4421095	546	0.211	AT/CA	1	0.242	NA	NA	NA
rs4489055	546	0.211	AT/CC	1	0.242	NA	NA	NA
rs4360034	546	0.211	AA/CG	1	0.242	NA	NA	NA
rs4235768	546	0.211	AC/CA	1	0.242	NA	NA	NA
rs4235769	547	0.211	AC/CT	1	0.244	NA	NA	NA
rs4235770	547	0.211	AC/CG	1	0.241	NA	NA	NA
rs4705701	547	0.214	AC/CT	1	0.219	NA	NA	NA
rs4705702	547	0.214	AT/CG	1	0.209	NA	NA	NA
rs4705703	547	0.213	AT/CC	1	0.225	NA	NA	NA
rs6894014	547	0.211	AT/CG	1	0.177	NA	NA	NA
rs4705704	547	0.211	AG/CC	1	0.238	NA	NA	NA
rs4705705	547	0.211	AT/CA	1	0.235	NA	NA	NA
rs4705706	547	0.211	AT/CG	1	0.236	NA	NA	NA
rs4235771	548	0.211	AA/CG	1	0.233	NA	NA	NA
rs4705710	552	0.21	AG/CA	1	0.23	NA	NA	NA
rs4235772	553	0.21	AG/CA	1	0.231	NA	NA	NA
rs4386727	553	0.21	AA/CC	1	0.231	NA	NA	NA
rs4705711	553	0.21	AG/CC	1	0.227	NA	NA	NA
rs4705712	553	0.21	AG/CA	1	0.227	NA	NA	NA
rs4705715	554	0.21	AC/CT	1	0.233	NA	NA	NA
rs4705716	554	0.21	AG/CA	1	0.236	NA	NA	NA
rs10056149	554	0.21	AC/CG	1	0.235	NA	NA	NA
rs10071308	554	0.21	AA/CG	1	0.231	NA	NA	NA
rs56303343	554	0.211	AG/CC	1	0.236	NA	NA	NA
rs4421093	554	0.211	AA/CG	1	0.234	NA	NA	NA
rs4705717	555	0.2	AG/CA	1	0.255	NA	NA	NA
rs4705514	555	0.2	AT/CA	1	0.247	NA	NA	NA
rs4705515	555	0.201	AA/CG	1	0.282	NA	NA	NA
rs4705718	555	0.201	AC/CT	1	0.278	NA	NA	NA
rs10073472	555	0.2	AA/CG	1	0.256	NA	NA	NA
rs10060165	555	0.2	AG/CT	1	0.258	NA	NA	NA
rs10060313	555	0.204	AC/CT	1	0.2	NA	NA	NA
rs10060382	556	0.204	AC/CT	1	0.217	NA	NA	NA
rs10075389	556	0.204	AA/CG	1	0.217	NA	NA	NA
rs61501761	556	0.204	AA/CG	1	0.226	NA	NA	NA
rs59394765	556	0.204	AA/CG	1	0.256	NA	NA	NA
rs4705516	559	0.291	AC/CT	1	0.000939	NA	NA	NA
rs11951180	560	0.101	AG/CT	1	0.231	NA	NA	NA
rs62380016	560	0.104	AG/CT	1	0.234	NA	NA	NA
rs72811756	560	0.104	AG/CT	1	0.181	NA	NA	NA
rs78078095	562	0.118	AT/CG	1	0.157	NA	NA	NA
rs6878888	563	0.19	AG/CA	1	0.434	NA	NA	NA
rs4705720	564	0.2	AT/CC	1	0.555	NA	NA	NA
rs4435857	564	0.197	AG/CA	1	0.484	NA	NA	NA
rs62380051	568	0.115	AT/CC	1	0.17	NA	NA	NA
rs62380053	573	0.114	AG/CA	1	0.128	NA	NA	NA
rs1026006	577	0.107	AC/CT	1	0.179	NA	NA	NA
rs1838747	581	0.195	AG/CA	1	0.279	NA	NA	NA
rs2974503	581	0.113	AT/CG	1	0.154	NA	NA	NA
rs2121188	581	0.196	AA/CG	1	0.282	NA	NA	NA
rs11241313	582	0.111	AC/CT	1	0.147	NA	NA	NA
rs11241314	582	0.107	AC/CT	1	0.179	NA	NA	NA
rs2974609	585	0.194	AG/CA	1	0.567	NA	NA	NA
rs2921629	585	0.199	AA/CG	1	0.473	NA	NA	NA
rs2974505	586	0.196	AA/CG	1	0.44	NA	NA	NA
rs2974506	587	0.198	AG/CC	1	0.402	NA	NA	NA
rs966791	588	0.196	AC/CT	1	0.643	NA	NA	NA
rs2921625	588	0.19	AA/CT	1	0.664	NA	NA	NA
rs2974507	589	0.193	AT/CG	1	0.362	NA	NA	NA
rs2974610	589	0.19	AG/CA	1	0.385	NA	NA	NA
rs12188143	590	0.105	AT/CC	1	0.146	NA	NA	NA
rs1609461	590	0.167	AA/CG	1	0.000679	NA	NA	NA
rs55638352	591	0.103	AG/CA	1	0.209	NA	NA	NA
rs7713125	591	0.102	AG/CA	1	0.264	NA	NA	NA
rs2921618	592	0.195	AC/CG	1	0.433	NA	NA	NA
rs12188014	593	0.107	AG/CC	1	0.198	NA	NA	NA
rs56250025	594	0.107	AC/CT	1	0.193	NA	NA	NA
rs12186657	595	0.103	AA/CG	1	0.191	NA	NA	NA
rs11241315	595	0.102	AA/CG	1	0.189	NA	NA	NA
rs55799813	595	0.103	AT/CC	1	0.217	NA	NA	NA
rs2974612	595	0.19	AC/CG	1	0.928	NA	NA	NA
rs55898517	595	0.103	AG/CT	1	0.223	NA	NA	NA
rs55927006	596	0.103	AG/CC	1	0.224	NA	NA	NA
rs12189322	596	0.103	AT/CA	1	0.229	NA	NA	NA
rs2974511	597	0.11	AA/CG	1	0.155	NA	NA	NA
rs7706928	597	0.108	AA/CG	1	0.167	NA	NA	NA
rs1446074	599	0.182	AT/CC	1	0.422	NA	NA	NA
rs2974513	600	0.102	AT/CG	1	0.283	NA	NA	NA
rs2974516	603	0.102	AT/CC	1	0.747	NA	NA	NA
