SNP	KB	R2	Alleles	F	P	inCredible	probNorm	cumSum
rs75701938	0	1	C	1	3.44e-08	1	0.151035898332156	0.151035898332156
rs77639587	-185	0.202	CG/AT	1	0.00386	NA	NA	NA
rs79477395	-171	0.123	CT/AG	1	0.0197	NA	NA	NA
rs76715915	-164	0.123	CA/AG	1	0.0168	NA	NA	NA
rs113445250	-151	0.126	CT/AC	1	0.0166	NA	NA	NA
rs11716480	-136	0.124	CG/AC	1	0.0157	NA	NA	NA
rs11709628	-128	0.124	CT/AC	1	0.0171	NA	NA	NA
rs10933898	-128	0.127	CC/AA	1	0.0191	NA	NA	NA
rs9680908	-126	0.134	CA/AC	1	0.0244	NA	NA	NA
rs9680915	-126	0.134	CT/AC	1	0.0248	NA	NA	NA
rs7615128	-125	0.137	CA/AC	1	0.0317	NA	NA	NA
rs17194101	-123	0.134	CG/AA	1	0.019	NA	NA	NA
rs9682767	-122	0.132	CC/AA	1	0.0257	NA	NA	NA
rs9682168	-122	0.132	CC/AT	1	0.0245	NA	NA	NA
rs9681640	-122	0.134	CC/AG	1	0.0242	NA	NA	NA
rs9682344	-122	0.134	CC/AT	1	0.021	NA	NA	NA
rs11710488	-122	0.134	CA/AG	1	0.024	NA	NA	NA
rs11710534	-121	0.134	CT/AC	1	0.0207	NA	NA	NA
rs11710565	-121	0.134	CT/AC	1	0.0208	NA	NA	NA
rs72949649	-121	0.134	CA/AG	1	0.0238	NA	NA	NA
rs9837022	-121	0.134	CA/AG	1	0.0237	NA	NA	NA
rs9856920	-121	0.134	CA/AT	1	0.0227	NA	NA	NA
rs9857055	-121	0.134	CC/AT	1	0.0252	NA	NA	NA
rs57001364	-120	0.134	CT/AC	1	0.0227	NA	NA	NA
rs57570262	-120	0.134	CA/AT	1	0.0248	NA	NA	NA
rs11712231	-115	0.134	CT/AC	1	0.0244	NA	NA	NA
rs9856825	-112	0.134	CT/AC	1	0.0208	NA	NA	NA
rs9877384	-111	0.134	CC/AT	1	0.024	NA	NA	NA
rs6796164	-111	0.134	CA/AT	1	0.0222	NA	NA	NA
rs9867356	-110	0.134	CA/AG	1	0.0226	NA	NA	NA
rs9867290	-110	0.134	CT/AC	1	0.0209	NA	NA	NA
rs9872246	-109	0.134	CA/AG	1	0.0236	NA	NA	NA
rs9855687	-106	0.134	CA/AG	1	0.0229	NA	NA	NA
rs9871434	-104	0.134	CA/AG	1	0.022	NA	NA	NA
rs1607109	-101	0.134	CA/AG	1	0.0229	NA	NA	NA
rs9989971	-101	0.134	CA/AG	1	0.0238	NA	NA	NA
rs12630951	-98.8	0.123	CT/AG	1	0.208	NA	NA	NA
rs12634245	-92.3	0.279	CC/AT	1	8.41e-07	NA	NA	NA
rs11712635	-89.6	0.279	CG/AC	1	9.58e-07	NA	NA	NA
rs112073330	-88.9	0.275	CT/AC	1	4.48e-06	NA	NA	NA
rs730552	-87.3	0.279	CT/AC	1	9.72e-07	NA	NA	NA
rs76118695	-85.1	0.314	CC/AT	1	1.43e-06	NA	NA	NA
rs78685084	-81.2	0.314	CC/AA	1	1.56e-06	NA	NA	NA
rs3811061	-74.7	0.314	CA/AC	1	2.19e-06	NA	NA	NA
rs11717583	-74.4	0.111	CG/AC	1	0.808	NA	NA	NA
rs11706192	-74.3	0.112	CC/AT	1	0.81	NA	NA	NA
rs1515543	-72	0.236	CC/AG	1	1.5e-05	NA	NA	NA
rs11709763	-55.9	0.338	CC/AT	1	9.08e-06	NA	NA	NA
rs77909172	-51.9	0.436	CG/AA	1	4.63e-06	0	0.00133482427507882	1
rs80108871	-38.6	0.436	CC/AT	1	3.73e-06	0	0.0016420279625948	0.998665175724921
rs77159910	-37.3	0.338	CC/AG	1	5.86e-06	NA	NA	NA
rs75737648	-28.2	0.338	CT/AC	1	3.87e-06	NA	NA	NA
rs76629150	-22.9	0.327	CT/AG	1	7.32e-07	NA	NA	NA
rs147194389	-21.7	0.362	CT/AC	1	4.7e-05	NA	NA	NA
rs11721296	-18.4	0.362	CT/AA	1	7.53e-05	NA	NA	NA
rs113628372	-15.5	0.362	CA/AG	1	6.24e-05	NA	NA	NA
rs76323577	-14.8	0.362	CA/AG	1	6.42e-05	NA	NA	NA
rs76381534	-13.7	0.362	CC/AG	1	7.27e-05	NA	NA	NA
rs76562590	-12.6	0.38	CT/AC	1	7.89e-05	NA	NA	NA
rs6809614	-9.36	0.1	CA/AC	1	0.154	NA	NA	NA
rs7627215	-3.72	0.257	CG/AA	1	0.444	NA	NA	NA
rs7649780	-3.5	0.257	CA/AG	1	0.48	NA	NA	NA
rs9836395	-2.95	0.257	CG/AA	1	0.503	NA	NA	NA
rs6785039	-2.64	0.257	CG/AA	1	0.512	NA	NA	NA
rs6437734	-2.33	0.258	CC/AT	1	0.491	NA	NA	NA
rs6798341	-0.602	0.257	CA/AG	1	0.526	NA	NA	NA
rs885190	0.306	0.257	CG/AC	1	0.504	NA	NA	NA
rs9845513	1.98	0.257	CC/AT	1	0.484	NA	NA	NA
rs1282548	2.11	0.212	CC/AG	1	0.393	NA	NA	NA
rs41517052	2.57	0.257	CA/AG	1	0.48	NA	NA	NA
rs55652157	3.13	0.256	CG/AT	1	0.47	NA	NA	NA
rs4597706	3.9	0.257	CA/AG	1	0.508	NA	NA	NA
rs13092776	6.21	0.257	CA/AT	1	0.468	NA	NA	NA
rs13092989	6.3	0.257	CG/AT	1	0.487	NA	NA	NA
rs3914624	9.4	0.196	CA/AG	1	0.00172	NA	NA	NA
rs4855753	10.1	0.197	CG/AA	1	0.00188	NA	NA	NA
rs1282535	10.3	0.108	CT/AA	1	0.0597	NA	NA	NA
rs6785450	11.4	0.195	CA/AT	1	0.000854	NA	NA	NA
rs1282532	12.5	0.109	CT/AC	1	0.0614	NA	NA	NA
rs1850344	13	0.194	CG/AA	1	0.000831	NA	NA	NA
rs1282536	13.4	0.109	CG/AA	1	0.0645	NA	NA	NA
rs1298903	13.7	0.109	CG/AC	1	0.0647	NA	NA	NA
rs11922626	17.3	0.831	CT/AC	1	1.01e-07	1	0.0531906508401011	0.204226549172257
rs11923890	18.5	0.831	CA/AG	1	1.21e-07	1	0.0446582686075268	0.342815008690006
rs113338078	21.8	0.831	CT/AG	1	1.23e-07	1	0.0439554962767559	0.430726001243518
rs1028162	25.1	0.831	CC/AA	1	1.19e-07	1	0.0453842995431496	0.29815674008248
rs2176331	25.8	0.128	CT/AC	1	0.00167	NA	NA	NA
rs2090408	26.4	0.128	CT/AG	1	0.00168	NA	NA	NA
rs116745324	29.6	0.156	CA/AC	1	0.199	NA	NA	NA
rs75749155	30.6	0.813	CT/AC	1	1.45e-07	1	0.0374871759707539	0.884685638726175
rs1516825	34.8	0.181	CC/AT	1	0.0326	NA	NA	NA
rs6437736	36.7	0.181	CA/AG	1	0.0318	NA	NA	NA
rs1356915	38.6	0.177	CT/AC	1	0.0321	NA	NA	NA
rs78123483	39.3	0.792	CC/AT	1	1.23e-07	1	0.0439554962767559	0.386770504966762
rs75713362	39.8	0.792	CA/AG	1	1.28e-07	1	0.0422932344209936	0.602511537273499
rs1963385	42.3	0.792	CG/AT	1	1.35e-07	1	0.0401699286074419	0.767989378705275
rs74640097	43.2	0.792	CA/AT	1	1.36e-07	1	0.03988417616325	0.807873554868525
rs75312363	44.7	0.792	CG/AA	1	1.25e-07	1	0.0432748768269117	0.47400087807043
rs80084638	46.2	0.792	CT/AC	1	1.31e-07	1	0.0413558844906878	0.727819450097833
rs9822866	47.2	0.177	CC/AA	1	0.0327	NA	NA	NA
rs74642722	48	0.792	CA/AG	1	1.26e-07	1	0.0429425479551639	0.560218302852506
rs17469251	49.3	0.792	CC/AT	1	1.25e-07	1	0.0432748768269117	0.517275754897342
rs1426954	51.7	0.792	CG/AA	1	1.38e-07	1	0.0393249078868965	0.847198462755421
rs1426953	52	0.177	CT/AC	1	0.0323	NA	NA	NA
rs2174015	52.9	0.775	CT/AA	1	5.31e-07	1	0.0107019273606657	0.997023147762326
rs582543	54.9	0.304	CC/AG	1	0.2	NA	NA	NA
rs75460106	56.1	0.782	CT/AC	1	1.11e-07	1	0.0485458913670728	0.25277244053933
rs80115318	56.7	0.792	CC/AA	1	1.29e-07	1	0.041976014166823	0.686463565607145
rs1365628	57.2	0.792	CT/AC	1	1.29e-07	1	0.041976014166823	0.644487551440322
rs77623149	58.5	0.3	CA/AG	1	0.000122	NA	NA	NA
rs737217	59.6	0.782	CT/AC	1	1.82e-07	1	0.0300913336521414	0.914776972378317
rs11925707	60.4	0.782	CA/AG	1	1.91e-07	1	0.0287196018350038	0.94349657421332
rs10933904	61.9	0.177	CC/AG	1	0.0219	NA	NA	NA
rs11927696	61.9	0.782	CT/AC	1	2.01e-07	1	0.0273373935132424	0.970833967726563
rs11927739	62.1	0.782	CT/AC	1	3.62e-07	1	0.0154872526750978	0.986321220401661
rs74364444	116	0.238	CA/AG	1	0.0139	NA	NA	NA
rs76878306	140	0.238	CT/AC	1	0.00301	NA	NA	NA
rs150061418	161	0.2	CC/AG	1	0.000568	NA	NA	NA
rs71319268	211	0.117	CC/AT	1	0.0421	NA	NA	NA
rs115512825	218	0.15	CA/AT	1	0.0517	NA	NA	NA
rs76444380	221	0.17	CA/AG	1	0.0841	NA	NA	NA
