SNP	KB	R2	Alleles	F	P	inCredible	probNorm	cumSum
rs10497655	0	1	C	1	1.64e-09	1	0.581584118589946	0.581584118589946
rs57887412	-173	0.136	CT/TC	1	0.0553	NA	NA	NA
rs72891806	-172	0.139	CC/TT	1	0.056	NA	NA	NA
rs72891809	-171	0.139	CC/TT	1	0.0649	NA	NA	NA
rs72891812	-171	0.139	CC/TT	1	0.0581	NA	NA	NA
rs72891817	-171	0.139	CA/TG	1	0.0704	NA	NA	NA
rs1020275	-169	0.138	CG/TC	1	0.0798	NA	NA	NA
rs13400786	-163	0.147	CT/TG	1	0.0722	NA	NA	NA
rs56356754	-163	0.117	CG/TT	1	0.195	NA	NA	NA
rs13002540	-163	0.118	CC/TA	1	0.171	NA	NA	NA
rs981320	-162	0.118	CG/TT	1	0.196	NA	NA	NA
rs55878663	-162	0.117	CT/TC	1	0.215	NA	NA	NA
rs10207872	-161	0.139	CA/TC	1	0.114	NA	NA	NA
rs13036089	-160	0.154	CG/TC	1	0.0779	NA	NA	NA
rs10931141	-159	0.14	CT/TC	1	0.108	NA	NA	NA
rs72891853	-158	0.109	CC/TT	1	0.219	NA	NA	NA
rs72891857	-157	0.111	CC/TT	1	0.264	NA	NA	NA
rs13406273	-157	0.128	CT/TC	1	0.166	NA	NA	NA
rs72891861	-157	0.137	CA/TG	1	0.108	NA	NA	NA
rs56307538	-157	0.107	CG/TT	1	0.332	NA	NA	NA
rs17501536	-156	0.102	CC/TT	1	0.314	NA	NA	NA
rs28676657	-156	0.129	CA/TG	1	0.143	NA	NA	NA
rs72891867	-155	0.107	CA/TG	1	0.333	NA	NA	NA
rs13028074	-154	0.14	CA/TG	1	0.0898	NA	NA	NA
rs72891873	-151	0.104	CC/TT	1	0.308	NA	NA	NA
rs72891877	-151	0.105	CG/TC	1	0.311	NA	NA	NA
rs111955967	-149	0.107	CG/TA	1	0.292	NA	NA	NA
rs4581864	-149	0.105	CT/TC	1	0.207	NA	NA	NA
rs12474365	-145	0.107	CC/TG	1	0.246	NA	NA	NA
rs1443032	-143	0.11	CG/TT	1	0.23	NA	NA	NA
rs112630861	-142	0.105	CT/TA	1	0.483	NA	NA	NA
rs28535247	-141	0.105	CC/TG	1	0.222	NA	NA	NA
rs12465889	-140	0.167	CT/TA	1	0.174	NA	NA	NA
rs10172686	-140	0.169	CG/TA	1	0.263	NA	NA	NA
rs72893704	-140	0.167	CC/TG	1	0.473	NA	NA	NA
rs72893707	-139	0.167	CG/TA	1	0.473	NA	NA	NA
rs10211526	-139	0.169	CC/TT	1	0.266	NA	NA	NA
rs12614489	-139	0.169	CG/TA	1	0.235	NA	NA	NA
rs12622636	-137	0.169	CA/TG	1	0.367	NA	NA	NA
rs6740184	-137	0.169	CA/TT	1	0.354	NA	NA	NA
rs72893713	-136	0.167	CC/TA	1	0.518	NA	NA	NA
rs12693377	-136	0.166	CT/TC	1	0.227	NA	NA	NA
rs1966770	-136	0.166	CG/TT	1	0.171	NA	NA	NA
rs1966769	-136	0.169	CA/TG	1	0.589	NA	NA	NA
rs1992515	-135	0.167	CA/TG	1	0.69	NA	NA	NA
rs72893716	-135	0.163	CC/TA	1	0.595	NA	NA	NA
rs6733780	-135	0.171	CT/TG	1	0.222	NA	NA	NA
rs6751688	-134	0.169	CC/TT	1	0.386	NA	NA	NA
rs72893721	-134	0.167	CT/TC	1	0.582	NA	NA	NA
rs1443027	-134	0.166	CA/TG	1	0.373	NA	NA	NA
rs768352	-132	0.165	CG/TA	1	0.515	NA	NA	NA
rs11678101	-131	0.163	CT/TG	1	0.437	NA	NA	NA
rs10170741	-128	0.179	CT/TC	1	0.103	NA	NA	NA
rs4666982	-128	0.167	CA/TT	1	0.297	NA	NA	NA
rs11676821	-128	0.165	CC/TT	1	0.408	NA	NA	NA
rs7574316	-124	0.166	CA/TG	1	0.38	NA	NA	NA
rs56242339	-123	0.166	CC/TT	1	0.385	NA	NA	NA
rs7608388	-123	0.166	CC/TT	1	0.393	NA	NA	NA
rs1036872	-122	0.168	CC/TA	1	0.196	NA	NA	NA
rs13019088	-120	0.185	CA/TG	1	0.0917	NA	NA	NA
rs11692149	-120	0.185	CG/TA	1	0.108	NA	NA	NA
rs72893744	-119	0.174	CC/TT	1	0.304	NA	NA	NA
rs72893752	-118	0.174	CC/TT	1	0.285	NA	NA	NA
rs7592419	-117	0.17	CC/TT	1	0.277	NA	NA	NA
rs4146075	-116	0.194	CC/TG	1	0.0288	NA	NA	NA
rs1820538	-116	0.173	CA/TG	1	0.303	NA	NA	NA
rs1992514	-111	0.169	CA/TG	1	0.601	NA	NA	NA
rs1014024	-109	0.166	CT/TG	1	0.439	NA	NA	NA
rs11891415	-107	0.168	CA/TG	1	0.365	NA	NA	NA
rs3902438	-106	0.166	CC/TT	1	0.389	NA	NA	NA
rs2162455	-105	0.166	CC/TA	1	0.363	NA	NA	NA
rs72893780	-104	0.166	CT/TC	1	0.341	NA	NA	NA
rs2369586	-104	0.168	CT/TG	1	0.352	NA	NA	NA
rs7572199	-102	0.168	CC/TT	1	0.324	NA	NA	NA
rs10187380	-102	0.169	CC/TT	1	0.947	NA	NA	NA
rs12467081	-102	0.195	CA/TG	1	0.124	NA	NA	NA
rs2114548	-100	0.164	CT/TC	1	0.234	NA	NA	NA
rs1596267	-100	0.163	CA/TG	1	0.301	NA	NA	NA
rs12467551	-99.9	0.195	CC/TT	1	0.0974	NA	NA	NA
rs17429906	-99.6	0.166	CG/TT	1	0.316	NA	NA	NA
rs75955552	-96.6	0.1	CA/TC	1	0.106	NA	NA	NA
rs1348339	-93.2	0.169	CT/TC	1	0.262	NA	NA	NA
rs1867187	-92.4	0.168	CG/TA	1	0.261	NA	NA	NA
rs12472136	-87	0.172	CT/TG	1	0.454	NA	NA	NA
rs10931143	-87	0.172	CG/TT	1	0.33	NA	NA	NA
rs12472209	-86.8	0.186	CT/TG	1	0.0763	NA	NA	NA
rs1443024	-85.7	0.169	CA/TT	1	0.356	NA	NA	NA
rs6747376	-85.5	0.171	CC/TT	1	0.2	NA	NA	NA
rs6750654	-85.4	0.171	CG/TC	1	0.151	NA	NA	NA
rs66495417	-81.9	0.285	CG/TT	1	0.863	NA	NA	NA
rs2033138	-81.7	0.13	CG/TA	1	0.0274	NA	NA	NA
rs10931144	-81.4	0.285	CG/TC	1	0.415	NA	NA	NA
rs7562669	-79.3	0.25	CC/TT	1	0.489	NA	NA	NA
rs12620876	-78.6	0.294	CA/TG	1	0.907	NA	NA	NA
rs7425839	-78.3	0.294	CC/TG	1	0.876	NA	NA	NA
rs10931145	-78.1	0.253	CT/TA	1	0.527	NA	NA	NA
rs35550367	-78	0.13	CC/TA	1	0.0274	NA	NA	NA
rs34140534	-77.2	0.13	CG/TA	1	0.0274	NA	NA	NA
rs76977894	-73	0.113	CT/TG	1	0.0624	NA	NA	NA
rs62174888	-72.7	0.142	CA/TG	1	0.017	NA	NA	NA
rs35005555	-72.3	0.131	CC/TT	1	0.0269	NA	NA	NA
rs68171887	-71.2	0.291	CG/TC	1	0.83	NA	NA	NA
rs35335408	-69.8	0.127	CA/TG	1	0.0311	NA	NA	NA
rs72895640	-66.5	0.126	CA/TT	1	0.447	NA	NA	NA
rs72895642	-66.5	0.126	CC/TA	1	0.457	NA	NA	NA
rs35419204	-66.3	0.127	CG/TC	1	0.402	NA	NA	NA
rs72625291	-65.9	0.418	CT/TG	1	0.00473	0	3.99813134441683e-07	0.999996602448453
rs10177416	-64.5	0.418	CC/TT	1	0.0119	0	1.74846694866283e-07	1
rs12615746	-63.7	0.418	CC/TT	1	0.011	0	1.87487924438275e-07	0.999999825153305
rs62174928	-63	0.124	CC/TG	1	0.251	NA	NA	NA
rs1427148	-62.2	0.412	CT/TA	1	0.00809	0	2.46602270467848e-07	0.999997476404049
rs55865515	-59.7	0.125	CC/TT	1	0.323	NA	NA	NA
rs35993772	-58	0.125	CT/TG	1	0.285	NA	NA	NA
rs2033137	-56.5	0.147	CC/TT	1	6.2e-05	NA	NA	NA
rs34566897	-55.7	0.128	CT/TC	1	0.32	NA	NA	NA
rs6747233	-55.5	0.128	CC/TA	1	0.308	NA	NA	NA
rs6721856	-55.3	0.128	CA/TG	1	0.319	NA	NA	NA
rs17617133	-55.2	0.704	CT/TC	1	5.59e-06	0	0.000222549008090494	0.999350476065842
rs13025371	-54.3	0.128	CA/TT	1	0.307	NA	NA	NA
rs7584439	-51.5	0.128	CA/TG	1	0.291	NA	NA	NA
rs7558116	-51.5	0.125	CC/TT	1	0.286	NA	NA	NA
rs1593661	-51.4	0.169	CA/TG	1	8.89e-06	NA	NA	NA
rs6434087	-51.2	0.128	CA/TG	1	0.314	NA	NA	NA
rs6434088	-51.2	0.138	CC/TT	1	0.433	NA	NA	NA
rs6434089	-51	0.138	CT/TG	1	0.427	NA	NA	NA
rs719281	-50.4	0.692	CT/TA	1	4.19e-06	0	0.000293316188223891	0.997877179768537
rs1030430	-49.9	0.692	CG/TA	1	4.36e-06	0	0.000282348622900206	0.998159528391437
rs55732877	-47.8	0.121	CC/TT	1	0.000777	NA	NA	NA
rs7566980	-47.8	0.196	CA/TT	1	5.42e-07	NA	NA	NA
rs2162456	-46.6	0.169	CT/TA	1	1e-05	NA	NA	NA
rs4399684	-41.1	0.127	CG/TC	1	0.000878	NA	NA	NA
rs1896235	-40.8	0.149	CC/TG	1	0.35	NA	NA	NA
rs4592808	-40.7	0.175	CG/TA	1	1.38e-05	NA	NA	NA
rs4389295	-40.6	0.704	CC/TT	1	6.59e-06	0	0.000190119757378714	0.999960423803574
rs58500675	-39.5	0.127	CA/TG	1	0.000834	NA	NA	NA
rs67398881	-39.4	0.704	CG/TT	1	5.14e-06	0	0.000241169377567655	0.998899908211067
rs62174934	-35.8	0.712	CA/TG	1	6.08e-06	0	0.000205351897374446	0.999770304046196
rs62174935	-35.7	0.149	CG/TA	1	0.323	NA	NA	NA
rs111256056	-35.4	0.127	CA/TG	1	0.00105	NA	NA	NA
rs4371322	-35.1	0.46	CT/TG	1	0.00839	0	2.38696845590469e-07	0.999998197400871
rs3953016	-35.1	0.458	CT/TC	1	0.00945	0	2.14632230541913e-07	0.999998649716681
rs56833097	-33.7	0.717	CA/TG	1	5.04e-06	0	0.000245749657988673	0.998658738833499
rs11682677	-32.9	0.456	CT/TA	1	0.00999	0	2.04260317059137e-07	0.999998853976998
rs10803977	-31.9	0.458	CC/TT	1	0.00835	0	2.39719418629393e-07	0.999997958704026
rs17430209	-29.2	0.144	CA/TC	1	0.353	NA	NA	NA
rs62174937	-28.5	0.713	CC/TT	1	5.45e-06	0	0.000228018846684446	0.999127927057751
rs17508275	-28	0.144	CG/TA	1	0.354	NA	NA	NA
rs34814232	-27.6	0.456	CT/TG	1	0.0108	0	1.90570484185301e-07	0.999999637665381
rs12999003	-27.5	0.456	CC/TA	1	0.0104	0	1.97075671775633e-07	0.999999253330579
rs34862490	-26.2	0.456	CT/TC	1	0.0106	0	1.93764317971447e-07	0.999999447094897
rs17430279	-25.8	0.133	CA/TG	1	0.000893	NA	NA	NA
rs6751008	-24.7	0.456	CC/TT	1	0.00663	0	2.94812525097326e-07	0.999997229801778
rs359878	-23.1	0.13	CC/TT	1	0.00185	NA	NA	NA
rs55781342	-23	0.456	CG/TT	1	0.0101	0	2.02277909156687e-07	0.999999056254907
rs62174940	-22.7	0.717	CA/TG	1	5.81e-06	0	0.000214476082979455	0.999564952148821
rs11691444	-22.4	0.717	CC/TT	1	4.88e-06	0	0.000253460784073373	0.998412989175511
rs72625292	-21	0.713	CA/TG	1	4.06e-06	0	0.000302310626258011	0.997583863580313
rs35574370	-20	0.147	CG/TC	1	0.334	NA	NA	NA
rs79754244	-19.3	0.314	CA/TG	1	8.98e-05	NA	NA	NA
rs7586860	-18.4	0.46	CG/TA	1	0.0058	0	3.32540800515739e-07	0.999996934989253
rs75786365	-18	0.314	CG/TT	1	6.96e-05	NA	NA	NA
rs12618211	-16.7	0.713	CA/TG	1	4.04e-06	0	0.000303744769498613	0.997281552954055
rs34651316	-15.3	0.147	CT/TC	1	0.325	NA	NA	NA
rs10931148	-15.3	0.13	CT/TC	1	0.000628	NA	NA	NA
rs1365718	-14.9	0.131	CA/TT	1	0.000651	NA	NA	NA
rs1593664	-12.1	0.458	CA/TC	1	0.00843	0	2.37683578918644e-07	0.99999843508445
rs13023840	-11.7	0.453	CA/TG	1	0.00824	0	2.42580558361282e-07	0.999997718984607
rs76926829	-11.4	0.13	CT/TA	1	0.000583	NA	NA	NA
rs35759594	-11.2	0.147	CC/TA	1	0.3	NA	NA	NA
rs74928904	-10.5	0.131	CC/TG	1	6e-04	NA	NA	NA
rs10469726	-9.24	0.713	CG/TA	1	2.78e-06	0	0.000434699278666016	0.996977808184557
rs13007925	-8.88	0.146	CG/TA	1	0.329	NA	NA	NA
rs10432495	-6.59	0.146	CA/TT	1	0.000122	NA	NA	NA
rs1019706	-6.41	0.932	CG/TA	1	1.98e-08	1	0.0515515326618961	0.875334859029162
rs2052794	-6.29	0.151	CT/TA	1	0.000157	NA	NA	NA
rs16826057	-3.83	0.146	CG/TC	1	0.000136	NA	NA	NA
rs4366862	-3.6	0.144	CT/TA	1	8.82e-05	NA	NA	NA
rs1978573	-2.5	0.954	CT/TC	1	6.11e-09	1	0.161613662599868	0.743197781189814
rs11888068	-1.75	0.954	CA/TC	1	1.25e-08	1	0.0805855451774516	0.823783326367266
rs73041376	-1.62	0.158	CC/TT	1	8.59e-05	NA	NA	NA
rs62176168	-0.908	0.165	CC/TG	1	0.00362	NA	NA	NA
rs359895	1.14	0.599	CT/TA	1	0.000251	0	6.02327017888585e-06	0.999966447073753
rs73041379	1.49	0.143	CG/TA	1	0.000447	NA	NA	NA
rs10203158	4.8	0.313	CT/TA	1	0.000444	NA	NA	NA
rs12693381	4.87	0.313	CT/TA	1	0.000462	NA	NA	NA
rs60269985	5.57	0.136	CG/TA	1	9.75e-05	NA	NA	NA
rs12693383	6.82	0.316	CT/TA	1	0.0034	NA	NA	NA
rs76878347	6.99	0.245	CA/TG	1	0.0498	NA	NA	NA
rs435822	7.26	0.305	CT/TA	1	0.000326	NA	NA	NA
rs75482695	7.82	0.168	CG/TA	1	0.00495	NA	NA	NA
rs430040	7.97	0.305	CT/TC	1	0.000335	NA	NA	NA
rs1014959	10.1	0.139	CA/TG	1	0.000171	NA	NA	NA
rs403115	13.5	0.593	CT/TC	1	0.000493	0	3.20361328483533e-06	0.999969650687038
rs722384	14	0.243	CG/TT	1	0.174	NA	NA	NA
rs13393273	15.6	0.29	CA/TG	1	0.000437	NA	NA	NA
rs12693384	16	0.29	CG/TA	1	0.000395	NA	NA	NA
rs73041394	17.3	0.131	CA/TG	1	0.000134	NA	NA	NA
rs1427150	18.6	0.13	CT/TC	1	0.000107	NA	NA	NA
rs17508595	21.1	0.13	CC/TG	1	0.000106	NA	NA	NA
rs11900132	21.8	0.131	CG/TC	1	8.15e-05	NA	NA	NA
rs359882	21.8	0.588	CG/TA	1	5e-04	0	3.16177345929973e-06	0.999972812460498
rs359884	24.3	0.575	CT/TC	1	0.00138	0	1.23302073796315e-06	0.999989387041897
rs359885	25.4	0.575	CA/TC	1	0.00133	0	1.27571915877999e-06	0.999984353096421
rs12613195	27.2	0.882	CG/TC	1	5.62e-08	1	0.0187397686755776	0.980218345045404
rs359886	27.4	0.575	CG/TA	1	0.00126	0	1.34099613802944e-06	0.999981746132515
rs359891	35.2	0.575	CA/TG	1	0.00157	0	1.09483108992414e-06	0.99999521703714
rs359892	35.3	0.286	CT/TC	1	0.00144	NA	NA	NA
rs75685699	35.8	0.126	CT/TC	1	0.000244	NA	NA	NA
rs7557843	36.2	0.878	CC/TA	1	6.48e-08	1	0.0163247638604864	0.99654310890589
rs72625293	37.1	0.245	CC/TT	1	0.243	NA	NA	NA
rs62176172	37.4	0.869	CT/TC	1	4.19e-08	1	0.0249101198583795	0.900244978887541
rs62176173	37.5	0.878	CT/TG	1	4.63e-08	1	0.0226115895605286	0.92285656844807
rs6434094	38.1	0.575	CA/TC	1	0.00145	0	1.17803529274093e-06	0.999992951609245
rs2054549	39.9	0.575	CC/TA	1	0.00146	0	1.17059680470257e-06	0.99999412220605
rs2054548	40	0.575	CC/TT	1	0.00144	0	1.18557367400792e-06	0.999991773573953
rs146041840	42.5	0.295	CG/TA	1	0.00185	NA	NA	NA
rs7564347	43.3	0.57	CA/TT	1	0.00135	0	1.25827265242609e-06	0.999988154021159
rs1480478	43.5	0.57	CT/TA	1	0.00127	0	1.3312447466158e-06	0.999983077377262
rs11890128	44.8	0.126	CG/TT	1	0.000244	NA	NA	NA
rs12693385	45.2	0.57	CC/TT	1	0.00102	0	1.63028205987659e-06	0.999976139345084
rs1021043	45.4	0.285	CA/TG	1	0.000895	NA	NA	NA
rs57159364	46.5	0.873	CG/TA	1	5.54e-08	1	0.0190019524542664	0.961478576369826
rs76627958	46.7	0.126	CC/TA	1	0.000373	NA	NA	NA
rs10198049	46.8	0.57	CT/TC	1	0.00114	0	1.47089734635469e-06	0.999977610242431
rs13021843	50.8	0.575	CG/TA	1	0.00142	0	1.20095838165131e-06	0.999990588000279
rs6434095	51.3	0.575	CG/TA	1	0.0012	0	1.40280349230168e-06	0.999979013045923
rs7608284	52.9	0.287	CG/TA	1	0.00105	NA	NA	NA
rs7608194	52.9	0.286	CC/TT	1	0.0011	NA	NA	NA
rs6434096	54.7	0.575	CT/TC	1	0.00121	0	1.39209045449778e-06	0.999980405136377
rs10197925	55.8	0.286	CC/TT	1	0.00116	NA	NA	NA
rs62176209	57.4	0.873	CC/TT	1	5.36e-08	1	0.0196200554674902	0.94247662391556
rs73043234	57.6	0.126	CC/TA	1	0.000244	NA	NA	NA
rs55764167	58.7	0.58	CG/TT	1	0.00176	0	9.85598178160802e-07	0.999996202635318
rs73043238	60	0.113	CG/TA	1	0.000546	NA	NA	NA
rs35979599	61.8	0.136	CC/TT	1	0.0719	NA	NA	NA
rs9678203	67.7	0.556	CT/TC	1	0.00133	0	1.27571915877999e-06	0.99998562881558
rs2035321	67.7	0.556	CC/TG	1	0.00134	0	1.26693292692219e-06	0.999986895748507
rs13405270	68.2	0.285	CT/TC	1	0.00147	NA	NA	NA
rs899847	68.4	0.575	CG/TA	1	0.000977	0	1.69660252687743e-06	0.999974509063024
rs11891662	69	0.128	CA/TT	1	0.00046	NA	NA	NA
rs7609208	70.9	0.281	CA/TG	1	0.00746	NA	NA	NA
rs7597593	71.5	0.224	CC/TT	1	2.2e-06	NA	NA	NA
rs6728764	76.9	0.214	CA/TG	1	0.0478	NA	NA	NA
rs62176213	79.4	0.22	CG/TC	1	0.00293	NA	NA	NA
rs11901640	80.9	0.113	CA/TG	1	0.767	NA	NA	NA
rs10184629	81.9	0.122	CG/TA	1	0.864	NA	NA	NA
rs11892742	82.2	0.111	CC/TT	1	0.699	NA	NA	NA
rs10188162	83	0.298	CA/TG	1	0.0179	NA	NA	NA
rs1480481	85.4	0.297	CT/TC	1	0.0168	NA	NA	NA
rs6723680	85.9	0.114	CA/TG	1	0.813	NA	NA	NA
rs1480482	86.2	0.188	CA/TC	1	0.0123	NA	NA	NA
rs6718759	88.1	0.111	CT/TA	1	0.646	NA	NA	NA
rs10173509	91.2	0.113	CA/TT	1	0.805	NA	NA	NA
rs1038197	95.2	0.12	CG/TA	1	0.807	NA	NA	NA
rs1038198	95.3	0.111	CG/TT	1	0.677	NA	NA	NA
rs7588753	95.5	0.12	CA/TG	1	0.809	NA	NA	NA
rs16826158	96	0.111	CC/TT	1	0.688	NA	NA	NA
rs12104591	96.8	0.12	CC/TT	1	0.807	NA	NA	NA
rs4308093	97	0.12	CT/TC	1	0.789	NA	NA	NA
rs2199883	103	0.111	CT/TC	1	0.703	NA	NA	NA
rs1383309	106	0.12	CT/TG	1	0.885	NA	NA	NA
rs7583953	107	0.119	CG/TA	1	0.846	NA	NA	NA
rs11895541	114	0.11	CG/TA	1	0.678	NA	NA	NA
rs13389241	115	0.11	CA/TT	1	0.69	NA	NA	NA
rs6747844	121	0.12	CG/TA	1	0.8	NA	NA	NA
rs1600578	124	0.12	CG/TA	1	0.808	NA	NA	NA
rs6742299	126	0.11	CA/TG	1	0.657	NA	NA	NA
rs7582887	127	0.11	CT/TC	1	0.65	NA	NA	NA
rs7569699	127	0.11	CG/TA	1	0.632	NA	NA	NA
rs1383308	128	0.11	CC/TT	1	0.662	NA	NA	NA
rs16826178	129	0.12	CC/TT	1	0.775	NA	NA	NA
rs7568655	133	0.11	CC/TT	1	0.65	NA	NA	NA
rs11693094	139	0.34	CT/TC	1	9.08e-05	NA	NA	NA
rs7578333	140	0.11	CG/TA	1	0.671	NA	NA	NA
rs7581514	141	0.101	CT/TC	1	4.45e-05	NA	NA	NA
rs10167859	142	0.11	CG/TA	1	0.687	NA	NA	NA
rs1480483	142	0.11	CA/TG	1	0.708	NA	NA	NA
rs13001215	143	0.11	CA/TT	1	0.685	NA	NA	NA
rs6434100	144	0.11	CA/TG	1	0.646	NA	NA	NA
rs2170203	147	0.291	CC/TT	1	0.0184	NA	NA	NA
rs1480484	147	0.11	CT/TC	1	0.647	NA	NA	NA
rs1480485	148	0.11	CT/TG	1	0.737	NA	NA	NA
rs1480486	148	0.11	CT/TA	1	0.73	NA	NA	NA
rs13417466	156	0.11	CG/TA	1	0.65	NA	NA	NA
rs10190062	159	0.11	CG/TA	1	0.666	NA	NA	NA
rs10206426	164	0.11	CG/TC	1	0.672	NA	NA	NA
rs2369595	164	0.1	CT/TC	1	7.44e-05	NA	NA	NA
rs4278895	168	0.107	CC/TG	1	0.665	NA	NA	NA
rs2887514	168	0.107	CA/TC	1	0.626	NA	NA	NA
rs6728615	170	0.107	CC/TG	1	0.623	NA	NA	NA
rs10177035	171	0.107	CT/TC	1	0.617	NA	NA	NA
rs6759491	174	0.103	CT/TC	1	0.61	NA	NA	NA
rs62176239	175	0.395	CC/TT	1	1.93e-05	NA	NA	NA
rs6716151	175	0.107	CA/TG	1	0.621	NA	NA	NA
rs12693388	176	0.101	CG/TA	1	6.89e-05	NA	NA	NA
rs10196799	179	0.311	CT/TA	1	0.000308	NA	NA	NA
rs1987025	186	0.108	CT/TA	1	0.665	NA	NA	NA
rs17584494	186	0.395	CA/TG	1	1.22e-05	NA	NA	NA
rs6716235	193	0.108	CT/TC	1	0.686	NA	NA	NA
rs34963004	194	0.108	CT/TC	1	0.701	NA	NA	NA
rs2369596	197	0.108	CA/TT	1	0.693	NA	NA	NA
rs10170664	199	0.287	CC/TT	1	0.0258	NA	NA	NA
rs12693394	200	0.108	CA/TC	1	0.693	NA	NA	NA
rs13028549	200	0.108	CC/TG	1	0.701	NA	NA	NA
rs4666990	201	0.309	CC/TT	1	0.000404	NA	NA	NA
rs13012893	208	0.108	CT/TA	1	0.704	NA	NA	NA
rs13012514	210	0.108	CA/TC	1	0.716	NA	NA	NA
rs10201360	219	0.108	CT/TC	1	0.684	NA	NA	NA
rs13408744	219	0.108	CC/TT	1	0.674	NA	NA	NA
rs7608386	220	0.108	CT/TA	1	0.745	NA	NA	NA
rs17584522	220	0.395	CG/TC	1	2.71e-05	NA	NA	NA
rs6720863	221	0.108	CA/TG	1	0.767	NA	NA	NA
rs6749691	221	0.108	CG/TA	1	0.748	NA	NA	NA
rs4614893	224	0.108	CA/TG	1	0.621	NA	NA	NA
rs13396495	226	0.108	CT/TA	1	0.649	NA	NA	NA
rs9973969	229	0.107	CA/TG	1	0.83	NA	NA	NA
rs9973631	229	0.107	CC/TA	1	0.725	NA	NA	NA
rs13424507	230	0.107	CT/TC	1	0.724	NA	NA	NA
rs13028349	232	0.107	CT/TC	1	0.735	NA	NA	NA
rs16826219	234	0.107	CA/TG	1	0.753	NA	NA	NA
rs7605689	244	0.107	CT/TC	1	0.724	NA	NA	NA
rs72905741	245	0.106	CA/TT	1	0.163	NA	NA	NA
rs114199508	254	0.116	CA/TG	1	0.00332	NA	NA	NA
rs7578316	256	0.107	CT/TA	1	0.71	NA	NA	NA
rs12693396	257	0.107	CC/TT	1	0.703	NA	NA	NA
rs35321501	260	0.107	CT/TC	1	0.707	NA	NA	NA
rs7577581	261	0.107	CT/TG	1	0.7	NA	NA	NA
rs7593307	262	0.107	CA/TG	1	0.695	NA	NA	NA
rs12693397	262	0.107	CA/TG	1	0.707	NA	NA	NA
rs62200787	265	0.232	CA/TT	1	1.47e-05	NA	NA	NA
rs62200788	266	0.304	CA/TC	1	3.43e-05	NA	NA	NA
rs7558878	267	0.106	CA/TG	1	0.686	NA	NA	NA
rs11890843	267	0.108	CT/TC	1	0.633	NA	NA	NA
rs62200789	270	0.107	CG/TA	1	0.767	NA	NA	NA
rs62200790	270	0.107	CC/TA	1	0.585	NA	NA	NA
rs13388087	273	0.143	CC/TG	1	0.0184	NA	NA	NA
rs13401381	273	0.143	CC/TT	1	0.0176	NA	NA	NA
rs10210216	278	0.143	CG/TA	1	0.015	NA	NA	NA
rs115166888	280	0.116	CT/TC	1	0.00748	NA	NA	NA
rs1429427	282	0.143	CA/TG	1	0.0154	NA	NA	NA
rs62200793	289	0.303	CC/TT	1	4.86e-05	NA	NA	NA
rs11894088	289	0.106	CC/TA	1	0.748	NA	NA	NA
rs150700380	293	0.116	CT/TG	1	0.00196	NA	NA	NA
rs12999617	298	0.101	CG/TC	1	0.843	NA	NA	NA
rs3931790	301	0.298	CC/TA	1	3.46e-05	NA	NA	NA
rs7603001	305	0.143	CG/TA	1	0.0147	NA	NA	NA
rs1366840	306	0.147	CT/TC	1	0.0262	NA	NA	NA
rs10931155	307	0.143	CA/TC	1	0.0149	NA	NA	NA
rs72907759	307	0.143	CC/TT	1	0.0163	NA	NA	NA
rs72907760	307	0.143	CT/TC	1	0.0161	NA	NA	NA
rs1835172	308	0.143	CG/TC	1	0.015	NA	NA	NA
rs66970879	311	0.138	CA/TC	1	0.0301	NA	NA	NA
rs66726164	311	0.139	CA/TC	1	0.0302	NA	NA	NA
rs66473204	311	0.136	CA/TG	1	0.0156	NA	NA	NA
rs17431742	311	0.14	CG/TC	1	0.025	NA	NA	NA
rs2115622	314	0.143	CA/TG	1	0.0145	NA	NA	NA
rs2115621	314	0.143	CC/TT	1	0.0145	NA	NA	NA
rs7594906	315	0.147	CT/TG	1	0.0271	NA	NA	NA
rs1344706	316	0.193	CC/TA	1	5e-05	NA	NA	NA
rs7593816	320	0.295	CT/TC	1	4.6e-05	NA	NA	NA
rs1583048	321	0.295	CC/TT	1	4.51e-05	NA	NA	NA
rs1366838	322	0.143	CC/TT	1	0.0127	NA	NA	NA
rs11681373	324	0.193	CG/TA	1	3.84e-05	NA	NA	NA
rs56213902	324	0.147	CA/TG	1	0.0205	NA	NA	NA
rs6722992	334	0.101	CT/TC	1	0.0862	NA	NA	NA
rs6723392	334	0.101	CA/TG	1	0.0829	NA	NA	NA
rs10931156	336	0.101	CA/TG	1	0.0771	NA	NA	NA
rs12476147	339	0.109	CT/TA	1	0.0633	NA	NA	NA
rs62198467	343	0.146	CG/TA	1	0.00318	NA	NA	NA
rs4380187	350	0.104	CC/TA	1	7.24e-05	NA	NA	NA
rs2115623	391	0.126	CA/TT	1	0.000418	NA	NA	NA
