SNP	KB	R2	Alleles	F	P	inCredible	probNorm	cumSum
rs1959581	0	1	C	1	4.21e-08	1	0.203641794577273	0.203641794577273
rs73330002	-642	0.126	CG/AA	1	0.0109	NA	NA	NA
rs8023243	-641	0.131	CA/AG	1	0.0144	NA	NA	NA
rs12437000	-638	0.128	CG/AC	1	0.0108	NA	NA	NA
rs8004868	-637	0.128	CG/AA	1	0.0106	NA	NA	NA
rs6572183	-637	0.128	CT/AC	1	0.0109	NA	NA	NA
rs7146693	-633	0.126	CC/AT	1	0.00863	NA	NA	NA
rs12436530	-632	0.133	CG/AT	1	0.00936	NA	NA	NA
rs12434324	-631	0.128	CG/AA	1	0.00925	NA	NA	NA
rs12435004	-630	0.128	CA/AC	1	0.0089	NA	NA	NA
rs1839399	-630	0.133	CC/AA	1	0.00434	NA	NA	NA
rs1839400	-630	0.133	CA/AG	1	0.0042	NA	NA	NA
rs2084562	-629	0.128	CG/AA	1	0.00906	NA	NA	NA
rs1597385	-629	0.128	CC/AT	1	0.00878	NA	NA	NA
rs1839401	-629	0.128	CG/AT	1	0.00905	NA	NA	NA
rs10872968	-627	0.116	CT/AC	1	0.011	NA	NA	NA
rs10872969	-627	0.116	CG/AA	1	0.0106	NA	NA	NA
rs921314	-626	0.117	CG/AC	1	0.0106	NA	NA	NA
rs73331939	-626	0.119	CG/AC	1	0.0124	NA	NA	NA
rs979703	-625	0.114	CC/AT	1	0.0104	NA	NA	NA
rs17113666	-623	0.116	CC/AT	1	0.01	NA	NA	NA
rs56377312	-623	0.116	CC/AT	1	0.0104	NA	NA	NA
rs12432228	-621	0.121	CC/AG	1	0.0116	NA	NA	NA
rs2415774	-620	0.121	CA/AG	1	0.0114	NA	NA	NA
rs1955176	-619	0.121	CC/AT	1	0.0122	NA	NA	NA
rs2415775	-618	0.119	CT/AC	1	0.0122	NA	NA	NA
rs12050209	-616	0.121	CC/AT	1	0.0104	NA	NA	NA
rs12050399	-616	0.121	CA/AG	1	0.0112	NA	NA	NA
rs1449835	-613	0.123	CG/AA	1	0.0101	NA	NA	NA
rs12435298	-612	0.123	CT/AA	1	0.011	NA	NA	NA
rs12432453	-612	0.123	CC/AT	1	0.0104	NA	NA	NA
rs17113692	-612	0.123	CG/AA	1	0.0116	NA	NA	NA
rs58274313	-612	0.123	CC/AA	1	0.0106	NA	NA	NA
rs11157317	-609	0.116	CT/AC	1	0.0093	NA	NA	NA
rs55638959	-608	0.116	CG/AA	1	0.00933	NA	NA	NA
rs11848835	-601	0.116	CC/AG	1	0.0105	NA	NA	NA
rs12433085	-599	0.12	CA/AT	1	0.0133	NA	NA	NA
rs12435931	-599	0.12	CG/AA	1	0.0135	NA	NA	NA
rs10431668	-599	0.12	CA/AG	1	0.0148	NA	NA	NA
rs10431669	-598	0.12	CA/AG	1	0.0124	NA	NA	NA
rs10431670	-598	0.12	CT/AC	1	0.0119	NA	NA	NA
rs74881295	-598	0.12	CA/AG	1	0.0122	NA	NA	NA
rs79903832	-598	0.12	CC/AT	1	0.0122	NA	NA	NA
rs77391764	-597	0.12	CA/AG	1	0.0133	NA	NA	NA
rs114348561	-597	0.117	CT/AC	1	0.00499	NA	NA	NA
rs116535869	-597	0.117	CG/AA	1	0.00508	NA	NA	NA
rs79222754	-597	0.117	CG/AA	1	0.012	NA	NA	NA
rs8009214	-596	0.12	CT/AC	1	0.0121	NA	NA	NA
rs8009360	-596	0.119	CG/AC	1	0.0084	NA	NA	NA
rs78678692	-595	0.119	CC/AT	1	0.00813	NA	NA	NA
rs7154740	-595	0.119	CC/AT	1	0.00828	NA	NA	NA
rs7155078	-595	0.119	CA/AT	1	0.00834	NA	NA	NA
rs8021238	-594	0.12	CA/AG	1	0.0123	NA	NA	NA
rs11157319	-594	0.12	CT/AG	1	0.0119	NA	NA	NA
rs11157320	-594	0.12	CG/AA	1	0.0117	NA	NA	NA
rs11157321	-594	0.12	CC/AT	1	0.0118	NA	NA	NA
rs11157323	-594	0.12	CT/AC	1	0.0118	NA	NA	NA
rs11848671	-594	0.12	CG/AA	1	0.0158	NA	NA	NA
rs11848705	-593	0.12	CT/AC	1	0.00711	NA	NA	NA
rs11157324	-592	0.116	CA/AC	1	0.0134	NA	NA	NA
rs11157325	-592	0.116	CT/AA	1	0.0136	NA	NA	NA
rs11852174	-592	0.118	CT/AC	1	0.00595	NA	NA	NA
rs11852148	-592	0.118	CG/AA	1	0.00585	NA	NA	NA
rs11848314	-592	0.12	CC/AT	1	0.0133	NA	NA	NA
rs11852202	-592	0.122	CT/AC	1	0.0138	NA	NA	NA
rs11852182	-592	0.122	CG/AA	1	0.0136	NA	NA	NA
rs11849187	-592	0.12	CC/AT	1	0.0136	NA	NA	NA
rs79905674	-591	0.12	CG/AA	1	0.0133	NA	NA	NA
rs77409107	-591	0.12	CA/AG	1	0.0133	NA	NA	NA
rs59900688	-591	0.117	CG/AT	1	0.0139	NA	NA	NA
rs61318507	-591	0.115	CA/AC	1	0.0117	NA	NA	NA
rs12432885	-590	0.12	CG/AA	1	0.0128	NA	NA	NA
rs77877167	-590	0.12	CG/AC	1	0.0131	NA	NA	NA
rs79685130	-590	0.12	CT/AC	1	0.0129	NA	NA	NA
rs7152464	-590	0.12	CA/AG	1	0.0128	NA	NA	NA
rs4906361	-555	0.116	CA/AG	1	0.481	NA	NA	NA
rs79480107	-555	0.108	CA/AT	1	0.377	NA	NA	NA
rs977448	-549	0.191	CT/AC	1	0.00021	NA	NA	NA
rs977449	-548	0.148	CT/AC	1	0.0017	NA	NA	NA
rs977450	-548	0.136	CA/AC	1	0.00103	NA	NA	NA
rs75993946	-548	0.116	CA/AG	1	0.497	NA	NA	NA
rs2197937	-543	0.202	CA/AG	1	0.000417	NA	NA	NA
rs1375792	-541	0.138	CC/AT	1	0.000936	NA	NA	NA
rs1584547	-538	0.191	CA/AG	1	0.00038	NA	NA	NA
rs79225954	-536	0.116	CT/AC	1	0.222	NA	NA	NA
rs77273846	-535	0.116	CA/AC	1	0.404	NA	NA	NA
rs10147515	-532	0.113	CC/AT	1	0.00279	NA	NA	NA
rs12889311	-532	0.118	CA/AG	1	0.00364	NA	NA	NA
rs78521754	-531	0.106	CA/AC	1	0.31	NA	NA	NA
rs72668950	-530	0.134	CG/AA	1	0.481	NA	NA	NA
rs12883203	-526	0.118	CA/AC	1	0.00121	NA	NA	NA
rs7151781	-526	0.147	CC/AT	1	0.00135	NA	NA	NA
rs7151221	-525	0.131	CA/AG	1	0.00205	NA	NA	NA
rs12436903	-525	0.121	CC/AT	1	0.00114	NA	NA	NA
rs11157332	-524	0.14	CG/AA	1	0.00059	NA	NA	NA
rs2415785	-524	0.142	CG/AT	1	0.000693	NA	NA	NA
rs10141953	-523	0.111	CT/AC	1	8.05e-05	NA	NA	NA
rs7158336	-523	0.136	CT/AC	1	0.00191	NA	NA	NA
rs12895603	-522	0.132	CG/AA	1	0.00243	NA	NA	NA
rs12897029	-522	0.122	CG/AT	1	0.00109	NA	NA	NA
rs7159885	-522	0.134	CT/AC	1	0.00318	NA	NA	NA
rs10134098	-520	0.138	CA/AG	1	0.00121	NA	NA	NA
rs77303341	-520	0.121	CC/AT	1	0.163	NA	NA	NA
rs36096991	-517	0.142	CG/AA	1	0.000589	NA	NA	NA
rs77977534	-517	0.121	CT/AG	1	0.174	NA	NA	NA
rs34382904	-515	0.131	CT/AG	1	0.000628	NA	NA	NA
rs76309358	-515	0.121	CC/AT	1	0.202	NA	NA	NA
rs34615479	-515	0.138	CT/AC	1	0.000651	NA	NA	NA
rs78515206	-514	0.121	CT/AC	1	0.174	NA	NA	NA
rs79470225	-511	0.131	CC/AA	1	0.274	NA	NA	NA
rs17634864	-509	0.132	CC/AT	1	0.313	NA	NA	NA
rs111369901	-505	0.131	CC/AT	1	0.284	NA	NA	NA
rs77757285	-498	0.113	CA/AT	1	0.247	NA	NA	NA
rs1954384	-495	0.126	CG/AC	1	0.00431	NA	NA	NA
rs4906446	-494	0.138	CA/AT	1	0.237	NA	NA	NA
rs1888374	-494	0.209	CC/AT	1	1.52e-05	NA	NA	NA
rs2455958	-492	0.195	CT/AC	1	6.67e-06	NA	NA	NA
rs2254774	-488	0.212	CC/AT	1	1.3e-05	NA	NA	NA
rs79757156	-487	0.116	CT/AA	1	0.236	NA	NA	NA
rs10146768	-487	0.122	CA/AG	1	0.188	NA	NA	NA
rs11157335	-485	0.116	CA/AG	1	0.173	NA	NA	NA
rs1954379	-484	0.21	CC/AA	1	1.37e-05	NA	NA	NA
rs2488851	-483	0.21	CC/AG	1	1.34e-05	NA	NA	NA
rs4906462	-482	0.14	CC/AT	1	0.262	NA	NA	NA
rs2488853	-482	0.162	CT/AC	1	0.00014	NA	NA	NA
rs74047539	-481	0.144	CC/AA	1	0.263	NA	NA	NA
rs144277492	-478	0.116	CA/AG	1	0.198	NA	NA	NA
rs77512201	-475	0.116	CG/AA	1	0.236	NA	NA	NA
rs77297139	-472	0.133	CC/AT	1	0.288	NA	NA	NA
rs28542413	-470	0.128	CC/AT	1	0.323	NA	NA	NA
rs2455967	-469	0.204	CC/AA	1	2.21e-05	NA	NA	NA
rs10151714	-467	0.136	CC/AA	1	0.319	NA	NA	NA
rs2488869	-466	0.211	CA/AT	1	1.84e-05	NA	NA	NA
rs2455961	-456	0.157	CC/AA	1	0.000143	NA	NA	NA
rs2488875	-453	0.197	CA/AG	1	1.35e-05	NA	NA	NA
rs7149847	-452	0.128	CT/AG	1	0.268	NA	NA	NA
rs74479780	-445	0.164	CA/AT	1	0.203	NA	NA	NA
rs2488880	-445	0.142	CT/AC	1	6.11e-05	NA	NA	NA
rs28676703	-439	0.146	CT/AC	1	0.102	NA	NA	NA
rs4365203	-434	0.104	CG/AA	1	0.000122	NA	NA	NA
rs2798391	-432	0.215	CC/AT	1	2e-05	NA	NA	NA
rs76917426	-430	0.138	CT/AC	1	0.496	NA	NA	NA
rs77756070	-430	0.138	CC/AT	1	0.499	NA	NA	NA
rs2798398	-424	0.214	CC/AA	1	2.02e-05	NA	NA	NA
rs2807798	-423	0.194	CT/AC	1	5.46e-06	NA	NA	NA
rs2798400	-423	0.194	CT/AC	1	5.48e-06	NA	NA	NA
rs10438083	-422	0.142	CA/AC	1	0.0485	NA	NA	NA
rs4900636	-421	0.162	CG/AA	1	0.0934	NA	NA	NA
rs1959863	-420	0.153	CT/AC	1	7.23e-05	NA	NA	NA
rs1954398	-411	0.2	CA/AG	1	2.07e-05	NA	NA	NA
rs2185897	-407	0.217	CC/AT	1	3.64e-05	NA	NA	NA
rs28417648	-404	0.168	CC/AT	1	0.208	NA	NA	NA
rs76519613	-401	0.123	CG/AT	1	0.329	NA	NA	NA
rs12147648	-399	0.148	CG/AA	1	0.127	NA	NA	NA
rs74047575	-398	0.148	CT/AG	1	0.124	NA	NA	NA
rs10459432	-397	0.212	CC/AT	1	1.9e-05	NA	NA	NA
rs17113962	-396	0.212	CG/AA	1	2.69e-05	NA	NA	NA
rs1899151	-393	0.214	CG/AA	1	2.87e-05	NA	NA	NA
rs10142805	-387	0.206	CG/AC	1	1.37e-05	NA	NA	NA
rs12147127	-383	0.15	CG/AA	1	0.153	NA	NA	NA
rs12147683	-382	0.157	CA/AG	1	0.175	NA	NA	NA
rs8012041	-381	0.208	CA/AT	1	1.81e-05	NA	NA	NA
rs11849781	-381	0.208	CT/AG	1	1.53e-05	NA	NA	NA
rs10148798	-380	0.206	CT/AG	1	1.66e-05	NA	NA	NA
rs76137465	-379	0.149	CT/AC	1	0.923	NA	NA	NA
rs714467	-379	0.11	CC/AT	1	0.000194	NA	NA	NA
rs11844857	-378	0.156	CG/AA	1	0.000339	NA	NA	NA
rs8013121	-377	0.118	CA/AC	1	0.00108	NA	NA	NA
rs74758026	-377	0.139	CT/AG	1	0.736	NA	NA	NA
rs77854458	-372	0.112	CC/AT	1	0.232	NA	NA	NA
rs7140633	-371	0.17	CC/AT	1	0.000234	NA	NA	NA
rs10498381	-364	0.151	CG/AA	1	0.0397	NA	NA	NA
rs76868272	-364	0.151	CG/AA	1	0.0394	NA	NA	NA
rs8004520	-361	0.199	CC/AG	1	0.00503	NA	NA	NA
rs12147896	-359	0.11	CC/AT	1	0.245	NA	NA	NA
rs1899138	-358	0.214	CG/AA	1	0.0075	NA	NA	NA
rs78831539	-357	0.159	CG/AT	1	0.887	NA	NA	NA
rs2018833	-355	0.199	CG/AA	1	0.00645	NA	NA	NA
rs10132211	-354	0.196	CG/AA	1	0.00485	NA	NA	NA
rs10132480	-353	0.196	CA/AC	1	0.00502	NA	NA	NA
rs12885200	-353	0.15	CA/AG	1	0.000198	NA	NA	NA
rs8010622	-351	0.149	CT/AC	1	0.0314	NA	NA	NA
rs8011032	-351	0.149	CA/AG	1	0.0266	NA	NA	NA
rs10147743	-351	0.153	CG/AA	1	0.000474	NA	NA	NA
rs10148115	-351	0.196	CA/AG	1	0.0206	NA	NA	NA
rs10137230	-350	0.153	CC/AT	1	0.000459	NA	NA	NA
rs10148029	-350	0.196	CG/AA	1	0.0106	NA	NA	NA
rs12147868	-350	0.149	CA/AG	1	0.0551	NA	NA	NA
rs2415799	-349	0.15	CT/AC	1	0.0298	NA	NA	NA
rs2415800	-349	0.213	CA/AT	1	0.0077	NA	NA	NA
rs12147622	-349	0.148	CC/AT	1	0.718	NA	NA	NA
rs10143641	-349	0.167	CC/AT	1	0.0386	NA	NA	NA
rs4900637	-347	0.151	CA/AG	1	0.0313	NA	NA	NA
rs1866801	-341	0.193	CC/AT	1	0.345	NA	NA	NA
rs4906470	-339	0.126	CG/AA	1	0.0971	NA	NA	NA
rs10130818	-336	0.146	CG/AA	1	0.0944	NA	NA	NA
rs2807800	-335	0.121	CG/AA	1	0.00108	NA	NA	NA
rs1899160	-334	0.169	CA/AT	1	0.000609	NA	NA	NA
rs1899159	-331	0.214	CC/AG	1	0.00929	NA	NA	NA
rs2119333	-330	0.167	CG/AA	1	0.000301	NA	NA	NA
rs8007839	-330	0.171	CA/AT	1	0.000323	NA	NA	NA
rs12185022	-329	0.155	CT/AG	1	0.668	NA	NA	NA
rs12185055	-328	0.155	CG/AA	1	0.646	NA	NA	NA
rs6572187	-326	0.146	CG/AC	1	0.0876	NA	NA	NA
rs118000944	-324	0.155	CA/AG	1	0.667	NA	NA	NA
rs2415801	-322	0.187	CC/AT	1	0.02	NA	NA	NA
rs3919704	-316	0.169	CC/AT	1	0.000319	NA	NA	NA
rs1899157	-316	0.155	CT/AC	1	0.627	NA	NA	NA
rs12892301	-315	0.158	CT/AG	1	0.000148	NA	NA	NA
rs74047583	-309	0.154	CC/AT	1	0.473	NA	NA	NA
rs10147432	-303	0.166	CT/AA	1	0.0011	NA	NA	NA
rs76300276	-302	0.155	CA/AG	1	0.548	NA	NA	NA
rs79785120	-299	0.159	CC/AT	1	0.593	NA	NA	NA
rs10138224	-298	0.119	CC/AT	1	0.00709	NA	NA	NA
rs4900638	-297	0.167	CA/AG	1	0.00133	NA	NA	NA
rs56914026	-294	0.141	CA/AG	1	0.024	NA	NA	NA
rs7161673	-292	0.319	CG/AT	1	0.123	NA	NA	NA
rs2582050	-284	0.313	CT/AC	1	2.52e-05	NA	NA	NA
rs17637591	-282	0.32	CT/AA	1	0.378	NA	NA	NA
rs142172147	-280	0.308	CT/AC	1	0.53	NA	NA	NA
rs72671158	-274	0.319	CG/AA	1	0.312	NA	NA	NA
rs10132834	-273	0.381	CA/AG	1	4.52e-05	NA	NA	NA
rs12147272	-271	0.322	CC/AA	1	0.225	NA	NA	NA
rs12147875	-271	0.322	CA/AT	1	0.22	NA	NA	NA
rs7159822	-249	0.331	CC/AT	1	0.336	NA	NA	NA
rs72671162	-246	0.329	CT/AA	1	0.315	NA	NA	NA
rs11157342	-244	0.426	CG/AT	1	4.1e-05	0	0.000273490965526368	0.996447025298086
rs79525004	-242	0.136	CT/AC	1	0.598	NA	NA	NA
rs7140928	-236	0.402	CA/AG	1	3.09e-05	0	0.000357746936566352	0.994260522985387
rs4402453	-222	0.394	CT/AC	1	4.72e-05	NA	NA	NA
rs72671170	-220	0.333	CC/AT	1	0.383	NA	NA	NA
rs4288916	-218	0.4	CC/AG	1	3.7e-05	NA	NA	NA
rs112440268	-216	0.327	CC/AT	1	0.415	NA	NA	NA
rs72671173	-209	0.333	CA/AT	1	0.405	NA	NA	NA
rs10498385	-206	0.403	CT/AC	1	4.99e-05	0	0.00022700199600974	0.997406574455072
rs10872971	-203	0.403	CT/AA	1	2.83e-05	0	0.000388917521556315	0.992385942854423
rs4906472	-202	0.345	CT/AC	1	0.542	NA	NA	NA
rs17644616	-191	0.345	CC/AG	1	0.548	NA	NA	NA
rs72671178	-173	0.345	CT/AC	1	0.423	NA	NA	NA
rs28577206	-167	0.409	CG/AA	1	3.23e-05	0	0.000342997508129188	0.994952683226826
rs72671180	-167	0.349	CG/AA	1	0.39	NA	NA	NA
rs72671183	-156	0.349	CT/AG	1	0.591	NA	NA	NA
rs55661230	-156	0.489	CC/AT	1	6.83e-06	1	0.00150890628876611	0.987951807472507
rs55942844	-156	0.489	CC/AT	1	5.63e-06	1	0.00181533898811961	0.98644290118374
rs1962202	-151	0.345	CT/AC	1	0.402	NA	NA	NA
rs7152553	-141	0.343	CC/AT	1	0.384	NA	NA	NA
rs72671188	-141	0.345	CA/AG	1	0.392	NA	NA	NA
rs72671193	-131	0.346	CC/AT	1	0.401	NA	NA	NA
rs72671194	-130	0.342	CA/AC	1	0.44	NA	NA	NA
rs143497952	-119	0.356	CG/AC	1	0.671	NA	NA	NA
rs2201351	-118	0.414	CG/AA	1	1.26e-05	1	0.000840572658666641	0.988792380131173
rs2172638	-109	0.398	CC/AT	1	2.89e-05	NA	NA	NA
rs10144564	-107	0.307	CC/AT	1	0.00162	NA	NA	NA
rs79773988	-104	0.133	CG/AA	1	0.556	NA	NA	NA
rs77393631	-104	0.133	CG/AA	1	0.558	NA	NA	NA
rs10130885	-104	0.361	CC/AT	1	7.92e-05	NA	NA	NA
rs7142830	-104	0.371	CC/AT	1	9.16e-05	NA	NA	NA
rs117248559	-104	0.133	CG/AT	1	0.568	NA	NA	NA
rs7149976	-103	0.409	CC/AT	1	5.67e-05	0	0.000201120991225289	0.998025384925286
rs140932290	-102	0.471	CG/AA	1	0.00556	0	2.83723701003138e-06	0.999997559271038
rs10143825	-102	0.409	CC/AT	1	4.43e-05	0	0.000254125410904682	0.996701150708991
rs7150034	-101	0.375	CA/AG	1	4.26e-05	NA	NA	NA
rs10135000	-101	0.411	CT/AG	1	3.59e-05	0	0.000310243547035481	0.995587797500037
rs1602980	-99.8	0.413	CT/AC	1	2.44e-05	0	0.000447816733361293	0.991131676490135
rs1602981	-99.8	0.413	CG/AT	1	2.55e-05	0	0.000429420975170039	0.991997025332867
rs1602982	-98	0.359	CA/AG	1	0.415	NA	NA	NA
rs28522813	-97.3	0.307	CC/AT	1	0.00264	NA	NA	NA
rs7161109	-95.7	0.307	CC/AT	1	0.00153	NA	NA	NA
rs28851314	-94.3	0.307	CG/AA	1	0.00137	NA	NA	NA
rs72673003	-93.8	0.357	CT/AC	1	0.304	NA	NA	NA
rs66536861	-92.1	0.369	CT/AC	1	9.5e-05	NA	NA	NA
rs74834943	-90	0.131	CA/AG	1	0.582	NA	NA	NA
rs1120119	-89	0.363	CC/AT	1	2.21e-05	NA	NA	NA
rs1586993	-89	0.413	CT/AC	1	3.85e-05	0	0.000290317912585835	0.99617353433256
rs1602985	-88.3	0.427	CC/AA	1	1.48e-05	1	0.000720954904798129	0.989513335035971
rs2201354	-86.1	0.261	CT/AA	1	0.0164	NA	NA	NA
rs72673004	-85.9	0.363	CT/AC	1	0.253	NA	NA	NA
rs7152632	-84.8	0.261	CC/AT	1	0.0166	NA	NA	NA
rs34608187	-84.7	0.404	CG/AC	1	2.43e-05	0	0.000449569816004604	0.990683859756774
rs72673006	-84.6	0.363	CT/AC	1	0.248	NA	NA	NA
rs7157894	-84.3	0.404	CC/AT	1	3.42e-05	0	0.000324870726175738	0.995277553953001
rs62000229	-84.1	0.258	CA/AC	1	0.0165	NA	NA	NA
rs55636602	-83.7	0.363	CC/AT	1	0.227	NA	NA	NA
rs10129960	-82.9	0.404	CG/AA	1	2.51e-05	0	0.000435927867561685	0.991567604357697
rs41510745	-82.3	0.361	CT/AC	1	0.315	NA	NA	NA
rs8021366	-82	0.259	CC/AT	1	0.0138	NA	NA	NA
rs34104363	-82	0.361	CC/AT	1	0.248	NA	NA	NA
rs8007157	-81	0.4	CA/AT	1	2.9e-05	NA	NA	NA
rs11157354	-80.8	0.395	CG/AA	1	4.34e-05	NA	NA	NA
rs2088005	-80.3	0.404	CG/AT	1	2.89e-05	0	0.000381237757971186	0.993535999072693
rs58029951	-79.4	0.194	CA/AG	1	0.439	NA	NA	NA
rs41354251	-77	0.361	CA/AG	1	0.259	NA	NA	NA
rs8008932	-76.8	0.4	CG/AC	1	3.09e-05	NA	NA	NA
rs7157620	-75.3	0.194	CG/AC	1	0.426	NA	NA	NA
rs10138595	-75.1	0.4	CC/AA	1	3.48e-05	NA	NA	NA
rs4906474	-72.4	0.361	CC/AT	1	0.204	NA	NA	NA
rs7149611	-71.3	0.192	CG/AC	1	0.565	NA	NA	NA
rs28378354	-70.4	0.396	CT/AC	1	3.86e-05	NA	NA	NA
rs17114196	-69.8	0.396	CA/AC	1	3.12e-05	NA	NA	NA
rs6572199	-68.2	0.252	CT/AC	1	0.0199	NA	NA	NA
rs17114202	-67.1	0.192	CC/AT	1	0.528	NA	NA	NA
rs17713315	-66.5	0.138	CT/AC	1	0.134	NA	NA	NA
rs1389564	-66.4	0.395	CG/AA	1	7.24e-05	NA	NA	NA
rs8021774	-66.1	0.361	CC/AT	1	0.235	NA	NA	NA
rs6572201	-64	0.396	CC/AT	1	3.42e-05	NA	NA	NA
rs72673012	-63.8	0.361	CA/AC	1	0.25	NA	NA	NA
rs56127907	-63.4	0.148	CT/AC	1	0.000954	NA	NA	NA
rs7156163	-62.8	0.25	CT/AA	1	0.0171	NA	NA	NA
rs17645774	-62.4	0.396	CT/AC	1	3.14e-05	NA	NA	NA
rs17645810	-62.4	0.396	CT/AA	1	2.94e-05	NA	NA	NA
rs17645840	-62	0.361	CC/AT	1	0.228	NA	NA	NA
rs72673013	-60.7	0.361	CG/AT	1	0.235	NA	NA	NA
rs8005404	-60.3	0.18	CC/AT	1	0.663	NA	NA	NA
rs10132664	-59.6	0.396	CT/AA	1	2.34e-05	NA	NA	NA
rs10438085	-58.6	0.396	CA/AC	1	2.04e-05	NA	NA	NA
rs10438086	-58.4	0.396	CG/AT	1	1.65e-05	NA	NA	NA
rs10438087	-58.4	0.252	CG/AT	1	0.0142	NA	NA	NA
rs12147283	-58.2	0.361	CG/AA	1	0.264	NA	NA	NA
rs10138197	-54.6	0.178	CC/AT	1	0.498	NA	NA	NA
rs10498389	-53.5	0.18	CG/AA	1	0.45	NA	NA	NA
rs12894422	-52.6	0.39	CG/AC	1	3.3e-05	NA	NA	NA
rs112481551	-52.5	0.361	CG/AT	1	0.272	NA	NA	NA
rs8021738	-51.8	0.18	CA/AT	1	0.486	NA	NA	NA
rs7141950	-51.7	0.396	CA/AG	1	2.44e-05	NA	NA	NA
rs8004770	-51.5	0.396	CT/AC	1	2.47e-05	NA	NA	NA
rs8005469	-51.2	0.252	CT/AG	1	0.0181	NA	NA	NA
rs6572205	-45	0.176	CG/AC	1	0.49	NA	NA	NA
rs1959593	-42.9	0.241	CG/AC	1	0.229	NA	NA	NA
rs1959592	-42.9	0.252	CT/AA	1	0.0147	NA	NA	NA
rs7150041	-40.9	0.367	CT/AA	1	0.199	NA	NA	NA
rs72673020	-36.4	0.368	CG/AA	1	0.16	NA	NA	NA
rs72673021	-36.1	0.368	CG/AA	1	0.164	NA	NA	NA
rs72673022	-35.6	0.368	CA/AC	1	0.214	NA	NA	NA
rs117572149	-33.2	0.126	CC/AG	1	0.633	NA	NA	NA
rs1807893	-28.3	0.463	CC/AG	1	2.85e-05	0	0.000386322471677672	0.992772265326101
rs10431674	-25.9	0.457	CG/AC	1	2.88e-05	0	0.000382495988621174	0.993154761314722
rs72673024	-23.3	0.375	CT/AC	1	0.147	NA	NA	NA
rs7149801	-22.6	0.292	CT/AC	1	0.0335	NA	NA	NA
rs8008534	-19.2	0.415	CG/AA	1	4.93e-05	0	0.000229619973008534	0.997179572459062
rs8016999	-14.3	0.368	CT/AG	1	0.143	NA	NA	NA
rs11157358	-14.1	0.373	CG/AC	1	0.147	NA	NA	NA
rs10138430	-11.8	0.408	CG/AA	1	3.17e-05	0	0.000349162733309311	0.994609685718696
rs72673027	-10.6	0.403	CT/AC	1	0.723	0	6.46882464306303e-08	1
rs10144368	-10.3	0.592	CG/AA	1	3.99e-06	1	0.00252457686258454	0.982261851786704
rs10144459	-10.2	0.362	CC/AG	1	0.00193	NA	NA	NA
rs112321057	-10.2	0.406	CC/AT	1	0.543	0	7.30953860781148e-08	0.999999866172545
rs10144308	-10.2	0.545	CT/AA	1	4.27e-06	1	0.00236571040891647	0.984627562195621
rs10133568	-10.1	0.359	CC/AT	1	0.000427	NA	NA	NA
rs10133647	-10.1	0.545	CC/AT	1	1.66e-06	1	0.00585803392781016	0.976203717886876
rs113672515	-9.65	0.394	CT/AC	1	0.214	NA	NA	NA
rs12147843	-8.74	0.362	CA/AG	1	0.000348	NA	NA	NA
rs12147954	-8.7	0.545	CG/AA	1	2.81e-06	1	0.00353355703724413	0.97973727492412
rs12147067	-6.89	0.587	CG/AC	1	3.15e-07	1	0.0290493619709978	0.949442404111974
rs72673032	-5.84	0.411	CC/AA	1	0.611	0	6.91392082955132e-08	0.999999935311754
rs61998579	-4.34	0.184	CA/AG	1	0.00487	NA	NA	NA
rs61998580	-4.33	0.184	CC/AA	1	0.00482	NA	NA	NA
rs61998581	-4.19	0.187	CA/AG	1	0.00852	NA	NA	NA
rs61998582	-4.14	0.187	CT/AA	1	0.00701	NA	NA	NA
rs76464380	-3.57	0.191	CA/AG	1	0.0089	NA	NA	NA
rs79543102	-3.48	0.191	CA/AG	1	0.00953	NA	NA	NA
rs1953936	-3.09	0.191	CC/AT	1	0.0595	NA	NA	NA
rs6572207	-3.03	0.196	CG/AA	1	0.0508	NA	NA	NA
rs72673033	-2.21	0.274	CT/AC	1	0.118	NA	NA	NA
rs8005625	-1.89	0.274	CT/AG	1	0.191	NA	NA	NA
rs74048141	-1.83	0.193	CG/AC	1	0.0363	NA	NA	NA
rs61998583	-1.58	0.202	CA/AG	1	0.00958	NA	NA	NA
rs56268924	-0.827	0.191	CT/AC	1	0.067	NA	NA	NA
rs17714118	-0.487	0.274	CC/AT	1	0.16	NA	NA	NA
rs74048144	0.895	0.191	CA/AG	1	0.0499	NA	NA	NA
rs80280699	1.31	0.191	CG/AC	1	0.00853	NA	NA	NA
rs55690253	1.54	0.274	CC/AG	1	0.162	NA	NA	NA
rs61998584	1.84	0.191	CG/AC	1	0.00846	NA	NA	NA
rs17714147	2.19	0.266	CG/AA	1	0.363	NA	NA	NA
rs56178942	2.79	0.976	CC/AA	1	6.75e-08	1	0.128874901654179	0.332516696231452
rs75453826	2.8	0.191	CA/AG	1	0.0463	NA	NA	NA
rs61998586	2.87	1	CG/AT	1	1e-07	1	0.088079908589869	0.648399155802708
rs78310606	2.95	0.224	CA/AC	1	0.168	NA	NA	NA
rs60133601	2.98	0.2	CG/AA	1	0.00275	NA	NA	NA
rs61998588	3.09	0.191	CT/AA	1	0.00813	NA	NA	NA
rs1959579	3.55	0.274	CA/AG	1	0.209	NA	NA	NA
rs55869570	3.72	1	CG/AT	1	8.2e-08	1	0.106737675622764	0.560319247212839
rs1953935	4.1	0.98	CC/AG	1	7.2e-08	1	0.121064875358623	0.453581571590075
rs56085234	5.22	0.191	CC/AT	1	0.0606	NA	NA	NA
rs12885137	5.97	0.52	CC/AT	1	0.000155	0	7.78079275023109e-05	0.999593474204625
rs72673036	7.08	0.274	CG/AA	1	0.178	NA	NA	NA
rs61998590	7.19	0.452	CG/AA	1	7.39e-05	0	0.000156514017788836	0.999274446088985
rs61998591	7.63	0.18	CT/AG	1	0.0122	NA	NA	NA
rs61998592	8.5	0.2	CA/AG	1	0.00977	NA	NA	NA
rs72673037	9.02	0.278	CA/AG	1	0.182	NA	NA	NA
rs117584545	9.12	0.266	CT/AC	1	0.349	NA	NA	NA
rs72673039	9.26	0.278	CA/AG	1	0.192	NA	NA	NA
rs72673040	9.44	0.268	CG/AA	1	0.194	NA	NA	NA
rs72673041	9.71	0.256	CC/AT	1	0.359	NA	NA	NA
rs55960294	10.5	0.191	CC/AA	1	0.042	NA	NA	NA
rs10400703	11.2	0.963	CG/AA	1	4.43e-07	1	0.0209032798470915	0.970345683959066
rs74325530	11.2	0.202	CT/AA	1	0.00843	NA	NA	NA
rs72673043	11.6	0.25	CA/AC	1	0.524	NA	NA	NA
rs72673044	11.8	0.254	CG/AA	1	0.56	NA	NA	NA
rs1959578	12.4	0.194	CT/AA	1	0.0463	NA	NA	NA
rs74508594	13.3	0.163	CT/AC	1	0.0143	NA	NA	NA
rs61998594	14.7	0.177	CC/AA	1	0.00407	NA	NA	NA
rs76356379	15.4	0.159	CG/AT	1	0.0118	NA	NA	NA
rs72673047	15.6	0.254	CA/AG	1	0.43	NA	NA	NA
rs2153390	16.9	0.911	CT/AA	1	2.08e-07	1	0.0433757764747155	0.839285372187787
rs2153389	17.4	0.173	CT/AC	1	0.00894	NA	NA	NA
rs8019737	18	0.198	CG/AT	1	0.0335	NA	NA	NA
rs61998621	18.3	0.177	CC/AG	1	0.0155	NA	NA	NA
rs55708004	18.9	0.547	CT/AC	1	0.00191	0	7.50857229802431e-06	0.999959486333474
rs60838121	19.4	0.94	CA/AG	1	2.22e-07	1	0.040729555838511	0.880014928026298
rs10498390	20	0.2	CA/AG	1	0.0187	NA	NA	NA
rs4906476	20.7	0.94	CT/AC	1	2.03e-07	1	0.0444078726024309	0.795909595713071
rs7153850	21.1	0.246	CT/AG	1	0.363	NA	NA	NA
rs7160114	21.6	0.192	CC/AT	1	0.0347	NA	NA	NA
rs7159170	21.9	0.246	CT/AC	1	0.37	NA	NA	NA
rs17646678	22.6	0.2	CC/AT	1	0.0176	NA	NA	NA
rs55946114	22.7	0.258	CC/AT	1	0.136	NA	NA	NA
rs7145464	26.3	0.173	CA/AC	1	0.00869	NA	NA	NA
rs1953946	26.4	0.25	CT/AG	1	0.157	NA	NA	NA
rs4906477	26.6	0.191	CC/AT	1	0.0152	NA	NA	NA
rs7146515	26.7	0.196	CA/AG	1	0.0249	NA	NA	NA
rs4906478	26.7	0.191	CT/AC	1	0.0181	NA	NA	NA
rs112316610	27.3	0.256	CA/AG	1	0.12	NA	NA	NA
rs61998627	28.9	0.533	CA/AG	1	0.00291	0	5.1066009586166e-06	0.999994722034028
rs78351034	29.2	0.164	CT/AG	1	0.00846	NA	NA	NA
rs7154264	30	0.533	CT/AA	1	0.00147	0	9.5537016531117e-06	0.999915659324739
rs77808462	30.6	0.196	CC/AT	1	0.028	NA	NA	NA
rs61998628	31.5	0.525	CT/AG	1	0.00207	0	6.97413767544079e-06	0.99996646047115
rs78314571	32	0.189	CC/AT	1	0.0267	NA	NA	NA
rs72673050	32.2	0.25	CA/AG	1	0.203	NA	NA	NA
rs7151492	32.5	0.936	CC/AT	1	2.24e-07	1	0.0403781141146784	0.920393042140976
rs7152598	33.2	0.547	CA/AT	1	0.00116	0	1.18876891592563e-05	0.999906105623086
rs7156041	33.5	0.266	CG/AA	1	0.0957	NA	NA	NA
rs61998629	33.7	0.547	CC/AT	1	0.000901	0	1.50196067822585e-05	0.999853438155476
rs7158603	34.1	0.547	CC/AT	1	0.00116	0	1.18876891592563e-05	0.999894217933927
rs61998630	34.3	0.191	CA/AG	1	0.0185	NA	NA	NA
rs111953056	34.5	0.193	CT/AC	1	0.0338	NA	NA	NA
rs61998631	37.5	0.2	CA/AG	1	0.0179	NA	NA	NA
rs112035635	38.6	0.2	CA/AG	1	0.00939	NA	NA	NA
rs1959597	38.7	0.2	CA/AG	1	0.00939	NA	NA	NA
rs55981622	39.6	0.96	CG/AA	1	1.92e-07	1	0.0468646115515798	0.75150172311064
rs78079068	42	0.191	CT/AA	1	0.0438	NA	NA	NA
rs8019581	42.9	0.907	CG/AA	1	1.59e-07	1	0.0562379557563523	0.704637111559061
rs61674325	44.1	0.433	CT/AC	1	0.0165	0	1.07616306747041e-06	0.999998635434106
rs61998634	44.3	0.12	CT/AA	1	0.383	NA	NA	NA
rs61998635	44.4	0.117	CC/AT	1	0.398	NA	NA	NA
rs72673053	46	0.246	CG/AA	1	0.191	NA	NA	NA
rs77369150	46.3	0.117	CC/AT	1	0.473	NA	NA	NA
rs61998636	46.4	0.107	CC/AT	1	0.507	NA	NA	NA
rs8003814	47.2	0.787	CA/AT	1	1.48e-05	1	0.000720954904798129	0.990234289940769
rs61998637	47.2	0.117	CT/AC	1	0.504	NA	NA	NA
rs61998638	48	0.131	CT/AA	1	0.288	NA	NA	NA
rs7141384	48.5	0.429	CG/AT	1	0.0462	0	4.43148528039589e-07	0.999999793077159
rs8003648	49	0.795	CC/AA	1	3.78e-05	0	0.000295418919937247	0.995883216419974
rs111992111	49.5	0.115	CC/AA	1	0.613	NA	NA	NA
rs61998639	49.8	0.117	CT/AC	1	0.605	NA	NA	NA
rs72673054	50.2	0.248	CC/AT	1	0.15	NA	NA	NA
rs75942537	50.2	0.196	CG/AA	1	0.147	NA	NA	NA
rs61998640	50.4	0.117	CG/AA	1	0.605	NA	NA	NA
rs61998641	51.2	0.117	CC/AG	1	0.621	NA	NA	NA
rs61998642	51.6	0.117	CC/AT	1	0.606	NA	NA	NA
rs61998643	51.8	0.117	CT/AC	1	0.584	NA	NA	NA
rs72673055	51.8	0.242	CA/AC	1	0.251	NA	NA	NA
rs61998644	51.9	0.117	CT/AC	1	0.599	NA	NA	NA
rs61998645	52.3	0.117	CC/AT	1	0.598	NA	NA	NA
rs61998646	52.7	0.117	CC/AT	1	0.598	NA	NA	NA
rs72673056	53.3	0.525	CC/AT	1	0.000977	0	1.39340191674324e-05	0.999882330244767
rs61998647	53.6	0.117	CC/AT	1	0.616	NA	NA	NA
rs72673057	53.6	0.236	CT/AG	1	0.254	NA	NA	NA
rs77051878	53.7	0.12	CA/AG	1	0.34	NA	NA	NA
rs78761785	53.8	0.117	CA/AG	1	0.596	NA	NA	NA
rs4906479	54.5	0.115	CA/AG	1	0.474	NA	NA	NA
rs2415812	54.5	0.544	CA/AG	1	0.000905	0	1.49580701240149e-05	0.9998683962256
rs4906480	54.7	0.117	CC/AG	1	0.509	NA	NA	NA
rs61999807	60.2	0.12	CG/AA	1	0.432	NA	NA	NA
rs4906482	60.7	0.12	CT/AC	1	0.435	NA	NA	NA
rs56174216	61.3	0.12	CT/AG	1	0.446	NA	NA	NA
rs59013531	62.1	0.787	CG/AA	1	5.27e-05	0	0.000215555298319822	0.997622129753392
rs59387886	62.4	0.133	CT/AC	1	0.205	NA	NA	NA
rs59037842	62.5	0.133	CC/AT	1	0.202	NA	NA	NA
rs8012396	62.5	0.185	CG/AA	1	0.137	NA	NA	NA
rs72673061	62.7	0.242	CA/AG	1	0.299	NA	NA	NA
rs61999814	62.8	0.12	CG/AC	1	0.414	NA	NA	NA
rs79889911	62.8	0.133	CG/AA	1	0.204	NA	NA	NA
rs4906483	63.1	0.133	CT/AC	1	0.217	NA	NA	NA
rs4900641	63.1	0.133	CC/AG	1	0.212	NA	NA	NA
rs4906484	63.2	0.133	CT/AC	1	0.243	NA	NA	NA
rs4900642	63.3	0.133	CC/AT	1	0.217	NA	NA	NA
rs61999817	64	0.12	CA/AG	1	0.444	NA	NA	NA
rs55964916	64.2	0.133	CC/AT	1	0.218	NA	NA	NA
rs12878016	64.4	0.776	CT/AA	1	6.68e-05	0	0.000172208250507223	0.999117932071196
rs58366589	64.4	0.133	CA/AG	1	0.365	NA	NA	NA
rs58062622	64.5	0.133	CG/AA	1	0.218	NA	NA	NA
rs56704869	64.5	0.133	CG/AC	1	0.209	NA	NA	NA
rs77418640	64.6	0.185	CG/AA	1	0.123	NA	NA	NA
rs60945259	64.8	0.133	CT/AG	1	0.23	NA	NA	NA
rs61418508	64.9	0.133	CC/AA	1	0.218	NA	NA	NA
rs60963517	65	0.133	CT/AG	1	0.266	NA	NA	NA
rs61999823	65.2	0.13	CC/AG	1	0.177	NA	NA	NA
rs72673062	65.4	0.499	CT/AC	1	0.00155	0	9.09851539661e-06	0.999943575321744
rs72673063	65.5	0.497	CT/AC	1	0.00152	0	9.2637799555044e-06	0.999934476806348
rs61999825	65.5	0.133	CT/AC	1	0.22	NA	NA	NA
rs61999826	65.7	0.133	CG/AA	1	0.219	NA	NA	NA
rs61999827	65.7	0.133	CG/AA	1	0.213	NA	NA	NA
rs74048367	65.8	0.133	CC/AG	1	0.216	NA	NA	NA
rs74048368	65.9	0.133	CA/AT	1	0.216	NA	NA	NA
rs80250516	65.9	0.12	CA/AG	1	0.435	NA	NA	NA
rs74048369	66.1	0.133	CC/AT	1	0.219	NA	NA	NA
rs74048229	66.5	0.133	CG/AT	1	0.217	NA	NA	NA
rs76182527	66.6	0.133	CG/AT	1	0.214	NA	NA	NA
rs61999828	66.6	0.133	CC/AA	1	0.275	NA	NA	NA
rs61999829	67.3	0.133	CC/AA	1	0.217	NA	NA	NA
rs8022054	67.8	0.776	CA/AG	1	6.17e-05	0	0.000185652670443291	0.998405977073461
rs8021770	67.8	0.776	CT/AA	1	5.86e-05	0	0.00019493947773125	0.998220324403018
rs75937278	67.8	0.12	CT/AG	1	0.453	NA	NA	NA
rs61999830	67.9	0.12	CA/AG	1	0.434	NA	NA	NA
rs72673065	68.6	0.232	CT/AC	1	0.295	NA	NA	NA
rs72673066	68.7	0.776	CG/AA	1	6.46e-05	0	0.000177753633383432	0.998767970187306
rs61999831	68.8	0.12	CG/AA	1	0.453	NA	NA	NA
rs12147211	69.8	0.178	CT/AC	1	0.136	NA	NA	NA
rs56270687	69.9	0.122	CC/AA	1	0.382	NA	NA	NA
rs55841326	69.9	0.122	CT/AC	1	0.382	NA	NA	NA
rs2226012	70.3	0.502	CC/AT	1	0.00169	0	8.40243943224733e-06	0.999951977761176
rs61999834	71.2	0.118	CA/AG	1	0.474	NA	NA	NA
rs8019563	71.2	0.52	CT/AC	1	0.000659	0	2.00802542890684e-05	0.999838418548694
rs17647092	72	0.118	CG/AA	1	0.482	NA	NA	NA
rs61999835	72.6	0.12	CC/AT	1	0.413	NA	NA	NA
rs4906485	72.7	0.118	CT/AC	1	0.468	NA	NA	NA
rs4906486	73	0.78	CC/AT	1	5.64e-05	0	0.000202134180669397	0.997824263934061
rs8011986	73.1	0.502	CC/AT	1	0.00147	0	9.5537016531117e-06	0.999925213026392
rs55787574	73.5	0.118	CG/AA	1	0.463	NA	NA	NA
rs8015698	73.7	0.78	CT/AC	1	6.22e-05	0	0.000184239480461401	0.998590216553922
rs78464229	74.1	0.203	CC/AT	1	0.183	NA	NA	NA
rs60757831	74.1	0.78	CG/AA	1	6.46e-05	0	0.000177753633383432	0.998945723820689
rs4906487	74.6	0.12	CT/AC	1	0.407	NA	NA	NA
rs4906488	74.6	0.78	CC/AT	1	4.53e-05	0	0.000248801777062538	0.996949952486054
rs1953945	75.7	0.743	CT/AC	1	3.01e-05	0	0.000366776976127435	0.993902776048821
rs56208276	76.3	0.141	CT/AC	1	0.341	NA	NA	NA
rs56009991	76.3	0.118	CT/AC	1	0.396	NA	NA	NA
rs60739365	76.7	0.145	CC/AT	1	0.335	NA	NA	NA
rs7145383	77.5	0.223	CA/AG	1	0.201	NA	NA	NA
rs2415815	78	0.12	CC/AA	1	0.422	NA	NA	NA
rs2415816	78.2	0.12	CC/AA	1	0.485	NA	NA	NA
rs7146388	78.2	0.479	CG/AA	1	0.00258	0	5.70015608321411e-06	0.99998418405064
rs61999841	78.7	0.117	CA/AC	1	0.484	NA	NA	NA
rs56369412	78.9	0.233	CC/AT	1	0.177	NA	NA	NA
rs11627636	79	0.435	CG/AT	1	0.00272	0	5.43138242985021e-06	0.99998961543307
rs1953944	79.5	0.122	CG/AA	1	0.488	NA	NA	NA
rs78825621	79.5	0.169	CT/AA	1	0.465	NA	NA	NA
rs59225929	79.8	0.119	CA/AG	1	0.437	NA	NA	NA
rs61999843	80.2	0.106	CT/AC	1	0.49	NA	NA	NA
rs4906489	81.7	0.119	CT/AA	1	0.517	NA	NA	NA
rs72675032	81.8	0.476	CA/AT	1	0.00248	0	5.91003242841734e-06	0.999978483894557
rs17725972	82.3	0.481	CC/AT	1	0.00239	0	6.11339097828219e-06	0.999972573862128
rs17647279	83.2	0.236	CA/AC	1	0.21	NA	NA	NA
rs61999844	83.7	0.12	CA/AG	1	0.538	NA	NA	NA
rs61999845	83.7	0.12	CA/AG	1	0.541	NA	NA	NA
rs4906490	84	0.768	CT/AC	1	7.8e-05	0	0.000148723205902892	0.999423169294888
rs72675035	84.1	0.24	CT/AC	1	0.184	NA	NA	NA
rs4906491	84.5	0.122	CT/AA	1	0.478	NA	NA	NA
rs74491228	85	0.18	CA/AG	1	0.444	NA	NA	NA
rs55970828	85.2	0.74	CA/AT	1	0.000308	0	4.08357783230644e-05	0.999746052843204
rs78501359	85.5	0.151	CT/AA	1	0.198	NA	NA	NA
rs17726031	87.4	0.76	CT/AC	1	0.000129	0	9.24969822346503e-05	0.999515666277123
rs147996435	87.7	0.225	CA/AG	1	0.249	NA	NA	NA
rs150788994	87.7	0.229	CT/AC	1	0.358	NA	NA	NA
rs17647346	88.2	0.116	CG/AA	1	0.543	NA	NA	NA
rs2226011	88.3	0.736	CC/AT	1	0.00027	0	4.61972150485287e-05	0.999705217064881
rs8005819	89.6	0.716	CA/AC	1	0.000366	0	3.47481306338908e-05	0.999818338294405
rs17647407	89.7	0.119	CT/AG	1	0.501	NA	NA	NA
rs8006655	89.8	0.674	CA/AG	1	0.000337	0	3.7537320566317e-05	0.999783590163771
rs77292958	90.7	0.135	CA/AG	1	0.297	NA	NA	NA
rs72675039	91.2	0.227	CG/AA	1	0.187	NA	NA	NA
rs62000797	92.6	0.122	CT/AC	1	0.367	NA	NA	NA
rs7140723	93	0.225	CA/AC	1	0.226	NA	NA	NA
rs4628877	93.4	0.714	CG/AC	1	0.000186	0	6.55456452076574e-05	0.999659019849833
rs4906493	94	0.12	CA/AC	1	0.443	NA	NA	NA
rs1953943	94.8	0.122	CA/AG	1	0.4	NA	NA	NA
rs79307302	95	0.111	CG/AA	1	0.187	NA	NA	NA
rs77300396	95	0.12	CG/AT	1	0.441	NA	NA	NA
rs62000798	95.2	0.12	CG/AA	1	0.438	NA	NA	NA
rs62000799	96.5	0.113	CT/AC	1	0.458	NA	NA	NA
rs59502692	96.9	0.405	CG/AA	1	0.0264	0	7.14494525359633e-07	0.999999349928631
rs79902000	97.2	0.11	CC/AT	1	0.125	NA	NA	NA
rs2415818	99.2	0.104	CC/AT	1	0.239	NA	NA	NA
rs8014698	100	0.38	CC/AT	1	0.00311	NA	NA	NA
rs4259955	100	0.374	CA/AG	1	0.00367	NA	NA	NA
rs72675043	101	0.184	CA/AT	1	0.117	NA	NA	NA
rs111393322	102	0.108	CA/AC	1	0.108	NA	NA	NA
rs1953942	104	0.35	CA/AT	1	0.0314	NA	NA	NA
rs12436441	104	0.35	CG/AA	1	0.0275	NA	NA	NA
rs10782402	105	0.163	CA/AG	1	0.433	NA	NA	NA
rs4906494	105	0.148	CC/AT	1	0.364	NA	NA	NA
rs12431823	105	0.346	CC/AT	1	0.0241	NA	NA	NA
rs12431843	105	0.344	CC/AT	1	0.0277	NA	NA	NA
rs56255340	106	0.168	CT/AC	1	0.205	NA	NA	NA
rs4906495	106	0.16	CG/AA	1	0.516	NA	NA	NA
rs7149964	106	0.165	CC/AG	1	0.204	NA	NA	NA
rs72675049	107	0.145	CG/AA	1	0.219	NA	NA	NA
rs72675050	108	0.145	CC/AA	1	0.218	NA	NA	NA
rs7152475	109	0.305	CC/AT	1	0.0296	NA	NA	NA
rs10146874	109	0.348	CG/AC	1	0.0285	NA	NA	NA
rs12590501	109	0.193	CC/AA	1	0.437	NA	NA	NA
rs1959583	112	0.35	CT/AC	1	0.0216	NA	NA	NA
rs72675056	114	0.154	CA/AT	1	0.16	NA	NA	NA
rs11157362	115	0.354	CT/AC	1	0.0214	NA	NA	NA
rs1959600	117	0.35	CA/AC	1	0.0209	NA	NA	NA
rs8020776	117	0.308	CC/AT	1	0.0183	NA	NA	NA
rs9805941	117	0.35	CA/AG	1	0.0219	NA	NA	NA
rs72675064	119	0.154	CG/AA	1	0.144	NA	NA	NA
rs28395395	119	0.305	CC/AT	1	0.0185	NA	NA	NA
rs72675065	119	0.141	CT/AC	1	0.317	NA	NA	NA
rs56359280	122	0.305	CC/AT	1	0.0208	NA	NA	NA
rs10467783	124	0.305	CC/AT	1	0.0209	NA	NA	NA
rs1251714	124	0.352	CC/AA	1	0.0228	NA	NA	NA
rs1251716	126	0.354	CA/AG	1	0.0197	NA	NA	NA
rs1262084	126	0.348	CT/AC	1	0.0198	NA	NA	NA
rs8021208	128	0.356	CT/AC	1	0.023	NA	NA	NA
rs8021438	128	0.142	CG/AA	1	0.279	NA	NA	NA
rs8022034	128	0.142	CA/AG	1	0.301	NA	NA	NA
rs55845144	128	0.141	CT/AC	1	0.2	NA	NA	NA
rs1957272	128	0.365	CT/AC	1	0.0356	NA	NA	NA
rs28374968	129	0.171	CC/AT	1	0.359	NA	NA	NA
rs56145337	129	0.141	CG/AA	1	0.194	NA	NA	NA
rs4573855	131	0.352	CC/AT	1	0.0222	NA	NA	NA
rs28854193	132	0.171	CC/AG	1	0.35	NA	NA	NA
rs10144697	133	0.305	CT/AC	1	0.0172	NA	NA	NA
rs72675076	135	0.141	CA/AC	1	0.196	NA	NA	NA
rs28514807	136	0.35	CA/AC	1	0.0274	NA	NA	NA
rs72675078	136	0.141	CA/AG	1	0.154	NA	NA	NA
rs1957262	152	0.233	CC/AT	1	0.14	NA	NA	NA
rs1957264	153	0.233	CT/AC	1	0.173	NA	NA	NA
rs2180918	154	0.249	CG/AA	1	0.197	NA	NA	NA
rs8009280	154	0.226	CG/AA	1	0.15	NA	NA	NA
rs8019819	156	0.253	CC/AG	1	0.0527	NA	NA	NA
rs7143314	166	0.251	CT/AC	1	0.105	NA	NA	NA
rs17278405	167	0.104	CT/AG	1	0.147	NA	NA	NA
rs10146851	174	0.228	CT/AA	1	0.0803	NA	NA	NA
rs72675100	178	0.13	CT/AC	1	0.0727	NA	NA	NA
rs1957266	184	0.1	CA/AT	1	0.00692	NA	NA	NA
rs1951346	188	0.145	CT/AC	1	0.0244	NA	NA	NA
rs986074	189	0.129	CC/AT	1	0.148	NA	NA	NA
rs10141301	189	0.113	CA/AG	1	0.466	NA	NA	NA
rs10141219	190	0.113	CT/AC	1	0.452	NA	NA	NA
rs10141585	190	0.113	CA/AG	1	0.46	NA	NA	NA
rs8004555	190	0.113	CA/AG	1	0.449	NA	NA	NA
rs8005570	190	0.113	CC/AT	1	0.458	NA	NA	NA
rs10144505	190	0.114	CT/AG	1	0.414	NA	NA	NA
rs10133527	190	0.114	CG/AT	1	0.411	NA	NA	NA
rs10144529	190	0.114	CA/AG	1	0.408	NA	NA	NA
rs61998468	191	0.114	CG/AA	1	0.415	NA	NA	NA
rs1957269	191	0.114	CC/AA	1	0.377	NA	NA	NA
rs1957270	191	0.114	CT/AC	1	0.44	NA	NA	NA
rs1951347	192	0.114	CC/AT	1	0.412	NA	NA	NA
rs986743	192	0.28	CG/AT	1	0.051	NA	NA	NA
rs10151406	193	0.109	CA/AG	1	0.263	NA	NA	NA
rs10140619	193	0.109	CC/AT	1	0.261	NA	NA	NA
rs10151465	193	0.109	CT/AA	1	0.284	NA	NA	NA
rs10140825	193	0.109	CG/AT	1	0.368	NA	NA	NA
rs61998471	193	0.109	CG/AA	1	0.266	NA	NA	NA
rs1951348	193	0.205	CA/AG	1	0.0945	NA	NA	NA
rs61998472	193	0.109	CT/AA	1	0.25	NA	NA	NA
rs61998473	194	0.106	CA/AG	1	0.241	NA	NA	NA
rs61998474	194	0.106	CC/AT	1	0.266	NA	NA	NA
rs61998477	194	0.109	CG/AA	1	0.241	NA	NA	NA
rs61998478	194	0.109	CA/AG	1	0.298	NA	NA	NA
rs80127617	194	0.109	CG/AT	1	0.274	NA	NA	NA
rs57590836	194	0.109	CG/AC	1	0.303	NA	NA	NA
rs8013149	195	0.155	CA/AG	1	0.0396	NA	NA	NA
rs8012882	195	0.151	CA/AC	1	0.0476	NA	NA	NA
rs8013310	195	0.155	CA/AG	1	0.0498	NA	NA	NA
rs8013033	195	0.155	CT/AC	1	0.0339	NA	NA	NA
rs1885192	195	0.28	CT/AA	1	0.0745	NA	NA	NA
rs67589720	196	0.28	CA/AT	1	0.108	NA	NA	NA
rs7140736	197	0.28	CG/AA	1	0.107	NA	NA	NA
rs1951349	198	0.277	CC/AT	1	0.0948	NA	NA	NA
rs58321785	199	0.272	CG/AA	1	0.0962	NA	NA	NA
rs57702304	199	0.272	CT/AC	1	0.115	NA	NA	NA
rs12586494	199	0.28	CT/AC	1	0.0298	NA	NA	NA
rs12586472	199	0.277	CG/AA	1	0.0339	NA	NA	NA
rs11849169	203	0.174	CG/AA	1	0.162	NA	NA	NA
rs10150273	205	0.186	CG/AA	1	0.384	NA	NA	NA
rs1957275	207	0.197	CT/AG	1	0.335	NA	NA	NA
rs1951350	207	0.186	CT/AC	1	0.376	NA	NA	NA
rs1957277	212	0.177	CT/AC	1	0.188	NA	NA	NA
rs7153123	213	0.183	CT/AG	1	0.361	NA	NA	NA
rs10147338	218	0.181	CC/AT	1	0.331	NA	NA	NA
rs56719530	218	0.166	CC/AG	1	0.144	NA	NA	NA
rs2209891	219	0.181	CT/AC	1	0.332	NA	NA	NA
rs1957280	219	0.177	CC/AT	1	0.312	NA	NA	NA
rs8021931	223	0.176	CA/AG	1	0.133	NA	NA	NA
rs11157364	224	0.179	CT/AC	1	0.228	NA	NA	NA
rs10137239	231	0.18	CG/AC	1	0.244	NA	NA	NA
rs10150133	235	0.168	CC/AG	1	0.166	NA	NA	NA
rs1957255	235	0.159	CC/AT	1	0.16	NA	NA	NA
rs9635203	239	0.176	CA/AG	1	0.124	NA	NA	NA
rs7146703	241	0.182	CC/AT	1	0.372	NA	NA	NA
rs7145266	241	0.182	CC/AA	1	0.285	NA	NA	NA
rs10132381	242	0.181	CG/AA	1	0.235	NA	NA	NA
rs10136219	243	0.182	CA/AG	1	0.201	NA	NA	NA
rs1951342	244	0.18	CG/AA	1	0.243	NA	NA	NA
rs4584742	247	0.168	CT/AC	1	0.508	NA	NA	NA
rs10144740	251	0.169	CA/AG	1	0.239	NA	NA	NA
rs17278488	255	0.101	CT/AG	1	0.246	NA	NA	NA
rs10438003	257	0.101	CA/AC	1	0.238	NA	NA	NA
rs1958245	261	0.101	CT/AC	1	0.298	NA	NA	NA
rs9630379	261	0.101	CG/AT	1	0.276	NA	NA	NA
rs61327597	261	0.103	CT/AA	1	0.276	NA	NA	NA
rs6572218	264	0.106	CG/AA	1	0.273	NA	NA	NA
rs2182977	266	0.103	CA/AG	1	0.258	NA	NA	NA
rs12591020	268	0.119	CG/AA	1	0.508	NA	NA	NA
