SNP	KB	R2	Alleles	F	P	inCredible	probNorm	cumSum
rs1941954	0	1	A	1	2.83e-08	1	0.093993254016843	0.093993254016843
rs1786812	-73.2	0.274	AG/CC	1	3.27e-05	NA	NA	NA
rs1539846	-70.8	0.15	AG/CT	1	0.000715	NA	NA	NA
rs728941	-69.2	0.168	AC/CT	1	0.00092	NA	NA	NA
rs948540	-68.1	0.168	AC/CT	1	0.00104	NA	NA	NA
rs1941943	-65.3	0.173	AC/CT	1	0.000663	NA	NA	NA
rs1786767	-65	0.288	AC/CT	1	1.81e-05	NA	NA	NA
rs1941941	-62.3	0.175	AA/CT	1	0.000585	NA	NA	NA
rs1815823	-58	0.191	AG/CA	1	0.000754	NA	NA	NA
rs117168248	-54.8	0.11	AC/CG	1	0.176	NA	NA	NA
rs4799936	-54.8	0.351	AG/CA	1	0.000117	NA	NA	NA
rs4799937	-54.6	0.1	AA/CG	1	0.0359	NA	NA	NA
rs12969739	-52.7	0.136	AC/CT	1	0.268	NA	NA	NA
rs55678250	-51	0.138	AC/CT	1	0.194	NA	NA	NA
rs79865497	-45.7	0.14	AT/CC	1	0.531	NA	NA	NA
rs17570197	-44	0.176	AT/CC	1	0.51	NA	NA	NA
rs4799942	-42.1	0.176	AT/CC	1	0.553	NA	NA	NA
rs56086501	-39.7	0.123	AA/CG	1	0.0607	NA	NA	NA
rs1539844	-39.5	0.327	AA/CG	1	9.5e-05	NA	NA	NA
rs4799454	-39.2	0.107	AG/CA	1	0.0325	NA	NA	NA
rs11662037	-36.9	0.172	AT/CA	1	0.331	NA	NA	NA
rs948538	-34.5	0.346	AC/CA	1	0.000102	NA	NA	NA
rs948537	-34.4	0.526	AT/CC	1	7.37e-08	1	0.0371638150485014	0.564188794228858
rs948536	-34.3	0.526	AG/CA	1	7.97e-08	1	0.0344509390609029	0.598639733289761
rs7506216	-33.7	0.54	AT/CC	1	9.62e-08	1	0.0287132135462183	0.627352946835979
rs7244667	-32.9	0.501	AC/CT	1	1.37e-06	1	0.0022122929562079	0.983178138209901
rs1557341	-32.2	0.87	AA/CC	1	1.68e-06	1	0.0018183244349034	0.988974263692431
rs1941951	-31.3	0.485	AC/CT	1	2.94e-07	1	0.00974959486247917	0.960502647909552
rs1557340	-30.8	0.357	AG/CA	1	3.42e-05	NA	NA	NA
rs1557339	-30.5	0.51	AC/CA	1	1.45e-06	1	0.00209479148258209	0.985272929692483
rs12605894	-28.3	0.155	AG/CA	1	0.482	NA	NA	NA
rs1539853	-28.2	0.506	AA/CG	1	2.91e-06	0	0.00107289931644933	0.991195930883545
rs12607755	-25.3	0.513	AC/CT	1	1.62e-06	1	0.00188300956504453	0.987155939257528
rs72893124	-23.1	0.135	AC/CT	1	0.00671	NA	NA	NA
rs72893129	-21.8	0.11	AA/CC	1	0.00543	NA	NA	NA
rs11877758	-21.5	0.938	AG/CT	1	6.88e-08	1	0.0397247884743305	0.527024979180356
rs12967855	-21.4	0.9	AA/CG	1	5.69e-07	1	0.00515582100125619	0.965658468910808
rs72893132	-20.9	0.135	AG/CC	1	0.00615	NA	NA	NA
rs55726249	-19	0.202	AG/CA	1	0.941	NA	NA	NA
rs36015524	-17.8	0.366	AA/CG	1	2.62e-05	NA	NA	NA
rs62081464	-17.5	0.575	AT/CC	1	3.2e-08	1	0.0834303716931973	0.17742362571004
rs9965629	-15.9	0.205	AC/CT	1	0.6	NA	NA	NA
rs11082011	-14.5	0.909	AC/CT	1	7.24e-07	1	0.00408755677224645	0.969746025683054
rs150664883	-13.4	0.133	AA/CC	1	0.0108	NA	NA	NA
rs80035064	-13.2	0.56	AA/CT	1	3.64e-08	1	0.0736297380456661	0.328612815078856
rs12969480	-12	0.542	AC/CG	1	7.41e-07	1	0.00399717272514765	0.973743198408202
rs9953231	-9.07	0.583	AA/CG	1	3.45e-08	1	0.0775594513231499	0.25498307703319
rs1941952	-7.36	0.38	AC/CG	1	6.98e-05	NA	NA	NA
rs11665070	-7.03	0.909	AG/CA	1	3.15e-06	0	0.000994354619832547	0.992190285503378
rs62081465	-5.4	0.58	AC/CT	1	1.02e-07	1	0.0271313297873639	0.709271993904243
rs12959642	-5.12	0.597	AA/CG	1	1.02e-07	1	0.0271313297873639	0.682140664116879
rs68089072	-4.98	0.208	AA/CG	1	0.927	NA	NA	NA
rs17570353	-4.86	0.58	AA/CG	1	1.54e-07	1	0.018212393528601	0.889355814506606
rs1941953	-4.71	0.385	AG/CA	1	0.000103	NA	NA	NA
rs4799949	-3.69	0.912	AC/CT	1	3.3e-06	0	0.000950963262342124	0.99314124876572
rs7243428	-3.42	0.58	AG/CA	1	2.38e-07	1	0.0119571021059692	0.950753053047073
rs7243439	-3.4	0.58	AG/CA	1	1.99e-07	1	0.0142145110365296	0.938795950941103
rs9955296	-3.06	0.597	AC/CA	1	1.39e-07	1	0.0201099918413087	0.851709207827166
rs2187050	-1.5	0.206	AC/CT	1	0.75	NA	NA	NA
rs56227169	-1.05	0.206	AA/CG	1	0.825	NA	NA	NA
rs55996300	-0.753	0.133	AG/CT	1	0.00424	NA	NA	NA
rs9964724	-0.472	0.996	AC/CT	1	4.55e-08	1	0.0593040315705206	0.387916846649377
rs1557343	-0.424	0.991	AA/CT	1	5.62e-08	1	0.0483258070964831	0.487300190706026
rs7242923	0.237	0.936	AT/CC	1	1.06e-07	1	0.026139790399155	0.735411784303398
rs7504262	0.547	0.913	AA/CG	1	1.44e-07	1	0.019434213150839	0.871143420978005
rs12954661	1.06	0.931	AC/CT	1	1.08e-07	1	0.0256711595371149	0.761082943840513
rs55879812	1.68	0.159	AT/CC	1	0.772	NA	NA	NA
rs56118053	1.68	0.161	AC/CT	1	0.679	NA	NA	NA
rs8096815	1.69	0.607	AG/CA	1	5.31e-08	1	0.0510575369601658	0.438974383609543
rs7243102	2.24	0.936	AC/CT	1	1.56e-07	1	0.0179865468480576	0.907342361354663
rs1941955	3.24	0.936	AT/CC	1	1.63e-07	1	0.0172390785499107	0.924581439904574
rs55797647	5.34	0.157	AT/CC	1	0.789	NA	NA	NA
rs12709690	6.26	0.884	AT/CC	1	6.05e-06	0	0.000532070761538227	0.996379253813564
rs72893182	7.62	0.607	AA/CG	1	1e-07	1	0.0276563874935361	0.655009334329515
rs7237475	7.63	0.884	AT/CC	1	7.03e-06	0	0.000460883907473453	0.997867875669858
rs62081485	7.84	0.157	AT/CC	1	0.828	NA	NA	NA
rs12967741	8.67	0.884	AA/CG	1	6.2e-06	0	0.000519745873608818	0.996898999687173
rs62081486	9.15	0.408	AA/CG	1	9.63e-05	0	3.82661437299668e-05	0.999941369037892
rs6507210	9.9	0.88	AT/CA	1	5.98e-06	0	0.00053802975131509	0.995847183052025
rs62081487	10.1	0.152	AG/CT	1	0.806	NA	NA	NA
rs4799950	10.4	0.931	AC/CG	1	1.16e-07	1	0.0239559236391626	0.785038867479675
rs12956949	12.1	0.88	AG/CA	1	5.59e-06	0	0.000573905720005554	0.99530915330071
rs72893187	12.6	0.133	AT/CC	1	0.00478	NA	NA	NA
rs7505519	12.7	0.88	AG/CA	1	6.35e-06	0	0.000507992075212475	0.997406991762385
rs72893190	15.2	0.602	AG/CA	1	1.21e-07	1	0.0229974241570105	0.831599215985857
rs72893192	15.2	0.602	AG/CT	1	1.18e-07	1	0.0235629243491711	0.808601791828846
rs11664242	16.6	0.557	AA/CG	1	2.71e-06	1	0.0011487678746646	0.990123031567096
rs56257022	18.4	0.152	AC/CT	1	0.917	NA	NA	NA
rs12962050	20.2	0.867	AG/CA	1	2.25e-05	0	0.000151886927541937	0.999357340606768
rs7506371	20.4	0.154	AT/CC	1	0.763	NA	NA	NA
rs9961847	21.6	0.825	AG/CA	1	1.84e-05	0	0.000183953072658867	0.999205453679226
rs9961713	21.7	0.126	AA/CG	1	0.46	NA	NA	NA
rs72893199	23.1	0.582	AC/CT	1	8.98e-07	1	0.00332178574809109	0.980965845253693
rs55731231	23.7	0.582	AG/CC	1	7.6e-07	1	0.00390086109739989	0.977644059505602
rs62081492	23.7	0.15	AC/CG	1	0.695	NA	NA	NA
rs62081493	24.6	0.154	AC/CT	1	0.689	NA	NA	NA
rs11661193	25.7	0.15	AT/CG	1	0.65	NA	NA	NA
rs4799461	26.3	0.53	AA/CG	1	1.27e-05	0	0.000261949743127582	0.998787584575653
rs12969294	26.5	0.82	AA/CG	1	1.08e-05	0	0.000305770160523241	0.998525634832525
rs11082013	26.9	0.835	AG/CT	1	1.43e-05	0	0.000233916030915072	0.999021500606568
rs58011088	28.9	0.83	AA/CG	1	0.000332	0	1.19524300333032e-05	0.999998886451984
rs9807632	29.2	0.589	AA/CG	1	0.0119	0	4.50891779607584e-07	0.999999337343764
rs72895006	30	0.133	AG/CC	1	0.00327	NA	NA	NA
rs7506595	30.3	0.377	AA/CG	1	0.00159	NA	NA	NA
rs62081496	31.5	0.152	AC/CA	1	0.664	NA	NA	NA
rs11659809	33.1	0.15	AC/CT	1	0.688	NA	NA	NA
rs55778135	33.2	0.135	AT/CC	1	0.00364	NA	NA	NA
rs6507215	36	0.793	AT/CC	1	2.94e-05	0	0.000117769665669597	0.99960147639791
rs6507216	36.1	0.798	AT/CG	1	3.09e-05	0	0.000112329679500173	0.99971380607741
rs56383444	36.7	0.133	AC/CT	1	0.00465	NA	NA	NA
rs28414828	36.7	0.789	AG/CA	1	2.73e-05	0	0.000126366125471907	0.99948370673224
rs12455348	38.2	0.778	AG/CA	1	8.53e-05	0	4.29113789502992e-05	0.99981913815957
rs35064785	38.3	0.775	AA/CG	1	8.76e-05	0	4.18460618631567e-05	0.999903102894162
rs11082014	38.3	0.778	AT/CG	1	8.7e-05	0	4.21186727287632e-05	0.999861256832299
rs72895018	38.5	0.139	AT/CC	1	0.522	NA	NA	NA
rs72895020	38.5	0.139	AT/CC	1	0.522	NA	NA	NA
rs10502675	38.7	0.56	AT/CC	1	0.0185	0	3.05655759178669e-07	1
rs11661878	39.2	0.739	AG/CA	1	3.32e-06	0	0.000945468540819237	0.994086717306539
rs11662561	39.3	0.567	AT/CC	1	0.0155	0	3.570004769293e-07	0.999999694344241
rs7233417	40.6	0.733	AA/CG	1	4.92e-06	0	0.000648530274166024	0.994735247580705
rs11663050	41.6	0.796	AT/CG	1	9.32e-06	0	0.000351989002143228	0.998219864672002
rs1023647	42.7	0.255	AT/CA	1	0.0881	NA	NA	NA
rs890546	45.3	0.739	AC/CT	1	5.74e-05	0	6.24207032101361e-05	0.99977622678062
rs6507218	48	0.32	AT/CC	1	0.0525	NA	NA	NA
rs62081501	48.1	0.165	AA/CG	1	0.000459	NA	NA	NA
rs1427042	48.6	0.155	AT/CC	1	0.823	NA	NA	NA
rs1427041	48.7	0.354	AA/CG	1	0.00409	NA	NA	NA
rs1820530	49.2	0.359	AT/CC	1	0.00322	NA	NA	NA
rs17570458	50.1	0.136	AC/CG	1	0.0194	NA	NA	NA
rs1427046	50.1	0.326	AA/CC	1	0.0243	NA	NA	NA
rs11082015	50.1	0.155	AT/CC	1	0.646	NA	NA	NA
rs7228716	51.4	0.326	AT/CC	1	0.022	NA	NA	NA
rs11082016	51.9	0.314	AA/CG	1	0.0225	NA	NA	NA
rs8090323	52.9	0.317	AT/CC	1	0.0305	NA	NA	NA
rs1365662	54.2	0.155	AC/CG	1	0.653	NA	NA	NA
rs1365661	54.2	0.326	AT/CC	1	0.0292	NA	NA	NA
rs2162440	54.4	0.314	AA/CG	1	0.0243	NA	NA	NA
rs1427045	55	0.314	AG/CC	1	0.0229	NA	NA	NA
rs12957516	55.9	0.407	AC/CT	1	0.000253	0	1.54175248550323e-05	0.999972675800048
rs2861296	56	0.302	AT/CC	1	0.105	NA	NA	NA
rs7235755	56.7	0.314	AA/CG	1	0.0224	NA	NA	NA
rs1544905	57.9	0.41	AT/CA	1	0.000245	0	1.58892373003345e-05	0.999957258275193
rs9965395	58	0.136	AT/CC	1	0.0409	NA	NA	NA
rs72895048	58.5	0.155	AA/CG	1	0.567	NA	NA	NA
rs11872381	59.1	0.314	AA/CG	1	0.0239	NA	NA	NA
rs66816002	59.3	0.136	AT/CC	1	0.0202	NA	NA	NA
rs9960923	59.8	0.136	AC/CT	1	0.0234	NA	NA	NA
rs10853443	60	0.314	AA/CG	1	0.0206	NA	NA	NA
rs56054634	60.3	0.155	AA/CG	1	0.57	NA	NA	NA
rs2861297	60.4	0.314	AT/CC	1	0.0239	NA	NA	NA
rs9960860	61.7	0.329	AC/CA	1	0.0318	NA	NA	NA
rs2217127	62	0.407	AT/CG	1	0.000275	0	1.42582219031707e-05	0.999986934021951
rs1365665	62.4	0.313	AA/CT	1	0.0229	NA	NA	NA
rs28534892	63.1	0.136	AA/CC	1	0.0219	NA	NA	NA
rs60972906	64	0.152	AC/CA	1	0.528	NA	NA	NA
rs1863645	64.7	0.32	AG/CT	1	0.04	NA	NA	NA
rs11661773	66.4	0.369	AC/CA	1	3.27e-05	NA	NA	NA
rs111612748	66.5	0.138	AT/CA	1	0.52	NA	NA	NA
rs12458189	69.7	0.324	AC/CT	1	0.029	NA	NA	NA
rs12454272	73	0.324	AT/CC	1	0.0262	NA	NA	NA
rs9959618	73.6	0.134	AT/CC	1	0.024	NA	NA	NA
rs12963780	74.4	0.365	AG/CA	1	3.01e-05	NA	NA	NA
rs28747668	76.3	0.139	AT/CC	1	0.0305	NA	NA	NA
rs1346281	78.5	0.313	AC/CT	1	0.0241	NA	NA	NA
rs9956731	80.3	0.131	AT/CC	1	0.0308	NA	NA	NA
rs992795	80.3	0.152	AC/CT	1	0.722	NA	NA	NA
rs12373413	81.2	0.313	AA/CG	1	0.0214	NA	NA	NA
rs4799957	82.8	0.329	AC/CT	1	0.0312	NA	NA	NA
rs9955020	84.6	0.207	AC/CA	1	0.42	NA	NA	NA
rs9955022	84.6	0.18	AC/CA	1	0.417	NA	NA	NA
rs11082017	85	0.104	AG/CT	1	0.00998	NA	NA	NA
rs11082018	86.4	0.104	AA/CC	1	0.00851	NA	NA	NA
rs9961687	86.5	0.207	AT/CG	1	0.556	NA	NA	NA
rs9950896	86.5	0.204	AC/CT	1	0.771	NA	NA	NA
rs9961877	86.7	0.207	AA/CG	1	0.815	NA	NA	NA
rs11082019	86.7	0.104	AT/CA	1	0.00831	NA	NA	NA
rs1427027	86.7	0.35	AT/CC	1	0.000498	NA	NA	NA
rs17570856	87.5	0.204	AT/CC	1	0.886	NA	NA	NA
rs875075	87.8	0.36	AC/CT	1	0.00148	NA	NA	NA
rs10502676	87.9	0.202	AG/CC	1	0.52	NA	NA	NA
rs16969178	88.2	0.207	AC/CT	1	0.54	NA	NA	NA
rs7242036	88.3	0.36	AC/CG	1	0.00155	NA	NA	NA
rs62081536	88.3	0.207	AT/CA	1	0.937	NA	NA	NA
rs62081537	88.5	0.202	AC/CT	1	0.517	NA	NA	NA
rs9945322	88.8	0.202	AT/CA	1	0.54	NA	NA	NA
rs9945536	89.1	0.199	AG/CA	1	0.915	NA	NA	NA
rs890544	89.9	0.349	AT/CC	1	0.00204	NA	NA	NA
rs11661075	90.5	0.346	AG/CA	1	0.000374	NA	NA	NA
rs11661076	90.5	0.346	AG/CA	1	5.78e-05	NA	NA	NA
rs11661080	90.5	0.346	AT/CA	1	0.00068	NA	NA	NA
rs11661128	90.5	0.346	AT/CC	1	0.00139	NA	NA	NA
rs11661202	90.8	0.343	AG/CC	1	0.000358	NA	NA	NA
rs12327351	91	0.349	AA/CT	1	0.00184	NA	NA	NA
rs17671611	91.3	0.199	AT/CC	1	0.949	NA	NA	NA
rs9952499	91.3	0.349	AG/CA	1	0.00231	NA	NA	NA
rs9960528	91.4	0.349	AC/CG	1	0.00235	NA	NA	NA
rs4799959	92.9	0.343	AG/CA	1	0.0014	NA	NA	NA
rs1427028	93.6	0.346	AA/CG	1	0.00146	NA	NA	NA
rs1427029	93.9	0.104	AG/CA	1	0.0286	NA	NA	NA
rs1427030	93.9	0.104	AA/CG	1	0.00607	NA	NA	NA
rs2059677	94.6	0.204	AA/CG	1	0.198	NA	NA	NA
rs17571010	94.8	0.204	AA/CG	1	0.211	NA	NA	NA
rs17671686	95.4	0.196	AG/CA	1	0.644	NA	NA	NA
rs28478424	96.5	0.204	AG/CT	1	0.254	NA	NA	NA
rs9304178	97.1	0.201	AT/CC	1	0.766	NA	NA	NA
rs1427031	97.7	0.204	AG/CA	1	0.281	NA	NA	NA
rs9675449	98.1	0.204	AC/CT	1	0.248	NA	NA	NA
rs9952679	99.3	0.204	AC/CT	1	0.975	NA	NA	NA
rs9963645	99.4	0.204	AT/CC	1	0.164	NA	NA	NA
rs11664658	99.9	0.104	AT/CC	1	0.00872	NA	NA	NA
rs9953394	100	0.184	AC/CT	1	0.228	NA	NA	NA
rs62083469	103	0.145	AA/CG	1	0.989	NA	NA	NA
rs2365	104	0.234	AC/CT	1	0.0269	NA	NA	NA
rs28608748	104	0.203	AG/CC	1	0.0196	NA	NA	NA
rs16969210	105	0.203	AG/CA	1	0.0323	NA	NA	NA
rs9946342	107	0.228	AA/CG	1	0.0158	NA	NA	NA
rs12606772	107	0.208	AT/CC	1	0.0455	NA	NA	NA
rs62083472	107	0.231	AT/CG	1	0.0168	NA	NA	NA
rs12961422	108	0.208	AG/CC	1	0.0308	NA	NA	NA
rs2861567	108	0.208	AG/CC	1	0.0403	NA	NA	NA
rs959569	108	0.136	AA/CG	1	0.305	NA	NA	NA
rs9956529	110	0.235	AG/CA	1	0.0247	NA	NA	NA
rs9948347	111	0.235	AC/CT	1	0.0265	NA	NA	NA
rs9948453	111	0.139	AA/CT	1	0.219	NA	NA	NA
rs8088043	111	0.203	AA/CG	1	0.0135	NA	NA	NA
rs11660361	113	0.229	AA/CG	1	0.0156	NA	NA	NA
rs56171318	113	0.139	AT/CC	1	0.223	NA	NA	NA
rs17571122	116	0.139	AG/CA	1	0.244	NA	NA	NA
rs9807622	117	0.237	AA/CG	1	0.0252	NA	NA	NA
rs4799464	119	0.229	AC/CT	1	0.326	NA	NA	NA
rs11659395	119	0.141	AC/CA	1	0.0354	NA	NA	NA
rs1187264	130	0.11	AC/CG	1	0.23	NA	NA	NA
rs1187256	136	0.121	AT/CC	1	0.142	NA	NA	NA
rs1187254	137	0.124	AC/CT	1	0.139	NA	NA	NA
rs1187231	153	0.12	AC/CG	1	0.121	NA	NA	NA
rs1211441	185	0.119	AA/CG	1	0.199	NA	NA	NA
rs1187229	195	0.107	AC/CT	1	0.378	NA	NA	NA
rs1187227	198	0.109	AT/CC	1	0.334	NA	NA	NA
rs10163978	198	0.107	AA/CG	1	0.322	NA	NA	NA
rs10163636	199	0.109	AC/CT	1	0.334	NA	NA	NA
rs10163638	199	0.109	AC/CT	1	0.334	NA	NA	NA
rs1187224	199	0.109	AT/CC	1	0.335	NA	NA	NA
rs1201357	199	0.111	AC/CG	1	0.428	NA	NA	NA
rs56364537	201	0.111	AA/CC	1	0.376	NA	NA	NA
rs11874160	202	0.111	AA/CG	1	0.405	NA	NA	NA
rs1786954	202	0.111	AG/CT	1	0.421	NA	NA	NA
rs1648912	202	0.111	AA/CT	1	0.423	NA	NA	NA
rs1787072	202	0.111	AC/CT	1	0.423	NA	NA	NA
rs1786955	202	0.111	AC/CT	1	0.423	NA	NA	NA
rs1787073	203	0.126	AA/CG	1	0.514	NA	NA	NA
rs1786956	203	0.111	AG/CA	1	0.365	NA	NA	NA
rs6507228	203	0.111	AG/CC	1	0.373	NA	NA	NA
rs7244579	203	0.111	AC/CG	1	0.374	NA	NA	NA
rs7244755	203	0.111	AA/CT	1	0.373	NA	NA	NA
rs9955935	203	0.111	AG/CA	1	0.537	NA	NA	NA
rs9955721	203	0.111	AA/CG	1	0.373	NA	NA	NA
rs1787071	204	0.111	AT/CC	1	0.374	NA	NA	NA
rs1787069	204	0.111	AC/CG	1	0.374	NA	NA	NA
rs1787068	204	0.108	AG/CA	1	0.381	NA	NA	NA
rs12961969	205	0.111	AA/CC	1	0.325	NA	NA	NA
rs1787067	205	0.106	AC/CT	1	0.488	NA	NA	NA
rs1786957	205	0.106	AG/CA	1	0.563	NA	NA	NA
rs8096603	206	0.106	AG/CA	1	0.607	NA	NA	NA
rs8096261	206	0.108	AA/CG	1	0.564	NA	NA	NA
rs2848736	206	0.106	AC/CT	1	0.562	NA	NA	NA
rs1648911	207	0.106	AT/CA	1	0.577	NA	NA	NA
rs1787050	207	0.106	AT/CC	1	0.419	NA	NA	NA
rs1787051	207	0.106	AA/CC	1	0.564	NA	NA	NA
rs1942018	207	0.106	AG/CA	1	0.562	NA	NA	NA
rs1786953	208	0.106	AA/CG	1	0.71	NA	NA	NA
rs1787053	208	0.106	AC/CG	1	0.564	NA	NA	NA
rs969040	209	0.106	AC/CA	1	0.562	NA	NA	NA
rs1632709	209	0.106	AG/CA	1	0.562	NA	NA	NA
rs1786966	209	0.106	AG/CA	1	0.562	NA	NA	NA
rs1648910	209	0.106	AC/CT	1	0.562	NA	NA	NA
rs1786967	210	0.121	AA/CG	1	0.349	NA	NA	NA
rs4433877	210	0.106	AA/CT	1	0.564	NA	NA	NA
rs1942021	210	0.106	AG/CA	1	0.591	NA	NA	NA
rs1787054	211	0.106	AT/CC	1	0.578	NA	NA	NA
rs1786969	211	0.106	AC/CG	1	0.564	NA	NA	NA
rs1786970	212	0.106	AC/CT	1	0.592	NA	NA	NA
rs1786971	212	0.106	AG/CA	1	0.606	NA	NA	NA
rs1627987	212	0.106	AA/CG	1	0.608	NA	NA	NA
rs3017109	213	0.106	AT/CA	1	0.693	NA	NA	NA
rs12958383	213	0.106	AC/CG	1	0.622	NA	NA	NA
rs1787083	214	0.106	AG/CT	1	0.672	NA	NA	NA
rs1623618	216	0.106	AC/CT	1	0.623	NA	NA	NA
rs1787082	217	0.106	AG/CT	1	0.607	NA	NA	NA
rs1786939	217	0.106	AC/CT	1	0.636	NA	NA	NA
rs1786940	217	0.106	AG/CA	1	0.544	NA	NA	NA
rs948582	219	0.106	AG/CA	1	0.588	NA	NA	NA
rs1787087	219	0.106	AC/CT	1	0.588	NA	NA	NA
rs3017111	220	0.102	AC/CT	1	0.238	NA	NA	NA
rs1786959	225	0.102	AC/CT	1	0.619	NA	NA	NA
rs1786960	227	0.104	AC/CT	1	0.691	NA	NA	NA
rs1632205	231	0.102	AC/CT	1	0.712	NA	NA	NA
rs1630769	233	0.102	AA/CG	1	0.692	NA	NA	NA
rs1786962	234	0.102	AT/CC	1	0.396	NA	NA	NA
rs1787079	239	0.116	AA/CG	1	0.278	NA	NA	NA
rs2212721	249	0.115	AC/CT	1	0.127	NA	NA	NA
rs4361000	252	0.104	AA/CG	1	0.65	NA	NA	NA
rs7230924	253	0.102	AT/CC	1	0.755	NA	NA	NA
rs1615152	254	0.104	AA/CG	1	0.78	NA	NA	NA
