SNP	KB	R2	Alleles	F	P	inCredible	probNorm	cumSum
rs3105051	0	1	T	1	4.77e-09	1	0.0179232364235374	0.0179232364235374
rs9569180	-340	0.112	TG/GA	1	0.0786	NA	NA	NA
rs9316757	-339	0.115	TG/GA	1	0.0207	NA	NA	NA
rs1925067	-339	0.117	TG/GA	1	0.0155	NA	NA	NA
rs1925064	-339	0.12	TA/GG	1	0.0115	NA	NA	NA
rs1925063	-338	0.117	TT/GA	1	0.0163	NA	NA	NA
rs7332188	-338	0.12	TT/GG	1	0.00355	NA	NA	NA
rs7331877	-338	0.12	TT/GC	1	0.0114	NA	NA	NA
rs7332402	-338	0.12	TT/GG	1	0.0189	NA	NA	NA
rs7332065	-338	0.12	TT/GC	1	0.0118	NA	NA	NA
rs7332866	-337	0.122	TT/GC	1	0.0115	NA	NA	NA
rs7333232	-337	0.122	TT/GG	1	0.0125	NA	NA	NA
rs12875529	-337	0.122	TC/GG	1	0.0113	NA	NA	NA
rs9536941	-337	0.122	TG/GA	1	0.0105	NA	NA	NA
rs9536942	-337	0.274	TT/GC	1	0.0027	NA	NA	NA
rs9527309	-337	0.274	TA/GT	1	0.00204	NA	NA	NA
rs9536943	-337	0.274	TC/GG	1	0.0021	NA	NA	NA
rs9536944	-336	0.274	TA/GG	1	0.0021	NA	NA	NA
rs9536945	-336	0.277	TA/GG	1	0.00589	NA	NA	NA
rs9569183	-336	0.27	TT/GA	1	0.00318	NA	NA	NA
rs17629882	-336	0.132	TC/GT	1	0.282	NA	NA	NA
rs9536946	-335	0.274	TT/GC	1	0.00257	NA	NA	NA
rs1925062	-335	0.277	TA/GG	1	0.00679	NA	NA	NA
rs7330024	-334	0.277	TA/GG	1	0.00618	NA	NA	NA
rs4353391	-334	0.27	TC/GT	1	0.00246	NA	NA	NA
rs9536947	-333	0.274	TA/GT	1	0.00219	NA	NA	NA
rs7489636	-332	0.274	TG/GA	1	0.00208	NA	NA	NA
rs9316758	-331	0.274	TC/GT	1	0.00225	NA	NA	NA
rs7997431	-330	0.274	TG/GT	1	0.00221	NA	NA	NA
rs7997433	-330	0.274	TC/GT	1	0.00204	NA	NA	NA
rs1998692	-330	0.274	TT/GC	1	0.00204	NA	NA	NA
rs1998693	-330	0.272	TC/GA	1	0.00446	NA	NA	NA
rs3938481	-329	0.276	TA/GC	1	0.00256	NA	NA	NA
rs9316759	-329	0.274	TG/GT	1	0.00229	NA	NA	NA
rs9805394	-329	0.274	TT/GC	1	0.00193	NA	NA	NA
rs9597091	-328	0.274	TC/GG	1	0.00254	NA	NA	NA
rs17089974	-327	0.274	TA/GC	1	0.00253	NA	NA	NA
rs1925060	-327	0.272	TG/GA	1	0.00793	NA	NA	NA
rs9597092	-327	0.274	TG/GA	1	0.00259	NA	NA	NA
rs1925061	-326	0.274	TT/GC	1	0.00228	NA	NA	NA
rs1998694	-326	0.274	TC/GT	1	0.00258	NA	NA	NA
rs1998695	-326	0.277	TG/GA	1	0.00462	NA	NA	NA
rs2898231	-326	0.284	TG/GT	1	0.00289	NA	NA	NA
rs6561813	-325	0.28	TT/GC	1	0.00244	NA	NA	NA
rs7336919	-325	0.282	TG/GC	1	0.00654	NA	NA	NA
rs7337504	-324	0.28	TT/GC	1	0.00235	NA	NA	NA
rs7319479	-324	0.28	TG/GA	1	0.00263	NA	NA	NA
rs17089991	-323	0.28	TC/GT	1	0.00262	NA	NA	NA
rs7989387	-323	0.28	TG/GA	1	0.00277	NA	NA	NA
rs7335167	-321	0.28	TC/GT	1	0.00271	NA	NA	NA
rs7339300	-321	0.28	TA/GG	1	0.00748	NA	NA	NA
rs9536948	-321	0.28	TT/GC	1	0.00287	NA	NA	NA
rs9527313	-320	0.28	TA/GG	1	0.0028	NA	NA	NA
rs9527314	-320	0.28	TA/GG	1	0.00326	NA	NA	NA
rs1925051	-320	0.28	TA/GT	1	0.00278	NA	NA	NA
rs9527315	-320	0.28	TC/GG	1	0.00324	NA	NA	NA
rs1925050	-319	0.28	TT/GG	1	0.00303	NA	NA	NA
rs1925049	-319	0.28	TT/GA	1	0.00316	NA	NA	NA
rs9316760	-319	0.282	TG/GA	1	0.00615	NA	NA	NA
rs7995320	-318	0.286	TC/GT	1	0.00231	NA	NA	NA
rs9536950	-318	0.282	TT/GC	1	0.00293	NA	NA	NA
rs9527316	-318	0.286	TA/GT	1	0.00463	NA	NA	NA
rs8002628	-317	0.286	TT/GC	1	0.00277	NA	NA	NA
rs8002665	-317	0.282	TG/GC	1	0.0031	NA	NA	NA
rs7986531	-317	0.282	TA/GT	1	0.00309	NA	NA	NA
rs7985677	-317	0.286	TT/GG	1	0.00286	NA	NA	NA
rs7986762	-317	0.286	TA/GT	1	0.00277	NA	NA	NA
rs9527317	-316	0.282	TC/GT	1	0.00316	NA	NA	NA
rs7322770	-316	0.286	TG/GA	1	0.00285	NA	NA	NA
rs7323261	-316	0.284	TC/GG	1	0.00286	NA	NA	NA
rs7324339	-316	0.284	TA/GT	1	0.00255	NA	NA	NA
rs9536951	-315	0.286	TG/GA	1	0.00267	NA	NA	NA
rs9536952	-315	0.282	TG/GA	1	0.00303	NA	NA	NA
rs7999619	-315	0.286	TC/GT	1	0.00307	NA	NA	NA
rs9597095	-314	0.277	TG/GA	1	0.0512	NA	NA	NA
rs9597096	-314	0.282	TC/GT	1	0.0127	NA	NA	NA
rs9597097	-314	0.286	TG/GA	1	0.00325	NA	NA	NA
rs7320070	-314	0.286	TA/GT	1	0.00321	NA	NA	NA
rs7319059	-314	0.286	TA/GG	1	0.00287	NA	NA	NA
rs7318955	-313	0.284	TG/GC	1	0.00649	NA	NA	NA
rs7319409	-313	0.286	TA/GG	1	0.00265	NA	NA	NA
rs7331169	-312	0.284	TC/GA	1	0.00721	NA	NA	NA
rs7333171	-312	0.284	TA/GT	1	0.00695	NA	NA	NA
rs4619286	-311	0.286	TC/GT	1	0.00303	NA	NA	NA
rs9597100	-310	0.277	TC/GG	1	0.00458	NA	NA	NA
rs9591635	-310	0.286	TA/GT	1	0.00314	NA	NA	NA
rs7320921	-310	0.286	TT/GC	1	0.00262	NA	NA	NA
rs7991920	-308	0.284	TG/GA	1	0.0127	NA	NA	NA
rs7331189	-307	0.28	TA/GT	1	0.00319	NA	NA	NA
rs6561816	-306	0.277	TC/GA	1	0.00204	NA	NA	NA
rs7983137	-305	0.286	TC/GG	1	0.00283	NA	NA	NA
rs6561817	-305	0.15	TA/GG	1	0.323	NA	NA	NA
rs17698344	-305	0.335	TA/GG	1	0.000243	NA	NA	NA
rs17698374	-304	0.336	TG/GT	1	0.00068	NA	NA	NA
rs1475291	-301	0.348	TG/GA	1	0.000203	NA	NA	NA
rs17641884	-300	0.348	TC/GT	1	0.000177	NA	NA	NA
rs7331483	-299	0.129	TC/GT	1	0.638	NA	NA	NA
rs2898213	-298	0.129	TT/GC	1	0.586	NA	NA	NA
rs1886522	-296	0.114	TC/GT	1	0.122	NA	NA	NA
rs9597106	-292	0.125	TC/GT	1	0.365	NA	NA	NA
rs4265702	-291	0.129	TC/GT	1	0.636	NA	NA	NA
rs1925056	-289	0.125	TC/GT	1	0.654	NA	NA	NA
rs8001231	-288	0.129	TT/GG	1	0.694	NA	NA	NA
rs61951261	-287	0.348	TT/GG	1	0.000151	NA	NA	NA
rs3118198	-287	0.114	TG/GC	1	0.137	NA	NA	NA
rs1925071	-284	0.129	TC/GT	1	0.738	NA	NA	NA
rs61951262	-282	0.348	TC/GG	1	0.000154	NA	NA	NA
rs3850056	-277	0.125	TG/GA	1	0.949	NA	NA	NA
rs11838414	-275	0.352	TC/GT	1	0.000173	NA	NA	NA
rs7989158	-274	0.352	TG/GC	1	0.000111	NA	NA	NA
rs61951263	-273	0.352	TT/GG	1	0.000114	NA	NA	NA
rs73204695	-272	0.348	TG/GA	1	0.000138	NA	NA	NA
rs73204696	-271	0.352	TT/GC	1	0.000112	NA	NA	NA
rs61951264	-269	0.348	TC/GA	1	0.000128	NA	NA	NA
rs4885657	-266	0.171	TT/GC	1	0.0557	NA	NA	NA
rs7984262	-266	0.317	TT/GC	1	0.0114	NA	NA	NA
rs3125759	-264	0.259	TA/GG	1	0.0859	NA	NA	NA
rs3118184	-264	0.259	TG/GA	1	0.0815	NA	NA	NA
rs2050723	-264	0.101	TC/GT	1	0.0969	NA	NA	NA
rs3118185	-264	0.673	TG/GA	1	8.27e-06	0	1.33367686100095e-05	0.999212117033827
rs9563285	-263	0.106	TC/GG	1	0.097	NA	NA	NA
rs3118186	-262	0.263	TG/GC	1	0.119	NA	NA	NA
rs12874052	-262	0.106	TT/GC	1	0.111	NA	NA	NA
rs12854100	-261	0.105	TG/GC	1	0.0958	NA	NA	NA
rs9527320	-260	0.15	TC/GA	1	0.055	NA	NA	NA
rs7994312	-260	0.106	TA/GC	1	0.111	NA	NA	NA
rs9597111	-260	0.15	TT/GG	1	0.0553	NA	NA	NA
rs7999502	-260	0.106	TG/GA	1	0.109	NA	NA	NA
rs9563286	-259	0.106	TT/GC	1	0.104	NA	NA	NA
rs1925052	-259	0.15	TC/GA	1	0.0553	NA	NA	NA
rs3118187	-259	0.683	TG/GA	1	6.96e-06	0	1.57276412010182e-05	0.998624904054329
rs9536964	-258	0.144	TA/GG	1	0.0539	NA	NA	NA
rs34412078	-257	0.106	TA/GT	1	0.0984	NA	NA	NA
rs12866091	-257	0.15	TG/GA	1	0.0662	NA	NA	NA
rs3125761	-256	0.131	TC/GT	1	0.296	NA	NA	NA
rs12872043	-255	0.106	TG/GA	1	0.103	NA	NA	NA
rs3125762	-255	0.683	TG/GA	1	8.2e-06	0	1.3445572915328e-05	0.999158568449445
rs3125763	-255	0.264	TA/GT	1	0.12	NA	NA	NA
rs9597112	-255	0.15	TT/GC	1	0.0553	NA	NA	NA
rs3904913	-254	0.106	TG/GA	1	0.103	NA	NA	NA
rs1925069	-252	0.808	TC/GG	1	1.67e-05	0	6.81926322606121e-06	0.999926281985243
rs12854038	-252	0.15	TA/GC	1	0.0548	NA	NA	NA
rs1925070	-252	0.683	TA/GT	1	8.49e-06	0	1.30062623356857e-05	0.99926464909939
rs12865343	-251	0.107	TC/GT	1	0.124	NA	NA	NA
rs1543549	-251	0.131	TT/GC	1	0.421	NA	NA	NA
rs3118189	-250	0.121	TT/GC	1	0.211	NA	NA	NA
rs34536535	-250	0.106	TA/GG	1	0.1	NA	NA	NA
rs34743478	-250	0.106	TC/GT	1	0.0991	NA	NA	NA
rs11148329	-249	0.106	TT/GG	1	0.0994	NA	NA	NA
rs7322089	-249	0.106	TC/GA	1	0.0998	NA	NA	NA
rs9597114	-249	0.15	TG/GT	1	0.0558	NA	NA	NA
rs3118190	-248	0.257	TC/GT	1	0.175	NA	NA	NA
rs3118191	-248	0.683	TC/GT	1	9.08e-06	0	1.21974609643883e-05	0.999452325097984
rs3125765	-248	0.264	TA/GG	1	0.133	NA	NA	NA
rs3118192	-248	0.264	TT/GG	1	0.149	NA	NA	NA
rs3125766	-247	0.7	TT/GC	1	3.28e-06	0	3.23303890105051e-05	0.997220082693589
rs35807699	-247	0.15	TG/GC	1	0.0615	NA	NA	NA
rs9569204	-246	0.106	TC/GG	1	0.0904	NA	NA	NA
rs3118193	-246	0.264	TA/GT	1	0.133	NA	NA	NA
rs3125767	-245	0.7	TA/GG	1	1.12e-05	0	9.98230486753788e-06	0.999800928453586
rs9569205	-244	0.107	TA/GT	1	0.0941	NA	NA	NA
rs1570751	-244	0.264	TC/GT	1	0.169	NA	NA	NA
rs2182043	-243	0.106	TA/GG	1	0.105	NA	NA	NA
rs1570750	-242	0.683	TT/GG	1	9.38e-06	0	1.18244709702481e-05	0.999512433506189
rs2182044	-242	0.106	TG/GA	1	0.105	NA	NA	NA
rs9527321	-242	0.15	TC/GA	1	0.0568	NA	NA	NA
rs3125769	-241	0.683	TG/GA	1	9.42e-06	0	1.17764980293237e-05	0.999536022444415
rs4580037	-241	0.106	TA/GC	1	0.0975	NA	NA	NA
rs9569207	-240	0.106	TC/GA	1	0.0999	NA	NA	NA
rs3118195	-240	0.252	TG/GT	1	0.193	NA	NA	NA
rs9527322	-240	0.15	TT/GG	1	0.0569	NA	NA	NA
rs3120891	-238	0.264	TT/GC	1	0.115	NA	NA	NA
rs9527324	-238	0.15	TC/GA	1	0.0582	NA	NA	NA
rs9569208	-237	0.107	TT/GG	1	0.1	NA	NA	NA
rs9569209	-236	0.106	TC/GT	1	0.0938	NA	NA	NA
rs3120871	-236	0.683	TG/GT	1	7.92e-06	0	1.389962698428e-05	0.998994841907229
rs3120875	-235	0.688	TA/GT	1	6.19e-06	0	1.75945052863273e-05	0.998374700893809
rs146744381	-235	0.15	TT/GC	1	0.0583	NA	NA	NA
rs12866630	-235	0.15	TT/GC	1	0.0573	NA	NA	NA
rs5009085	-234	0.264	TA/GG	1	0.422	NA	NA	NA
rs3120884	-234	0.264	TC/GT	1	0.14	NA	NA	NA
rs34284484	-233	0.106	TT/GG	1	0.0981	NA	NA	NA
rs9597118	-233	0.15	TC/GA	1	0.0569	NA	NA	NA
rs3120889	-233	0.7	TT/GC	1	9.52e-06	0	1.16582938487056e-05	0.999606195830861
rs9597119	-232	0.15	TC/GT	1	0.0569	NA	NA	NA
rs9591642	-232	0.15	TT/GC	1	0.0573	NA	NA	NA
rs3120890	-232	0.264	TT/GC	1	0.137	NA	NA	NA
rs3120892	-231	0.7	TA/GG	1	9.05e-06	0	1.22360921130177e-05	0.999440127637019
rs9527325	-229	0.15	TA/GG	1	0.0573	NA	NA	NA
rs9527326	-229	0.15	TT/GA	1	0.0569	NA	NA	NA
rs9536969	-229	0.15	TT/GC	1	0.0573	NA	NA	NA
rs9536970	-229	0.15	TC/GA	1	0.0602	NA	NA	NA
rs3120843	-228	0.7	TC/GG	1	9.82e-06	0	1.13178388841598e-05	0.999663776315945
rs3120844	-228	0.683	TA/GG	1	1.09e-05	0	1.02444461154705e-05	0.999770722495834
rs12430266	-228	0.15	TT/GA	1	0.0573	NA	NA	NA
rs7338955	-227	0.15	TT/GA	1	0.0573	NA	NA	NA
rs3120845	-226	0.688	TG/GA	1	6.04e-06	0	1.8012421992602e-05	0.998267856910858
rs59790854	-225	0.104	TA/GC	1	0.0825	NA	NA	NA
rs9316765	-225	0.15	TG/GA	1	0.0573	NA	NA	NA
rs3120846	-224	0.688	TA/GC	1	6.19e-06	0	1.75945052863273e-05	0.998357106388523
rs12877106	-224	0.106	TA/GG	1	0.0946	NA	NA	NA
rs9536973	-224	0.15	TA/GT	1	0.0588	NA	NA	NA
rs3125770	-224	0.688	TT/GC	1	6.14e-06	0	1.7731586514216e-05	0.998339511883236
rs3120847	-223	0.683	TG/GA	1	7.66e-06	0	1.43503555015643e-05	0.998910332100995
rs67255119	-222	0.106	TT/GC	1	0.0965	NA	NA	NA
rs3120848	-221	0.264	TC/GA	1	0.134	NA	NA	NA
rs3125771	-221	0.683	TC/GT	1	7.42e-06	0	1.47938702433976e-05	0.998823431984513
rs9536976	-221	0.15	TA/GG	1	0.0565	NA	NA	NA
rs3125735	-221	0.683	TT/GC	1	8.88e-06	0	1.24598311958343e-05	0.999390804389044
rs7337810	-221	0.106	TC/GA	1	0.0944	NA	NA	NA
rs3120851	-220	0.263	TA/GC	1	0.157	NA	NA	NA
rs66489536	-220	0.106	TA/GG	1	0.096	NA	NA	NA
rs9597122	-220	0.15	TC/GT	1	0.0566	NA	NA	NA
rs3120854	-219	0.7	TA/GG	1	9.92e-06	0	1.12088382477784e-05	0.999674985154193
rs9527327	-219	0.15	TT/GG	1	0.0543	NA	NA	NA
rs3125736	-219	0.264	TA/GC	1	0.133	NA	NA	NA
rs9591644	-219	0.15	TA/GG	1	0.0571	NA	NA	NA
rs3120855	-219	0.264	TG/GA	1	0.135	NA	NA	NA
rs7999775	-218	0.15	TA/GG	1	0.0581	NA	NA	NA
rs3125737	-218	0.7	TG/GT	1	1.08e-05	0	1.03349953221231e-05	0.999750233603603
rs12430403	-218	0.15	TG/GA	1	0.0581	NA	NA	NA
rs4885708	-217	0.106	TA/GG	1	0.0759	NA	NA	NA
rs9569213	-217	0.104	TC/GG	1	0.0635	NA	NA	NA
rs3125738	-217	0.264	TT/GC	1	0.0351	NA	NA	NA
rs3120857	-217	0.683	TC/GT	1	8.69e-06	0	1.27200380356093e-05	0.999302851321246
rs3120858	-216	0.636	TA/GT	1	1.94e-05	0	5.91193987220884e-06	0.999944634590263
rs9536982	-215	0.15	TG/GT	1	0.0617	NA	NA	NA
rs3125740	-213	0.7	TT/GC	1	1.09e-05	0	1.02444461154705e-05	0.999760478049718
rs2316648	-213	0.263	TG/GA	1	0.141	NA	NA	NA
rs2316647	-213	0.106	TG/GC	1	0.0764	NA	NA	NA
rs2316646	-213	0.106	TA/GG	1	0.0767	NA	NA	NA
rs1582147	-213	0.264	TG/GT	1	0.116	NA	NA	NA
rs1578052	-213	0.264	TC/GA	1	0.141	NA	NA	NA
rs1578051	-212	0.264	TA/GG	1	0.134	NA	NA	NA
rs9569216	-212	0.106	TG/GA	1	0.076	NA	NA	NA
rs3125742	-212	0.688	TG/GT	1	6.98e-06	0	1.56845350827941e-05	0.998640588589412
rs3125743	-210	0.7	TT/GC	1	1.1e-05	0	1.0155509733219e-05	0.999780878005567
rs3120862	-210	0.688	TA/GC	1	7.09e-06	0	1.54517131489645e-05	0.998702668063278
rs3120863	-207	0.263	TA/GG	1	0.134	NA	NA	NA
rs3936206	-207	0.107	TT/GG	1	0.084	NA	NA	NA
rs3120865	-206	0.688	TA/GG	1	9.39e-06	0	1.18124401967684e-05	0.999524245946385
rs3120866	-206	0.263	TC/GA	1	0.145	NA	NA	NA
rs61951290	-205	0.107	TG/GA	1	0.0851	NA	NA	NA
rs3120868	-204	0.263	TC/GA	1	0.145	NA	NA	NA
rs3120869	-204	0.688	TA/GG	1	8.96e-06	0	1.23535060347718e-05	0.999415564330119
rs73516864	-204	0.15	TA/GG	1	0.0583	NA	NA	NA
rs2316644	-203	0.688	TA/GG	1	9.18e-06	0	1.20704773723424e-05	0.999488662859619
rs3120872	-203	0.263	TC/GT	1	0.661	NA	NA	NA
rs3125744	-203	0.7	TT/GG	1	1.31e-05	0	8.59574825380969e-06	0.999863877175989
rs9536985	-203	0.15	TT/GA	1	0.0584	NA	NA	NA
rs9536986	-202	0.15	TA/GT	1	0.0615	NA	NA	NA
rs2316643	-202	0.263	TT/GA	1	0.137	NA	NA	NA
rs3125746	-202	0.688	TG/GA	1	9.48e-06	0	1.17052823475e-05	0.999559492293858
rs2316642	-201	0.256	TG/GT	1	0.186	NA	NA	NA
rs11841934	-201	0.198	TT/GC	1	0.0879	NA	NA	NA
rs3120874	-201	0.263	TT/GC	1	0.145	NA	NA	NA
rs12874723	-201	0.107	TG/GA	1	0.0884	NA	NA	NA
rs2316645	-200	0.263	TA/GG	1	0.145	NA	NA	NA
rs3120876	-197	0.191	TC/GT	1	0.00116	NA	NA	NA
rs12431061	-197	0.15	TT/GC	1	0.0574	NA	NA	NA
rs9597128	-197	0.15	TT/GC	1	0.0592	NA	NA	NA
rs3125749	-196	0.7	TC/GA	1	1.34e-05	0	8.4120640796058e-06	0.999880761630649
rs4315251	-196	0.15	TG/GA	1	0.0596	NA	NA	NA
rs1572687	-195	0.263	TC/GT	1	0.14	NA	NA	NA
rs9563292	-194	0.107	TG/GT	1	0.0862	NA	NA	NA
rs9597130	-193	0.15	TA/GC	1	0.0601	NA	NA	NA
rs3125750	-192	0.683	TT/GA	1	9.56e-06	0	1.16116905974076e-05	0.999629419212056
rs3120877	-192	0.696	TG/GC	1	1.21e-05	0	9.27235893470307e-06	0.999829042879231
rs12428080	-192	0.15	TC/GT	1	0.0585	NA	NA	NA
rs7322125	-192	0.107	TG/GA	1	0.0856	NA	NA	NA
rs3120878	-191	0.263	TC/GT	1	0.141	NA	NA	NA
rs3120879	-191	0.683	TT/GC	1	9.63e-06	0	1.15310476565634e-05	0.999640950259712
rs1832486	-191	0.263	TG/GA	1	0.141	NA	NA	NA
rs1832487	-191	0.263	TG/GA	1	0.139	NA	NA	NA
rs12862973	-190	0.107	TC/GT	1	0.0831	NA	NA	NA
rs9569224	-189	0.107	TA/GT	1	0.0833	NA	NA	NA
rs3120880	-186	0.688	TA/GT	1	8.84e-06	0	1.25137007589419e-05	0.99936587130389
rs3120881	-185	0.263	TG/GA	1	0.153	NA	NA	NA
rs3120883	-184	0.688	TC/GT	1	9.49e-06	0	1.16934988429193e-05	0.999571185792701
rs4512987	-184	0.107	TA/GG	1	0.0841	NA	NA	NA
rs3125754	-184	0.688	TA/GC	1	9.65e-06	0	1.15082173489982e-05	0.999652458477061
rs35806850	-184	0.105	TG/GT	1	0.101	NA	NA	NA
rs12871171	-184	0.107	TC/GA	1	0.0805	NA	NA	NA
rs12716697	-183	0.135	TT/GA	1	0.0734	NA	NA	NA
rs9536998	-182	0.15	TT/GA	1	0.0608	NA	NA	NA
rs3120886	-181	0.263	TC/GA	1	0.138	NA	NA	NA
rs3120887	-180	0.683	TT/GG	1	1.02e-05	0	1.09147796549168e-05	0.999708041076495
rs9563295	-180	0.107	TT/GA	1	0.082	NA	NA	NA
rs7984910	-179	0.15	TC/GT	1	0.0377	NA	NA	NA
rs3120888	-179	0.7	TG/GA	1	1.39e-05	0	8.1231866647288e-06	0.999888884817314
rs9563296	-179	0.107	TA/GG	1	0.08	NA	NA	NA
rs7490613	-177	0.263	TA/GG	1	0.141	NA	NA	NA
rs7991354	-177	0.683	TG/GT	1	1.11e-05	0	1.00681431512587e-05	0.999790946148718
rs2873235	-176	0.263	TC/GT	1	0.145	NA	NA	NA
rs4548750	-175	0.107	TA/GG	1	0.0792	NA	NA	NA
rs4489891	-175	0.7	TC/GT	1	1.3e-05	0	8.65882047420433e-06	0.999846622607261
rs4884166	-174	0.7	TA/GG	1	1.3e-05	0	8.65882047420433e-06	0.999855281427736
rs4570726	-173	0.152	TC/GT	1	0.672	NA	NA	NA
rs4468482	-173	0.107	TA/GG	1	0.0765	NA	NA	NA
rs4408432	-173	0.107	TT/GA	1	0.0773	NA	NA	NA
rs7994631	-172	0.15	TG/GA	1	0.0566	NA	NA	NA
rs12864898	-172	0.107	TA/GG	1	0.0794	NA	NA	NA
rs9537001	-172	0.263	TT/GG	1	0.129	NA	NA	NA
rs4884171	-171	0.7	TA/GG	1	1.33e-05	0	8.4723905799146e-06	0.999872349566569
rs4242977	-170	0.683	TG/GA	1	1.07e-05	0	1.04272019699201e-05	0.99973989860828
rs4624050	-167	0.7	TA/GT	1	6.8e-06	0	1.60814344633173e-05	0.998593162552371
rs7982862	-166	0.107	TG/GA	1	0.0887	NA	NA	NA
rs9597136	-165	0.185	TT/GC	1	0.000441	NA	NA	NA
rs9569229	-165	0.7	TG/GA	1	6.74e-06	0	1.62183505003402e-05	0.998544827433687
rs9563298	-165	0.683	TC/GT	1	8.12e-06	0	1.3572171165455e-05	0.999077595842039
rs9569230	-165	0.107	TA/GG	1	0.0882	NA	NA	NA
rs4635224	-164	0.263	TC/GT	1	0.0971	NA	NA	NA
rs9537003	-164	0.15	TG/GA	1	0.0384	NA	NA	NA
rs9537004	-163	0.15	TT/GA	1	0.0374	NA	NA	NA
rs3922434	-162	0.107	TC/GT	1	0.0904	NA	NA	NA
rs7981463	-162	0.683	TT/GA	1	7.98e-06	0	1.37997014736009e-05	0.999050256951471
rs7981465	-162	0.15	TA/GT	1	0.0369	NA	NA	NA
rs7984628	-162	0.15	TG/GA	1	0.0369	NA	NA	NA
rs7986406	-162	0.15	TC/GT	1	0.0414	NA	NA	NA
rs4344605	-161	0.258	TT/GC	1	0.109	NA	NA	NA
rs9591648	-161	0.15	TT/GC	1	0.0361	NA	NA	NA
rs9527336	-161	0.915	TG/GA	1	8.85e-08	1	0.00105213961323301	0.905220477442584
rs9527337	-160	0.15	TT/GC	1	0.0361	NA	NA	NA
rs9537006	-160	0.91	TA/GC	1	3.72e-08	1	0.00243675412533223	0.81087509463741
rs7998200	-159	0.692	TC/GA	1	7.16e-06	0	1.53072052395522e-05	0.998717975268518
rs2316652	-159	0.261	TC/GT	1	0.111	NA	NA	NA
rs7336884	-157	0.267	TC/GA	1	0.0996	NA	NA	NA
rs10161906	-157	0.267	TG/GA	1	0.0917	NA	NA	NA
rs9316768	-157	0.261	TA/GG	1	0.111	NA	NA	NA
rs4583111	-156	0.267	TG/GA	1	0.102	NA	NA	NA
rs7989198	-156	0.267	TG/GA	1	0.105	NA	NA	NA
rs7989751	-156	0.71	TG/GA	1	9.43e-06	0	1.1764567095901e-05	0.999547787011511
rs9316769	-155	0.692	TG/GA	1	5.36e-06	0	2.01940931601238e-05	0.99803856513467
rs61960931	-155	0.112	TT/GA	1	0.0812	NA	NA	NA
rs9537008	-155	0.261	TT/GA	1	0.111	NA	NA	NA
rs1338785	-153	0.112	TC/GG	1	0.0732	NA	NA	NA
rs1338786	-153	0.112	TG/GA	1	0.0753	NA	NA	NA
rs1338787	-153	0.112	TA/GG	1	0.0779	NA	NA	NA
rs9316770	-152	0.267	TG/GA	1	0.105	NA	NA	NA
rs12428297	-152	0.161	TT/GC	1	0.0303	NA	NA	NA
rs7992177	-152	0.261	TA/GC	1	0.111	NA	NA	NA
rs1338780	-152	0.692	TT/GG	1	7.39e-06	0	1.48512941520988e-05	0.998808638114269
rs9537009	-152	0.161	TA/GG	1	0.0296	NA	NA	NA
rs1338781	-151	0.261	TC/GT	1	0.108	NA	NA	NA
rs7998111	-151	0.267	TC/GA	1	0.105	NA	NA	NA
rs9537010	-151	0.261	TA/GG	1	0.111	NA	NA	NA
rs9537011	-151	0.261	TT/GC	1	0.102	NA	NA	NA
rs9537012	-151	0.688	TG/GC	1	8.23e-06	0	1.33987204208114e-05	0.999185397088003
rs34438449	-151	0.112	TG/GA	1	0.0726	NA	NA	NA
rs9563299	-150	0.261	TG/GT	1	0.111	NA	NA	NA
rs4884174	-150	0.692	TA/GG	1	7.83e-06	0	1.40523285458699e-05	0.998966907088191
rs1890464	-150	0.261	TT/GC	1	0.0998	NA	NA	NA
rs9569235	-149	0.112	TA/GC	1	0.0716	NA	NA	NA
rs9569236	-149	0.11	TC/GT	1	0.0569	NA	NA	NA
rs9537015	-148	0.261	TA/GG	1	0.11	NA	NA	NA
rs12857116	-148	0.161	TG/GT	1	0.0295	NA	NA	NA
rs118088903	-148	0.12	TC/GT	1	0.21	NA	NA	NA
rs4884175	-148	0.185	TT/GC	1	0.000465	NA	NA	NA
rs60990483	-148	0.267	TG/GA	1	0.107	NA	NA	NA
rs7990319	-147	0.267	TA/GG	1	0.105	NA	NA	NA
rs7333964	-146	0.112	TC/GT	1	0.0707	NA	NA	NA
rs2316639	-145	0.692	TG/GT	1	8.24e-06	0	1.33831772146661e-05	0.999198780265217
rs8002727	-145	0.692	TA/GG	1	9.51e-06	0	1.1670004669036e-05	0.999594537537012
rs9537017	-145	0.161	TT/GC	1	0.032	NA	NA	NA
rs7982019	-144	0.261	TA/GG	1	0.113	NA	NA	NA
rs9569239	-143	0.261	TC/GT	1	0.113	NA	NA	NA
rs9569240	-143	0.267	TA/GC	1	0.114	NA	NA	NA
rs2575905	-142	0.692	TG/GA	1	8.66e-06	0	1.27621457848575e-05	0.999277411245175
rs2575904	-142	0.261	TT/GA	1	0.113	NA	NA	NA
rs2575903	-141	0.261	TA/GC	1	0.107	NA	NA	NA
rs9537020	-141	0.164	TC/GA	1	0.0308	NA	NA	NA
rs9537021	-141	0.164	TT/GC	1	0.0289	NA	NA	NA
rs2788705	-141	0.261	TC/GT	1	0.107	NA	NA	NA
rs61959460	-141	0.118	TA/GT	1	0.0602	NA	NA	NA
rs3098270	-141	0.71	TT/GC	1	9.28e-06	0	1.19461755996798e-05	0.999500609035218
rs2575902	-141	0.267	TA/GG	1	0.103	NA	NA	NA
rs9569241	-140	0.118	TG/GA	1	0.0566	NA	NA	NA
rs2575901	-140	0.692	TT/GC	1	6.83e-06	0	1.60138607577818e-05	0.998609176413128
rs2788706	-140	0.261	TC/GT	1	0.515	NA	NA	NA
rs1583557	-140	0.692	TA/GG	1	8.87e-06	0	1.24732539576781e-05	0.999378344557848
rs1583556	-140	0.164	TG/GT	1	0.0315	NA	NA	NA
rs2575899	-139	0.692	TG/GA	1	8.82e-06	0	1.25408150550709e-05	0.999353357603131
rs7996291	-139	0.71	TG/GA	1	1.05e-05	0	1.06167744705844e-05	0.999729471406311
rs2788709	-138	0.261	TT/GC	1	0.113	NA	NA	NA
rs1416333	-138	0.164	TT/GG	1	0.0317	NA	NA	NA
rs1416332	-136	0.261	TT/GA	1	0.116	NA	NA	NA
rs2575906	-135	0.267	TT/GC	1	0.104	NA	NA	NA
rs2575907	-135	0.256	TG/GA	1	0.132	NA	NA	NA
rs979912	-134	0.164	TC/GT	1	0.032	NA	NA	NA
rs9569243	-134	0.13	TG/GA	1	0.0886	NA	NA	NA
rs2788703	-133	0.262	TT/GC	1	0.133	NA	NA	NA
rs7338318	-133	0.13	TG/GA	1	0.0681	NA	NA	NA
rs9316773	-132	0.702	TG/GC	1	1.19e-05	0	9.42103335548539e-06	0.999810349486941
rs1370078	-131	0.13	TG/GT	1	0.0781	NA	NA	NA
rs3098277	-130	0.719	TA/GC	1	1.42e-05	0	7.95942589626139e-06	0.999904857497941
rs9527340	-130	0.267	TA/GG	1	0.147	NA	NA	NA
rs9537024	-126	0.719	TA/GC	1	1.19e-05	0	9.42103335548539e-06	0.999819770520296
rs9597141	-126	0.164	TG/GA	1	0.0362	NA	NA	NA
rs3098274	-126	0.27	TG/GT	1	0.0968	NA	NA	NA
rs9537025	-126	0.164	TC/GT	1	0.0383	NA	NA	NA
rs9527344	-125	0.719	TG/GC	1	6.29e-06	0	1.73267539079246e-05	0.998426921750784
rs34859288	-124	0.132	TT/GA	1	0.0499	NA	NA	NA
rs2316048	-123	0.157	TT/GC	1	0.0393	NA	NA	NA
rs9537030	-121	0.707	TC/GA	1	8.17e-06	0	1.34927625512857e-05	0.999145122876529
rs9537032	-120	0.164	TG/GA	1	0.0407	NA	NA	NA
rs9527348	-119	0.719	TA/GG	1	5.98e-06	0	1.81853420670258e-05	0.998249844488865
rs9537035	-118	0.164	TT/GC	1	0.0404	NA	NA	NA
rs3124390	-118	0.719	TT/GG	1	9.5e-06	0	1.16817396419884e-05	0.999582867532343
rs9634864	-117	0.132	TA/GT	1	0.0433	NA	NA	NA
rs9537036	-116	0.266	TA/GG	1	0.0875	NA	NA	NA
rs9634694	-115	0.132	TG/GT	1	0.0489	NA	NA	NA
rs7322426	-113	0.719	TT/GG	1	4.91e-06	0	2.19630012146058e-05	0.997787252533812
rs12875004	-112	0.164	TG/GC	1	0.0425	NA	NA	NA
rs4397997	-112	0.719	TG/GA	1	5.03e-06	0	2.14609529771659e-05	0.997852050624918
rs9527353	-112	0.164	TG/GA	1	0.0375	NA	NA	NA
rs3124388	-110	0.719	TT/GG	1	8.36e-06	0	1.31995013831995e-05	0.999238607223976
rs12429928	-110	0.164	TC/GT	1	0.0427	NA	NA	NA
rs3124387	-110	0.719	TC/GT	1	7.54e-06	0	1.45686540499645e-05	0.998838000638563
rs3124386	-109	0.719	TT/GC	1	8.3e-06	0	1.32906887659104e-05	0.999225407722593
rs9537039	-108	0.719	TC/GT	1	6.05e-06	0	1.79839289161707e-05	0.99830382476869
rs9597142	-107	0.164	TA/GG	1	0.0408	NA	NA	NA
rs1583560	-107	0.266	TT/GC	1	0.0647	NA	NA	NA
rs4146540	-107	0.164	TG/GA	1	0.0407	NA	NA	NA
rs10781824	-107	0.266	TC/GT	1	0.0629	NA	NA	NA
rs61959501	-106	0.132	TT/GA	1	0.0672	NA	NA	NA
rs12561141	-106	0.132	TG/GA	1	0.0656	NA	NA	NA
rs7986627	-103	0.719	TG/GA	1	2.19e-06	0	4.76400801222097e-05	0.996570793872196
rs9527354	-102	0.266	TG/GA	1	0.0688	NA	NA	NA
rs1370072	-102	0.266	TC/GT	1	0.0672	NA	NA	NA
rs1370073	-102	0.266	TT/GA	1	0.0671	NA	NA	NA
rs9316776	-101	0.266	TG/GA	1	0.0669	NA	NA	NA
rs3098275	-100	0.719	TA/GG	1	8.92e-06	0	1.24064350406782e-05	0.999403210824084
rs9537041	-100	0.164	TG/GA	1	0.0409	NA	NA	NA
rs2873056	-97.9	0.719	TA/GG	1	5.88e-06	0	1.84812282968465e-05	0.998231659146798
rs4482164	-97.8	0.719	TC/GT	1	8e-06	0	1.37667194025667e-05	0.999064023670874
rs4255680	-96.8	0.719	TT/GC	1	1.96e-05	0	5.85447358409169e-06	0.999956343537431
rs9537044	-96	0.266	TG/GA	1	0.0773	NA	NA	NA
rs9537046	-94.9	0.719	TG/GT	1	7.96e-06	0	1.38328459512595e-05	0.999036457249998
rs9597150	-94.8	0.164	TT/GC	1	0.0393	NA	NA	NA
rs9563310	-94.7	0.266	TT/GG	1	0.055	NA	NA	NA
rs7992241	-94	0.266	TC/GT	1	0.0936	NA	NA	NA
rs9537050	-90.5	0.164	TG/GA	1	0.0392	NA	NA	NA
rs7996953	-89.8	0.719	TT/GC	1	5.81e-06	0	1.8694288597313e-05	0.998213177918501
rs7995433	-89.8	0.707	TA/GG	1	2.57e-06	0	4.08560786182985e-05	0.99679260533565
rs9563312	-89.7	0.132	TG/GA	1	0.0721	NA	NA	NA
rs8001547	-88.9	0.719	TA/GG	1	4.79e-06	0	2.24897060401415e-05	0.997765289532597
rs9537052	-87.9	0.164	TA/GC	1	0.0413	NA	NA	NA
rs3124378	-87.9	0.719	TT/GC	1	8.71e-06	0	1.26921241052084e-05	0.999315543445351
rs9316777	-86.9	0.254	TC/GT	1	0.0602	NA	NA	NA
rs9569264	-85.1	0.132	TT/GC	1	0.0746	NA	NA	NA
rs1992097	-83.5	0.719	TG/GA	1	7.92e-06	0	1.389962698428e-05	0.999008741534213
rs9537055	-83.4	0.164	TC/GT	1	0.0381	NA	NA	NA
rs3098269	-82.7	0.719	TT/GC	1	7.93e-06	0	1.38828698334755e-05	0.999022624404047
rs9316778	-82.4	0.164	TC/GT	1	0.0379	NA	NA	NA
rs9537057	-81.8	0.155	TT/GC	1	0.691	NA	NA	NA
rs3124376	-81.1	0.719	TA/GC	1	8.21e-06	0	1.34299181371578e-05	0.999171998367582
rs9537058	-79.9	0.266	TC/GT	1	0.0485	NA	NA	NA
rs4299038	-79.9	0.719	TA/GG	1	5.6e-06	0	1.93647854595491e-05	0.998137328841917
rs9597156	-79.4	0.164	TC/GT	1	0.0379	NA	NA	NA
rs9316780	-78.8	0.132	TC/GT	1	0.0742	NA	NA	NA
rs1821756	-78.3	0.719	TG/GT	1	7.58e-06	0	1.44951352574666e-05	0.998881559372518
rs3105053	-77.7	0.719	TA/GG	1	8.16e-06	0	1.35085679846533e-05	0.999104612978009
rs35825176	-76.8	0.164	TT/GC	1	0.038	NA	NA	NA
rs3098265	-76.6	0.719	TT/GC	1	8.16e-06	0	1.35085679846533e-05	0.999118121545993
rs1436695	-75.8	0.164	TA/GG	1	0.0382	NA	NA	NA
rs639799	-75.6	0.266	TG/GA	1	0.049	NA	NA	NA
rs9537060	-75.3	0.164	TC/GT	1	0.0384	NA	NA	NA
rs1595222	-75	0.132	TC/GG	1	0.0764	NA	NA	NA
rs494993	-74.8	0.719	TA/GG	1	5.51e-06	0	1.96674741342422e-05	0.998117964056458
rs7321968	-73.5	0.129	TC/GT	1	0.0677	NA	NA	NA
rs9537061	-73.3	0.164	TT/GC	1	0.0387	NA	NA	NA
rs7998870	-71.3	0.164	TT/GC	1	0.0379	NA	NA	NA
rs7999183	-71.2	0.164	TT/GG	1	0.0379	NA	NA	NA
rs641385	-70.6	0.266	TA/GC	1	0.0477	NA	NA	NA
rs9569278	-70.1	0.132	TA/GG	1	0.0784	NA	NA	NA
rs7991038	-67.8	0.164	TC/GT	1	0.0385	NA	NA	NA
rs9537062	-67.3	0.164	TT/GC	1	0.0371	NA	NA	NA
rs9537063	-67.3	0.164	TA/GC	1	0.0371	NA	NA	NA
rs7331970	-67.1	0.132	TA/GT	1	0.0747	NA	NA	NA
rs9597157	-65.6	0.164	TT/GC	1	0.0379	NA	NA	NA
rs7323609	-64.3	0.164	TT/GC	1	0.0368	NA	NA	NA
rs12868292	-63.8	0.131	TA/GC	1	0.0795	NA	NA	NA
rs12868747	-63.8	0.127	TG/GA	1	0.0676	NA	NA	NA
rs7320149	-62	0.719	TT/GC	1	7.68e-06	0	1.43146224778736e-05	0.998924646723473
rs7325044	-61	0.719	TC/GT	1	5.35e-06	0	2.02302303932185e-05	0.997998140811117
rs7995081	-59.9	0.132	TA/GC	1	0.0785	NA	NA	NA
rs9569280	-59.8	0.132	TG/GT	1	0.0791	NA	NA	NA
rs7332092	-59.8	0.164	TA/GC	1	0.0365	NA	NA	NA
rs3105057	-59.6	0.719	TG/GA	1	9.56e-06	0	1.16116905974076e-05	0.999617807521458
rs586139	-59.3	0.719	TG/GA	1	5.09e-06	0	2.12186367000056e-05	0.997916068989199
rs9537065	-59.2	0.164	TA/GG	1	0.0368	NA	NA	NA
rs7334937	-59.1	0.132	TT/GC	1	0.0791	NA	NA	NA
rs2196529	-59.1	0.719	TG/GC	1	7.84e-06	0	1.40351920533221e-05	0.998980942280244
rs9537067	-58.9	0.164	TT/GC	1	0.0364	NA	NA	NA
rs9563319	-58.6	0.132	TT/GC	1	0.0776	NA	NA	NA
rs7316934	-58.2	0.132	TC/GG	1	0.0807	NA	NA	NA
rs1697507	-57.3	0.266	TA/GC	1	0.0521	NA	NA	NA
rs1370076	-56.6	0.719	TC/GT	1	8.16e-06	0	1.35085679846533e-05	0.999091104410024
rs3105063	-56	0.719	TC/GT	1	8.16e-06	0	1.35085679846533e-05	0.999131630113978
rs9569282	-55.8	0.132	TA/GG	1	0.0737	NA	NA	NA
rs9537069	-55.5	0.164	TC/GT	1	0.0403	NA	NA	NA
rs3105064	-55.3	0.719	TG/GA	1	7.56e-06	0	1.45317993490908e-05	0.998852532437912
rs9537070	-53.3	0.164	TC/GA	1	0.0403	NA	NA	NA
rs1697496	-47.6	0.724	TG/GA	1	5.49e-06	0	1.97360595212363e-05	0.998098296582323
rs3861155	-47.2	0.132	TA/GC	1	0.0786	NA	NA	NA
rs9569290	-45.8	0.132	TA/GG	1	0.078	NA	NA	NA
rs35495749	-45.6	0.132	TT/GG	1	0.0765	NA	NA	NA
rs17051830	-45.3	0.132	TT/GC	1	0.0759	NA	NA	NA
rs9569293	-45.1	0.132	TT/GC	1	0.0764	NA	NA	NA
rs9569294	-44.9	0.132	TT/GG	1	0.0759	NA	NA	NA
rs9597161	-44.7	0.164	TG/GA	1	0.0382	NA	NA	NA
rs9591653	-44.6	0.164	TC/GT	1	0.0397	NA	NA	NA
rs3124372	-44.5	0.191	TG/GA	1	0.000619	NA	NA	NA
rs58019277	-43	0.164	TA/GT	1	0.0397	NA	NA	NA
rs9569296	-42.6	0.132	TC/GT	1	0.0751	NA	NA	NA
rs1821758	-42.6	0.132	TA/GG	1	0.0729	NA	NA	NA
rs9569297	-42.3	0.132	TA/GT	1	0.0751	NA	NA	NA
rs537794	-42.2	0.147	TG/GA	1	0.823	NA	NA	NA
rs1583559	-41.7	0.132	TA/GT	1	0.0753	NA	NA	NA
rs1583558	-41.4	0.132	TA/GT	1	0.0797	NA	NA	NA
rs472750	-41.1	0.724	TT/GC	1	5.18e-06	0	2.08654866109008e-05	0.99793693447581
rs3098271	-41.1	0.719	TG/GA	1	9.12e-06	0	1.21463401369541e-05	0.999464471438121
rs3124436	-40.7	0.719	TA/GG	1	9.14e-06	0	1.21209441256487e-05	0.999476592382246
rs9569298	-40.6	0.132	TC/GT	1	0.0751	NA	NA	NA
rs1799633	-40.2	0.147	TC/GT	1	0.878	NA	NA	NA
rs9591654	-39.8	0.164	TT/GC	1	0.042	NA	NA	NA
rs1657208	-39.7	0.266	TC/GT	1	0.0467	NA	NA	NA
rs1657211	-39.3	0.147	TG/GA	1	0.876	NA	NA	NA
rs7325673	-39.3	0.132	TG/GT	1	0.0764	NA	NA	NA
rs7325361	-39.2	0.132	TC/GG	1	0.0764	NA	NA	NA
rs7325408	-39.1	0.132	TA/GG	1	0.0774	NA	NA	NA
rs9537074	-38.5	0.164	TG/GA	1	0.0399	NA	NA	NA
rs3098267	-37.3	0.719	TT/GC	1	6.36e-06	0	1.71442403100225e-05	0.998461392745002
rs1657205	-36.1	0.719	TT/GC	1	6.06e-06	0	1.79555280323338e-05	0.998321780296722
rs3124433	-34.3	0.719	TT/GC	1	1.01e-05	0	1.10179670391294e-05	0.99969712629684
rs6561830	-33.3	0.132	TA/GT	1	0.0933	NA	NA	NA
rs9537077	-30.5	0.167	TC/GA	1	0.0474	NA	NA	NA
rs639698	-29.3	0.995	TT/GG	1	2.18e-08	1	0.00409260748056575	0.675591099260635
rs639232	-29.2	0.995	TC/GA	1	2.15e-08	1	0.00414803173038511	0.655072974245231
rs9527363	-28.8	0.167	TA/GG	1	0.046	NA	NA	NA
rs636546	-28.6	0.995	TA/GG	1	2.18e-08	1	0.00409260748056575	0.671498491780069
rs1960704	-28.2	0.995	TG/GT	1	2.15e-08	1	0.00414803173038511	0.650924942514846
rs1579629	-28.2	0.167	TA/GG	1	0.0469	NA	NA	NA
rs507840	-28	0.733	TC/GT	1	1.32e-06	0	7.74974023113781e-05	0.996025947841794
rs9527365	-27.6	0.167	TC/GT	1	0.0468	NA	NA	NA
rs564891	-26.8	0.995	TA/GT	1	1.84e-08	1	0.00482496284605864	0.557391536826142
rs563986	-26.7	0.995	TC/GA	1	1.89e-08	1	0.0047009730530693	0.57156806087117
rs9527366	-26.2	0.167	TC/GG	1	0.0467	NA	NA	NA
rs558344	-26.1	0.995	TT/GC	1	1.05e-08	1	0.00832090067919059	0.026244137102728
rs532686	-25.6	0.995	TT/GC	1	2.02e-08	1	0.0044069532745652	0.616923015011636
rs610517	-24.8	0.989	TG/GA	1	1.93e-08	1	0.00460634494381289	0.594716488258555
rs1370065	-23.8	0.167	TG/GA	1	0.0466	NA	NA	NA
rs34606355	-23.6	0.167	TG/GA	1	0.046	NA	NA	NA
rs1436699	-23.2	0.733	TC/GG	1	2.57e-06	0	4.08560786182985e-05	0.996833461414268
rs1436698	-22.9	1	TC/GT	1	2.13e-08	1	0.00418583652291255	0.646776910784461
rs1436697	-22.8	1	TG/GC	1	3.41e-08	1	0.00265132194577866	0.755927745083677
rs9597162	-21.7	0.167	TA/GG	1	0.046	NA	NA	NA
rs621133	-21.6	1	TA/GG	1	3.11e-08	1	0.00289906892615981	0.736198041573622
rs692930	-21.6	1	TT/GC	1	2.13e-08	1	0.00418583652291255	0.642591074261548
rs1697497	-21.3	0.683	TT/GG	1	3.13e-06	0	3.3815036443058e-05	0.997155135745966
rs1657202	-21	1	TC/GG	1	2.07e-08	1	0.0043035724625205	0.629935916585383
rs9537079	-20.6	0.167	TG/GT	1	0.0428	NA	NA	NA
rs692816	-20	1	TG/GA	1	2.33e-08	1	0.00383661360856276	0.695410353359551
rs4374057	-19.8	0.739	TT/GG	1	1.25e-06	0	8.16675290503579e-05	0.99571251012038
rs7982241	-19.7	1	TT/GC	1	1.76e-08	1	0.00503779220037201	0.513238229558216
rs8002794	-19.6	1	TA/GC	1	2.18e-08	1	0.00409260748056575	0.667405884299503
rs7982441	-19.6	1	TT/GC	1	1.56e-08	1	0.00566394110528566	0.0847121260558646
rs1436700	-19.1	1	TG/GA	1	2.22e-08	1	0.00402100706050846	0.683668592619776
rs1436701	-18.8	0.739	TT/GA	1	1.77e-06	0	5.84527976356793e-05	0.9964178220784
rs9537080	-18.6	1	TG/GA	1	2.08e-08	1	0.00428348463034044	0.634219401215723
rs9537081	-18.6	1	TT/GC	1	3.69e-08	1	0.00245596489664449	0.793702551132211
rs3124430	-17	1	TG/GT	1	1.64e-08	1	0.00539540548995883	0.317932409040947
rs3105059	-16.8	1	TG/GA	1	1.66e-08	1	0.00533226229973751	0.409180539697242
rs3124429	-16.1	0.739	TT/GG	1	6.29e-06	0	1.73267539079246e-05	0.998409594996876
rs574958	-13.9	1	TC/GT	1	1.55e-08	1	0.00569943016639687	0.0676493246177852
rs9597163	-13.5	0.167	TA/GC	1	0.0393	NA	NA	NA
rs9597164	-13.5	0.167	TA/GC	1	0.0392	NA	NA	NA
rs596158	-13.3	1	TT/GC	1	1.61e-08	1	0.00549302118015524	0.279874093829236
rs596177	-13.3	1	TA/GG	1	1.65e-08	1	0.00536364514850346	0.37185470359908
rs7984867	-12.2	1	TT/GC	1	1.86e-08	1	0.00477457793888908	0.562166114765031
rs3098272	-12.2	0.733	TA/GC	1	2.88e-06	0	3.66262321653131e-05	0.996945763907605
rs7988208	-11.9	0.733	TA/GC	1	1.34e-06	0	7.63845911627039e-05	0.996102332432957
rs2873025	-11.7	0.739	TC/GT	1	1.71e-06	0	6.0422505631565e-05	0.996300274652616
rs494832	-11.1	1	TT/GC	1	1.59e-08	1	0.00556011662008619	0.202437102112126
rs9537088	-10.8	0.167	TA/GT	1	0.0387	NA	NA	NA
rs616312	-10.8	1	TC/GA	1	1.58e-08	1	0.00559429262211259	0.146630879899106
rs499584	-10.6	1	TA/GG	1	2e-08	1	0.00444973278168378	0.60365958559552
rs619592	-10	1	TG/GC	1	1.6e-08	1	0.00552636206766961	0.252275624378402
rs631542	-9.63	1	TA/GG	1	1.64e-08	1	0.00539540548995883	0.323327814530906
rs9537090	-9.44	0.167	TG/GA	1	0.0388	NA	NA	NA
rs555318	-9.14	1	TG/GA	1	1.6e-08	1	0.00552636206766961	0.241222900243063
rs644857	-8.93	1	TA/GG	1	1.72e-08	1	0.00515152698912434	0.482615016510026
rs645758	-8.74	1	TC/GG	1	1.66e-08	1	0.00533226229973751	0.39318375279803
rs646620	-8.59	1	TA/GG	1	1.66e-08	1	0.00533226229973751	0.419845064296717
rs560815	-8.52	1	TT/GA	1	1.64e-08	1	0.00539540548995883	0.366491058450576
rs1370068	-8.01	1	TG/GA	1	1.62e-08	1	0.00546008636382015	0.296254352920696
rs1370069	-7.93	1	TG/GT	1	1.59e-08	1	0.00556011662008619	0.207997218732212
rs1370070	-7.7	1	TC/GG	1	1.64e-08	1	0.00539540548995883	0.3503048419807
rs1697498	-7.68	1	TG/GA	1	1.64e-08	1	0.00539540548995883	0.355700247470659
rs1697499	-7.3	1	TC/GT	1	1.77e-08	1	0.00501015090387364	0.518248380462089
rs1657216	-7.12	1	TA/GG	1	1.57e-08	1	0.00562889805549206	0.101668906321928
rs1697500	-7.04	1	TT/GA	1	1.69e-08	1	0.00524031227884097	0.446260093798497
rs1657217	-7	1	TA/GG	1	1.59e-08	1	0.00556011662008619	0.191316868871953
rs1978802	-6.51	1	TC/GT	1	1.63e-08	1	0.00542755021009722	0.301681903130793
rs3105047	-6.41	1	TC/GA	1	1.6e-08	1	0.00552636206766961	0.268854710581411
rs3124427	-6.27	1	TA/GG	1	1.59e-08	1	0.00556011662008619	0.19687698549204
rs3124426	-6.25	0.875	TC/GT	1	2.36e-08	1	0.0037892675258785	0.703020319444934
rs1370064	-5.95	1	TC/GA	1	1.74e-08	1	0.00509401484146056	0.503134692286316
rs1697502	-5.89	1	TC/GT	1	1.92e-08	1	0.0046296373682869	0.585480505946456
rs3124425	-5.02	0.739	TA/GG	1	2.1e-06	0	4.9599307470176e-05	0.996523153792074
rs596364	-4.96	1	TT/GC	1	1.62e-08	1	0.00546008636382015	0.290794266556876
rs598213	-4.56	1	TC/GT	1	1.57e-08	1	0.00562889805549206	0.129813396599388
rs9537091	-4.03	0.167	TC/GG	1	0.0388	NA	NA	NA
rs520268	-3.94	1	TT/GC	1	1.66e-08	1	0.00533226229973751	0.382519228198555
rs937610	-3.43	1	TG/GA	1	1.57e-08	1	0.00562889805549206	0.13544229465488
rs1697504	-3.29	0.739	TG/GT	1	1.75e-06	0	5.90946281476577e-05	0.996359369280764
rs1697505	-3.22	1	TA/GG	1	1.64e-08	1	0.00539540548995883	0.339514031000782
rs2315899	-3.03	0.739	TT/GC	1	1.48e-06	0	6.94231727336465e-05	0.996171755605691
rs3105050	-1.98	1	TC/GT	1	1.68e-08	1	0.00527060235082855	0.441019781519656
rs3124424	-0.653	1	TA/GG	1	2.01e-08	1	0.00442823807077533	0.608087823666295
rs9537093	-0.322	0.167	TT/GC	1	0.0382	NA	NA	NA
rs3105052	0.082	0.995	TC/GA	1	2.04e-08	1	0.0043650011869739	0.62128801619861
rs3105054	0.47	1	TT/GA	1	2.23e-08	1	0.00400350282062742	0.687672095440404
rs9537094	0.479	0.167	TA/GT	1	0.0398	NA	NA	NA
rs3124423	0.57	1	TA/GT	1	1.66e-08	1	0.00533226229973751	0.403848277397505
rs9537095	0.586	0.167	TC/GT	1	0.0385	NA	NA	NA
rs3105055	1.08	1	TT/GC	1	1.66e-08	1	0.00533226229973751	0.41451280199698
rs9597166	1.69	0.167	TC/GA	1	0.0429	NA	NA	NA
rs11616494	1.76	0.167	TA/GT	1	0.0426	NA	NA	NA
rs3124422	2.23	0.739	TG/GA	1	1.51e-06	0	6.80965412940227e-05	0.996239852146985
rs3105056	2.55	1	TT/GC	1	1.66e-08	1	0.00533226229973751	0.425177326596455
rs9537096	2.84	0.739	TA/GG	1	1.29e-06	0	7.92301545293911e-05	0.99579174027491
rs12874670	3.49	0.167	TC/GT	1	0.0421	NA	NA	NA
rs3105088	4.09	0.739	TT/GC	1	1.3e-06	0	7.86438413820559e-05	0.995870384116292
rs3124420	4.6	1	TG/GT	1	1.64e-08	1	0.00539540548995883	0.344909436490741
rs3105087	5.19	1	TT/GC	1	1.66e-08	1	0.00533226229973751	0.387851490498292
rs3105086	6.66	1	TA/GG	1	1.66e-08	1	0.00533226229973751	0.377186965898817
rs3105085	6.9	1	TT/GC	1	1.43e-08	1	0.00616346183415669	0.038743291578789
rs4885822	8.05	0.984	TG/GT	1	1.56e-08	1	0.00566394110528566	0.0903760671611503
rs7317475	8.14	0.979	TG/GC	1	3.12e-08	1	0.00289005420006895	0.739088095773691
rs4885823	8.2	0.989	TA/GC	1	1.55e-08	1	0.00569943016639687	0.0733487547841821
rs4885824	8.25	0.724	TA/GC	1	3.25e-06	0	3.26165586120164e-05	0.997187752304578
rs3105084	10.1	0.717	TT/GC	1	1.2e-06	0	8.49385895954981e-05	0.995547244034862
rs3105083	10.1	0.717	TT/GA	1	2.25e-06	0	4.64194664626487e-05	0.996664645444555
rs3105082	10.4	0.973	TT/GC	1	1.58e-08	1	0.00559429262211259	0.152225172521218
rs3105081	10.5	0.973	TG/GA	1	1.72e-08	1	0.00515152698912434	0.48776654349915
rs2315898	11.3	0.973	TG/GA	1	1.89e-08	1	0.0047009730530693	0.566867087818101
rs9597170	11.7	0.164	TT/GC	1	0.047	NA	NA	NA
rs2315897	11.8	0.717	TT/GC	1	1.07e-06	0	9.48467627127793e-05	0.995193455495941
rs9597171	11.8	0.164	TG/GA	1	0.111	NA	NA	NA
rs2873024	12.5	0.973	TG/GA	1	1.92e-08	1	0.0046296373682869	0.590110143314743
rs9597172	13.2	0.164	TA/GC	1	0.0464	NA	NA	NA
rs3124419	13.6	0.973	TC/GA	1	1.92e-08	1	0.0046296373682869	0.580850868578169
rs2315896	14.6	0.979	TC/GT	1	1.98e-08	1	0.00449336455528055	0.599209852813836
rs3105076	14.7	0.979	TA/GC	1	2.16e-08	1	0.00412938827656771	0.659202362521799
rs3105077	14.8	0.723	TG/GA	1	1.11e-06	0	9.1555270262236e-05	0.995377366855671
rs9316785	15.2	0.164	TA/GG	1	0.0526	NA	NA	NA
rs9316786	15.2	0.164	TA/GG	1	0.0469	NA	NA	NA
rs3105078	15.3	0.968	TA/GC	1	2.78e-08	1	0.00323238908148615	0.724071246841531
rs3124418	15.4	0.968	TC/GT	1	2.2e-08	1	0.00405648629863306	0.679647585559268
rs9316787	15.6	0.164	TC/GT	1	0.0493	NA	NA	NA
rs3105079	15.6	0.979	TA/GG	1	2.01e-08	1	0.00442823807077533	0.61251606173707
rs9591658	15.8	0.164	TA/GG	1	0.0471	NA	NA	NA
rs3124416	16.9	0.979	TC/GT	1	1.58e-08	1	0.00559429262211259	0.169008050387556
rs9316788	17	0.164	TC/GT	1	0.0453	NA	NA	NA
rs3105080	17.3	0.979	TA/GG	1	1.55e-08	1	0.00569943016639687	0.079048184950579
rs3124415	17.5	0.979	TT/GA	1	1.59e-08	1	0.00556011662008619	0.185756752251867
rs3124414	17.5	0.979	TC/GT	1	1.54e-08	1	0.0057353738503494	0.056214520601039
rs3124413	17.8	0.979	TC/GT	1	1.58e-08	1	0.00559429262211259	0.163413757765443
rs34929261	18.5	0.164	TC/GT	1	0.0468	NA	NA	NA
rs3105046	19.3	0.979	TT/GC	1	1.62e-08	1	0.00546008636382015	0.285334180193056
rs3105045	19.5	0.979	TT/GC	1	1.59e-08	1	0.00556011662008619	0.213557335352298
rs3105044	19.8	0.979	TT/GA	1	1.54e-08	1	0.0057353738503494	0.0504791467506896
rs3105043	20.3	0.979	TA/GG	1	1.64e-08	1	0.00539540548995883	0.328723220020864
rs3105042	20.9	0.979	TT/GA	1	1.6e-08	1	0.00552636206766961	0.274381072649081
rs3124412	21.1	0.979	TC/GA	1	1.6e-08	1	0.00552636206766961	0.235696538175393
rs71439572	21.1	0.164	TT/GC	1	0.0454	NA	NA	NA
rs3105041	21.2	0.723	TA/GG	1	1.86e-06	0	5.57324062040529e-05	0.996473554484604
rs9537099	21.5	0.979	TC/GT	1	1.6e-08	1	0.00552636206766961	0.224643814040054
rs3124411	22.1	0.979	TT/GC	1	1.57e-08	1	0.00562889805549206	0.10729780437742
rs3124410	22.6	0.979	TC/GT	1	1.54e-08	1	0.0057353738503494	0.0619498944513884
rs3105040	23.4	0.979	TT/GG	1	1.57e-08	1	0.00562889805549206	0.124184498543896
rs3105039	24	0.979	TA/GG	1	1.57e-08	1	0.00562889805549206	0.118555600488404
rs7329272	24.2	0.164	TG/GA	1	0.0432	NA	NA	NA
rs2315895	24.5	0.979	TC/GT	1	1.56e-08	1	0.00566394110528566	0.0960400082664359
rs9537100	24.6	0.164	TA/GC	1	0.0426	NA	NA	NA
rs9537101	25	0.164	TG/GA	1	0.0426	NA	NA	NA
rs3105038	25.2	0.723	TA/GG	1	1.1e-06	0	9.23560894678716e-05	0.995285811585409
rs2315894	25.3	0.186	TA/GG	1	0.0678	NA	NA	NA
rs9527375	25.9	0.979	TG/GA	1	1.6e-08	1	0.00552636206766961	0.246749262310732
rs3124407	26.2	0.723	TT/GG	1	8.94e-07	0	0.00011275963437319	0.994692159197476
rs3124406	26.8	0.979	TG/GA	1	1.6e-08	1	0.00552636206766961	0.230170176107724
rs3105037	27.1	0.979	TT/GC	1	1.39e-08	1	0.00633569264190434	0.0325798297446323
rs3124405	27.4	0.973	TG/GT	1	1.58e-08	1	0.00559429262211259	0.174602343009669
rs3124404	27.6	0.973	TA/GG	1	1.68e-08	1	0.00527060235082855	0.435749179168827
rs3105036	28.8	0.973	TG/GC	1	1.6e-08	1	0.00552636206766961	0.263328348513741
rs9316789	29.6	0.973	TT/GA	1	1.58e-08	1	0.00559429262211259	0.180196635631781
rs9316790	29.7	0.164	TC/GT	1	0.0456	NA	NA	NA
rs3124403	30	0.973	TC/GA	1	1.58e-08	1	0.00559429262211259	0.141036587276993
rs9537103	30.4	0.167	TA/GG	1	0.0537	NA	NA	NA
rs3124402	31.5	0.973	TA/GG	1	2.29e-08	1	0.00390164431058425	0.691573739750988
rs3124400	31.9	0.148	TA/GG	1	0.000833	NA	NA	NA
rs3124399	32	0.973	TG/GA	1	1.75e-08	1	0.0050657450715278	0.508200437357843
rs3124397	32	0.973	TT/GC	1	1.63e-08	1	0.00542755021009722	0.312537003550988
rs3124396	33.8	0.973	TT/GC	1	1.63e-08	1	0.00542755021009722	0.307109453340891
rs3124395	33.8	0.718	TC/GG	1	1.22e-06	0	8.35985564682153e-05	0.99563084259133
rs3105073	34.1	0.973	TG/GA	1	1.64e-08	1	0.00539540548995883	0.361095652960617
rs3105072	36.3	0.718	TC/GT	1	1.05e-06	0	9.65848768518215e-05	0.995098608733228
rs4885841	36.4	0.973	TT/GC	1	1.67e-08	1	0.00530125022154372	0.430478576817999
rs4242981	36.5	0.718	TC/GG	1	2.37e-06	0	4.41604004643799e-05	0.996708805845019
rs4242982	36.6	0.718	TC/GT	1	2.2e-06	0	4.74321058960447e-05	0.996618225978092
rs2873023	37	0.164	TA/GT	1	0.0466	NA	NA	NA
rs2315892	37.3	0.973	TC/GT	1	1.7e-08	1	0.00521037374665614	0.461891215038465
rs2315891	37.5	0.973	TA/GG	1	1.59e-08	1	0.00556011662008619	0.219117451972384
rs2315890	37.6	0.968	TC/GA	1	1.6e-08	1	0.00552636206766961	0.257801986446072
rs2315889	37.9	0.712	TG/GC	1	1e-06	0	0.000101228853561001	0.995002023856376
rs3105033	38	0.968	TA/GG	1	1.7e-08	1	0.00521037374665614	0.451470467545153
rs3124391	38.4	0.968	TG/GC	1	1.58e-08	1	0.00559429262211259	0.157819465143331
rs3105032	38.8	0.968	TA/GG	1	1.7e-08	1	0.00521037374665614	0.472311962531777
rs3105031	39	0.968	TA/GG	1	1.73e-08	1	0.0051226069565804	0.498040677444855
rs3105030	39.5	0.712	TC/GT	1	9.85e-07	0	0.000102712350378496	0.994900795002815
rs2873022	39.8	0.712	TG/GC	1	9.54e-07	0	0.000105923454960789	0.994798082652437
rs2315888	39.9	0.968	TT/GC	1	1.7e-08	1	0.00521037374665614	0.456680841291809
rs2315887	40	0.968	TT/GC	1	1.81e-08	1	0.00490259907399923	0.547663974906085
rs2315886	40.2	0.968	TG/GA	1	1.66e-08	1	0.00533226229973751	0.398516015097767
rs3124383	40.7	0.968	TG/GA	1	1.7e-08	1	0.00521037374665614	0.467101588785121
rs3124381	41	0.968	TG/GA	1	1.72e-08	1	0.00515152698912434	0.477463489520902
rs3124380	41.3	0.968	TT/GC	1	1.72e-08	1	0.00515152698912434	0.492918070488275
rs2315885	41.4	0.165	TC/GT	1	0.0744	NA	NA	NA
rs3124377	42	0.963	TC/GT	1	1.64e-08	1	0.00539540548995883	0.334118625510823
rs9537105	42.5	0.164	TT/GC	1	0.0417	NA	NA	NA
rs9527377	42.8	0.164	TA/GG	1	0.042	NA	NA	NA
rs2315884	43.9	0.973	TT/GC	1	1.81e-08	1	0.00490259907399923	0.528053578610088
rs2315883	43.9	0.973	TA/GC	1	1.81e-08	1	0.00490259907399923	0.537858776758086
rs3105027	44.4	0.973	TA/GG	1	1.91e-08	1	0.00465317033871173	0.576221231209882
rs3124375	44.6	0.973	TT/GC	1	2.05e-08	1	0.00434432792425275	0.625632344122862
rs3105026	44.6	0.718	TC/GG	1	1.2e-06	0	8.49385895954981e-05	0.995462305445266
rs3124374	44.7	0.973	TA/GG	1	1.81e-08	1	0.00490259907399923	0.523150979536088
rs3105025	44.9	0.973	TA/GG	1	1.81e-08	1	0.00490259907399923	0.552566573980084
rs3124373	45	0.973	TA/GG	1	1.81e-08	1	0.00490259907399923	0.542761375832085
rs2315882	45	0.17	TA/GC	1	0.0684	NA	NA	NA
rs3105024	45.2	0.973	TG/GT	1	1.81e-08	1	0.00490259907399923	0.532956177684087
rs3124371	45.8	0.973	TA/GG	1	2.53e-08	1	0.00354190284709551	0.714048911718572
rs4885853	46.2	0.973	TG/GT	1	2.17e-08	1	0.00411091429713868	0.663313276818937
rs9537107	46.8	0.164	TG/GC	1	0.0543	NA	NA	NA
rs3105071	46.9	0.973	TT/GC	1	3.6e-08	1	0.00251549055340629	0.774022261189086
rs3105070	47	0.973	TT/GC	1	3.56e-08	1	0.00254289859700861	0.771506770635679
rs3124432	47.1	0.973	TA/GT	1	3.69e-08	1	0.00245596489664449	0.808438340512078
rs3105069	47.2	0.973	TA/GG	1	3.69e-08	1	0.00245596489664449	0.781422726648988
rs3124431	47.4	0.973	TA/GT	1	3.69e-08	1	0.00245596489664449	0.786334656442277
rs9537108	47.8	0.164	TA/GC	1	0.0497	NA	NA	NA
rs3105068	48	0.973	TA/GG	1	3.69e-08	1	0.00245596489664449	0.803526410718789
rs3105067	48	0.973	TT/GC	1	3.69e-08	1	0.00245596489664449	0.801070445822144
rs2315876	49.2	0.973	TT/GA	1	3.69e-08	1	0.00245596489664449	0.796158516028855
rs73191532	49.5	0.141	TT/GC	1	0.0622	NA	NA	NA
rs3105065	49.8	0.973	TA/GG	1	2.81e-07	1	0.000344246042818114	0.976866149472025
rs9527378	50.2	0.973	TC/GT	1	3.69e-08	1	0.00245596489664449	0.788790621338922
rs9527379	50.5	0.973	TT/GC	1	3.81e-08	1	0.00238091172891684	0.815649101556672
rs3105062	50.8	0.973	TA/GT	1	3.69e-08	1	0.00245596489664449	0.7986144809255
rs3105061	50.9	0.973	TT/GC	1	3.65e-08	1	0.00248206346283103	0.776504324651917
rs3105060	51.2	0.973	TG/GT	1	3.69e-08	1	0.00245596489664449	0.783878691545633
rs3105089	52.1	0.973	TT/GC	1	1.57e-08	1	0.00562889805549206	0.112926702432912
rs3105090	52.1	0.718	TT/GA	1	1.31e-06	0	7.80663231911727e-05	0.995948450439483
rs9537110	52.2	0.164	TG/GT	1	0.055	NA	NA	NA
rs3105091	52.6	0.973	TT/GA	1	3.69e-08	1	0.00245596489664449	0.805982375615433
rs3105092	52.6	0.973	TA/GG	1	3.69e-08	1	0.00245596489664449	0.791246586235566
rs3124409	52.7	0.973	TC/GT	1	3.48e-08	1	0.00259957766424451	0.763814926867977
rs3105093	52.9	0.973	TA/GG	1	3.68e-08	1	0.00246243710042718	0.778966761752344
rs3105094	53.2	0.973	TT/GC	1	4.43e-08	1	0.00205708745732105	0.826740059148656
rs3105095	53.3	0.973	TA/GG	1	3.42e-08	1	0.00264380206002744	0.761215349203732
rs9646017	53.5	0.164	TA/GT	1	0.0532	NA	NA	NA
rs9646018	53.5	0.164	TT/GC	1	0.0595	NA	NA	NA
rs9537111	54.2	0.164	TA/GG	1	0.0545	NA	NA	NA
rs3013315	55	0.973	TT/GC	1	3.22e-08	1	0.00280294417316979	0.750490264652272
rs2937336	55	0.968	TG/GA	1	2.34e-08	1	0.00382069855950467	0.699231051919055
rs2937337	55.3	0.164	TA/GG	1	0.0515	NA	NA	NA
rs9591660	55.6	0.164	TG/GA	1	0.0525	NA	NA	NA
rs9591661	55.9	0.164	TC/GT	1	0.0538	NA	NA	NA
rs2937339	56	0.915	TT/GC	1	1.21e-07	1	0.000777310221104845	0.918058488333693
rs2937340	56	0.915	TA/GC	1	1.21e-07	1	0.000777310221104845	0.919613108775903
rs2937341	56.1	0.915	TT/GC	1	1.25e-07	1	0.00075323126317849	0.925716202135657
rs3013338	56.1	0.915	TT/GA	1	9.87e-08	1	0.000946697923172993	0.908115047048206
rs113989173	56.2	0.673	TA/GG	1	1.26e-05	0	8.92090755595795e-06	0.999837963786787
rs3013340	56.4	0.91	TA/GT	1	1.93e-07	1	0.000494877950015609	0.95221675246929
rs2937342	56.8	0.915	TT/GG	1	1.04e-07	1	0.000899961378393942	0.909932044169903
rs73191536	57.5	0.673	TA/GC	1	6.79e-06	0	1.61040890886866e-05	0.998577081117907
rs2937344	58	0.915	TT/GA	1	1.44e-07	1	0.000656874109819486	0.937781293435393
rs2315877	58.2	0.905	TA/GG	1	1.4e-07	1	0.000675018590703692	0.936463102809193
rs9563330	58.8	0.915	TC/GG	1	1.2e-07	1	0.000783576917246707	0.917281178112588
rs2937318	58.9	0.915	TG/GC	1	1.23e-07	1	0.000765077948496636	0.921920476150166
rs3013345	60	0.164	TT/GC	1	0.0489	NA	NA	NA
rs7985949	60.2	0.673	TG/GA	1	6.46e-06	0	1.68902345860383e-05	0.998495223396661
rs2937320	60.7	0.915	TG/GC	1	1.16e-07	1	0.000809707390427541	0.915701177134513
rs3013347	60.7	0.915	TA/GG	1	1.18e-07	1	0.000796424060828901	0.916497601195342
rs3013349	60.9	0.915	TT/GC	1	1.22e-07	1	0.000771144712883413	0.920384253488786
rs2315878	61.4	0.915	TA/GG	1	1.25e-07	1	0.00075323126317849	0.927222664662014
rs2315879	61.4	0.915	TC/GT	1	1.06e-07	1	0.000883521829056999	0.91081556599896
rs111612959	62.1	0.673	TG/GC	1	7.33e-06	0	1.49675238038976e-05	0.998793786820117
rs3013350	62.1	0.915	TA/GG	1	1.23e-07	1	0.000765077948496636	0.922685554098663
rs58143592	62.3	0.673	TA/GG	1	6.51e-06	0	1.67661008929058e-05	0.998511989497554
rs2315880	62.5	0.915	TG/GA	1	1.22e-07	1	0.000771144712883413	0.92115539820167
rs2860438	62.8	0.915	TT/GC	1	1.25e-07	1	0.00075323126317849	0.926469433398835
rs3013351	63	0.915	TT/GC	1	1.25e-07	1	0.00075323126317849	0.924962970872478
rs2937325	63.2	0.915	TA/GG	1	1.16e-07	1	0.000809707390427541	0.914891469744085
rs2937326	63.3	0.915	TG/GA	1	1.16e-07	1	0.000809707390427541	0.914081762353658
rs2937327	63.4	0.915	TA/GG	1	1.37e-07	1	0.000689311384413341	0.93442858649777
rs2860443	63.5	0.915	TC/GT	1	1.27e-07	1	0.000741752123074341	0.930201062574515
rs2937328	64.4	0.915	TA/GT	1	1.15e-07	1	0.000816519665767562	0.91327205496323
rs2937329	65.3	0.915	TA/GG	1	1.23e-07	1	0.000765077948496636	0.92345063204716
rs2937330	65.6	0.915	TC/GG	1	1.26e-07	1	0.000747446833176332	0.92797011149519
rs2937331	65.7	0.673	TA/GG	1	7.56e-06	0	1.45317993490908e-05	0.998867064237261
rs3013318	65.8	0.69	TC/GG	1	3.55e-06	0	2.99686386884893e-05	0.997371919742571
rs2860457	66.3	0.673	TC/GT	1	6.57e-06	0	1.66195856327697e-05	0.998528609083187
rs2315881	66.5	0.915	TG/GA	1	1.37e-07	1	0.000689311384413341	0.933739275113356
rs3013324	66.6	0.91	TC/GT	1	1.29e-07	1	0.000730623597163238	0.930931686171679
rs3013325	66.6	0.91	TT/GC	1	1.15e-07	1	0.000816519665767562	0.912455535297463
rs2937333	67.7	0.915	TG/GA	1	1.52e-07	1	0.000623408097139524	0.941608384896727
rs9527384	67.7	0.905	TA/GC	1	1.5e-07	1	0.000631445028625506	0.940361568702448
rs3013326	67.7	0.905	TC/GG	1	1.43e-07	1	0.000661316516380187	0.937124419325573
rs73191546	67.7	0.663	TG/GA	1	1.41e-05	0	8.01325473089937e-06	0.999896898072045
rs9537114	67.8	0.915	TG/GA	1	1.76e-07	1	0.00054101398265365	0.948587020474735
rs34920241	68	0.164	TT/GC	1	0.0498	NA	NA	NA
rs2937334	68	0.915	TG/GA	1	1.54e-07	1	0.000615576750853195	0.94222396164758
rs2937335	68.1	0.915	TG/GA	1	1.59e-07	1	0.000596847398337086	0.944021854628011
rs3013327	68.1	0.915	TC/GG	1	1.61e-07	1	0.000589676462071366	0.945201207552154
rs3013328	68.1	0.915	TA/GC	1	1.61e-07	1	0.000589676462071366	0.944611531090082
rs4264285	68.9	0.915	TC/GT	1	1.31e-07	1	0.000719829781130946	0.931651515952809
rs4534718	69	0.915	TG/GA	1	1.78e-07	1	0.000535136083555477	0.950201229227271
rs4255683	69	0.915	TC/GT	1	1.26e-07	1	0.000747446833176332	0.928717558328367
rs4310746	69.1	0.915	TA/GG	1	1.4e-07	1	0.000675018590703692	0.935788084218489
rs4531618	69.1	0.915	TA/GG	1	1.34e-07	1	0.000704234167798271	0.932355750120608
rs9537115	69.6	0.915	TC/GT	1	1.36e-07	1	0.000694213608335349	0.933049963728943
rs9597179	70.3	0.915	TG/GA	1	1.45e-07	1	0.000652492045728612	0.938433785481121
rs2316090	70.5	0.915	TG/GT	1	1.21e-07	1	0.000777310221104845	0.918835798554798
rs12864723	71	0.915	TG/GA	1	1.46e-07	1	0.000648169096350546	0.939730123673822
rs3013331	71.6	0.915	TG/GA	1	1.27e-07	1	0.000741752123074341	0.929459310451441
rs3013332	71.8	0.915	TT/GC	1	1.24e-07	1	0.000759107562140406	0.9242097396093
rs3013333	71.9	0.915	TA/GG	1	1.46e-07	1	0.000648169096350546	0.939081954577472
rs2316091	73.5	0.915	TA/GG	1	1.57e-07	1	0.000604198183756507	0.942828159831337
rs2316092	73.5	0.915	TG/GA	1	1.63e-07	1	0.000582678819496836	0.946366565191147
rs2316093	73.5	0.915	TT/GG	1	1.63e-07	1	0.000582678819496836	0.94578388637165
rs9537117	74.5	0.915	TG/GA	1	2.08e-07	1	0.000460342467851184	0.954105440867369
rs73191553	77.6	0.142	TC/GT	1	0.0475	NA	NA	NA
rs9597183	78.4	0.167	TT/GC	1	0.057	NA	NA	NA
rs117119107	80.8	0.168	TA/GG	1	0.000236	NA	NA	NA
rs9527390	81.1	0.91	TC/GA	1	2.55e-07	1	0.000378090150508265	0.961346997972301
rs3013341	81.3	0.91	TG/GT	1	1.64e-07	1	0.000579243021572848	0.94694580821272
rs3013342	88.8	0.154	TT/GC	1	0.039	NA	NA	NA
rs9537119	89.6	0.149	TA/GT	1	0.0286	NA	NA	NA
rs11148342	90.7	0.164	TG/GA	1	0.0581	NA	NA	NA
rs11841159	92.7	0.915	TC/GA	1	2.71e-07	1	0.000356506597429403	0.971969294247909
rs11838758	93.6	0.915	TA/GG	1	2.72e-07	1	0.000355240626095985	0.972679775500101
rs79950387	94	0.141	TG/GA	1	0.0568	NA	NA	NA
rs9316799	94.7	0.915	TG/GA	1	2.82e-07	1	0.000343067060872378	0.977209216532898
rs55715793	97.1	0.672	TA/GG	1	3.08e-05	0	3.80844304597904e-06	0.999993967214443
rs9316800	97.9	0.915	TA/GT	1	1.96e-07	1	0.000487554667708783	0.952704307136998
rs12583384	99.8	0.672	TA/GG	1	2.81e-05	0	4.15546424734818e-06	0.999990158771397
rs9597187	100	0.915	TG/GA	1	2.68e-07	1	0.000360360287190998	0.970540717459906
rs73191561	105	0.672	TT/GC	1	3.19e-05	0	3.68354904631485e-06	0.999997650763489
rs4347503	107	0.915	TA/GG	1	1.76e-07	1	0.00054101398265365	0.949128034457389
rs4255667	107	0.915	TT/GC	1	2.88e-07	1	0.000336162401461624	0.980279426726336
rs9537122	107	0.915	TA/GT	1	2.92e-07	1	0.000331714458419484	0.981274570101595
rs9527395	109	0.915	TA/GG	1	2.79e-07	1	0.000346628954486241	0.976176470117911
rs7985302	109	0.915	TG/GA	1	1.87e-07	1	0.000510218160044814	0.951226996569258
rs7986604	110	0.915	TT/GG	1	2.63e-07	1	0.000366975318229052	0.966182211296083
rs73191564	110	0.141	TG/GC	1	0.0541	NA	NA	NA
rs9537123	111	0.915	TG/GA	1	2.58e-07	1	0.000373842596729563	0.963221852589565
rs11843194	112	0.915	TA/GT	1	2.8e-07	1	0.000345433311296047	0.976521903429207
rs4572276	112	0.915	TA/GG	1	2.65e-07	1	0.000364299827539121	0.96728046176008
rs9527397	113	0.915	TA/GG	1	2.62e-07	1	0.0003683281367526	0.965815235977854
rs7337707	113	0.915	TT/GC	1	1.72e-07	1	0.000553173391539653	0.94749898160426
rs4329802	113	0.915	TG/GA	1	2.08e-07	1	0.000460342467851184	0.953645098399517
rs9537125	114	0.915	TG/GA	1	2.53e-07	1	0.000380976920306546	0.960968907821793
rs7337153	114	0.915	TC/GG	1	1.74e-07	1	0.000547024887821929	0.948046006492082
rs12877540	114	0.915	TA/GG	1	2.62e-07	1	0.0003683281367526	0.965446907841101
rs9537127	115	0.91	TA/GG	1	2.71e-07	1	0.000356506597429403	0.97161278765048
rs73191566	115	0.666	TT/GC	1	2.7e-05	0	4.31627385378455e-06	0.999986003307149
rs9537129	116	0.905	TC/GT	1	2.39e-07	1	0.000402514823829941	0.957458026526134
rs9527399	117	0.91	TG/GC	1	2.56e-07	1	0.000376663413537692	0.962100324799377
rs9537130	117	0.91	TA/GT	1	2.56e-07	1	0.000376663413537692	0.961723661385839
rs9527400	117	0.164	TA/GG	1	0.0262	NA	NA	NA
rs73191570	117	0.666	TA/GT	1	2.57e-05	0	4.52365887664344e-06	0.999977245519494
rs4526910	117	0.91	TT/GC	1	2.4e-07	1	0.00040089440933573	0.958259815344806
rs4530017	117	0.905	TT/GC	1	2.92e-07	1	0.000331714458419484	0.980942855643175
rs9597189	118	0.91	TT/GC	1	2.4e-07	1	0.00040089440933573	0.95785892093547
rs9597190	118	0.91	TT/GG	1	2.4e-07	1	0.00040089440933573	0.958660709754141
rs9527401	119	0.91	TT/GC	1	2.35e-07	1	0.000409132185236319	0.956243905915046
rs9537134	120	0.91	TC/GT	1	2.36e-07	1	0.000407457147901418	0.956651363062948
rs73191577	121	0.175	TG/GT	1	0.000266	NA	NA	NA
rs9537135	121	0.91	TT/GC	1	3.79e-07	0	0.000257888356814793	0.991099419421215
rs4374060	122	0.91	TG/GC	1	3.1e-07	1	0.000313097438087214	0.985136256251942
rs9316805	122	0.91	TA/GT	1	3.95e-07	0	0.000247800603414493	0.992361446390594
rs7358989	122	0.91	TG/GA	1	3.1e-07	1	0.000313097438087214	0.985449353690029
rs7985495	123	0.91	TT/GG	1	2.59e-07	1	0.000372448267276964	0.963966749124119
rs7358840	123	0.164	TT/GC	1	0.0439	NA	NA	NA
rs9597191	124	0.905	TG/GT	1	3.62e-07	1	0.000269567096453844	0.990044823922233
rs9597192	124	0.91	TG/GA	1	3.86e-07	0	0.00025337373814852	0.991864015444883
rs7992046	124	0.91	TT/GC	1	4.2e-07	0	0.00023355342226768	0.993547353027174
rs9597193	125	0.91	TA/GT	1	3.83e-07	0	0.000255288695744538	0.991610641706735
rs4378518	125	0.18	TT/GC	1	0.0207	NA	NA	NA
rs9537136	126	0.91	TA/GT	1	4.62e-07	0	0.000213037050588353	0.994206725183206
rs73191583	126	0.407	TC/GT	1	0.0155	0	1.20665739676701e-08	0.999999988068778
rs34140722	126	0.91	TT/GC	1	4.85e-07	0	0.000203284425955013	0.994410009609161
rs4512991	126	0.91	TT/GG	1	3.69e-07	0	0.000264630000498083	0.99057759135887
rs73191586	126	0.407	TA/GG	1	0.0157	0	1.19312223559893e-08	1
rs4483748	127	0.91	TG/GT	1	3.7e-07	0	0.000263939705529941	0.9908415310644
rs4589432	127	0.91	TG/GA	1	3.54e-07	1	0.000275444621880981	0.989504244442633
rs9537137	128	0.91	TG/GA	1	2.82e-07	1	0.000343067060872378	0.97755228359377
rs9537139	129	0.159	TC/GT	1	0.0359	NA	NA	NA
rs9537140	130	0.91	TA/GG	1	3.32e-07	1	0.000293043552708272	0.986638162361634
rs9537141	131	0.91	TT/GC	1	3.32e-07	1	0.000293043552708272	0.986931205914343
rs9537143	132	0.91	TC/GT	1	3.07e-07	1	0.000316051066941983	0.984508098580354
rs9527405	132	0.91	TT/GC	1	3.47e-07	1	0.000280806098862017	0.988667187623028
rs9537144	133	0.905	TG/GA	1	5.86e-07	0	0.000169389953941253	0.994579399563103
rs11148344	133	0.164	TA/GG	1	0.0469	NA	NA	NA
rs111405008	133	0.666	TT/GC	1	2.62e-05	0	4.44151380186856e-06	0.999981687033295
rs73191591	134	0.666	TC/GT	1	2.3e-05	0	5.02749294199656e-06	0.999972721860617
rs9597194	134	0.91	TT/GC	1	3.47e-07	1	0.000280806098862017	0.98894799372189
rs7999449	135	0.91	TC/GT	1	2.45e-07	1	0.000392987666587149	0.959053697420729
rs12877151	135	0.91	TT/GG	1	3.33e-07	1	0.000292193983385464	0.987809487003145
rs9597195	136	0.689	TA/GG	1	2.03e-05	0	5.66207159725981e-06	0.999967694367675
rs9537146	137	0.91	TC/GT	1	3.47e-07	1	0.000280806098862017	0.989228799820752
rs9537147	137	0.164	TG/GA	1	0.0519	NA	NA	NA
rs9316807	138	0.689	TA/GG	1	1.52e-05	0	7.45931158884393e-06	0.99991231680953
rs77122317	138	0.471	TA/GT	1	0.000826	0	1.72779465739591e-07	0.999999976002204
rs9537148	138	0.689	TT/GC	1	1.88e-05	0	6.09151331092903e-06	0.999938722650391
rs11619093	139	0.91	TC/GT	1	3.82e-07	0	0.00025593358977576	0.99135535301099
rs7328318	140	0.91	TC/GG	1	4.1e-07	0	0.000239047187308889	0.992841240666925
rs113745500	141	0.123	TG/GA	1	0.307	NA	NA	NA
rs4885889	141	0.91	TA/GG	1	4.18e-07	0	0.000234631488510313	0.993313799604906
rs11841758	142	0.203	TA/GG	1	0.273	NA	NA	NA
rs9591662	143	0.91	TC/GT	1	4.12e-07	0	0.000237927449470593	0.993079168116396
rs11842533	144	0.905	TA/GG	1	4.59e-07	0	0.000214379978517068	0.993993688132618
rs35268045	145	0.863	TA/GG	1	3.6e-07	1	0.00027101238314659	0.989775256825779
rs9537150	145	0.863	TT/GG	1	2.68e-07	1	0.000360360287190998	0.970180357172715
rs12869069	146	0.157	TG/GA	1	0.0611	NA	NA	NA
rs4536353	146	0.863	TC/GA	1	3.32e-07	1	0.000293043552708272	0.987224249467051
rs9597198	152	0.863	TA/GC	1	2.58e-07	1	0.000373842596729563	0.962848009992836
rs4296148	152	0.863	TG/GA	1	2.61e-07	1	0.000369691156476056	0.964708888547872
rs4564466	154	0.863	TA/GT	1	2.23e-07	1	0.000430385273793145	0.955425641544574
rs67100646	155	0.863	TT/GA	1	3.25e-07	1	0.000299134532033817	0.986051220636503
rs9597199	155	0.863	TG/GC	1	2.66e-07	1	0.000362976931016767	0.969096669311686
rs9537152	156	0.863	TT/GC	1	2.35e-07	1	0.000409132185236319	0.95583477372981
rs9537153	156	0.853	TA/GG	1	1.93e-07	1	0.000494877950015609	0.951721874519274
rs11843439	156	0.863	TA/GC	1	2.53e-07	1	0.000380976920306546	0.960587930901487
rs11843441	156	0.863	TG/GC	1	2.38e-07	1	0.000404148639356675	0.957055511702304
rs4133211	157	0.863	TA/GT	1	2.53e-07	1	0.000380976920306546	0.96020695398118
rs11843496	157	0.863	TA/GG	1	2.75e-07	1	0.000351497082517528	0.973385256364823
rs9537154	157	0.863	TA/GC	1	2.66e-07	1	0.000362976931016767	0.968007738518636
rs9537155	157	0.863	TC/GT	1	2.61e-07	1	0.000369691156476056	0.965078579704349
rs7993689	158	0.863	TG/GA	1	2.77e-07	1	0.000349045724041799	0.974786341977941
rs7994260	158	0.863	TA/GG	1	2.75e-07	1	0.000351497082517528	0.97373675344734
rs7330681	159	0.863	TA/GG	1	1.99e-07	1	0.000480448794667898	0.953184755931666
rs9527409	159	0.863	TC/GT	1	2.59e-07	1	0.000372448267276964	0.964339197391396
rs9591663	160	0.161	TC/GG	1	0.0123	NA	NA	NA
rs73191600	160	0.628	TC/GT	1	1.96e-05	0	5.85447358409169e-06	0.999950489063847
rs73191601	161	0.168	TA/GG	1	0.00024	NA	NA	NA
rs9537156	163	0.863	TC/GT	1	2.73e-07	1	0.000353983782204026	0.973033759282305
rs9537157	163	0.863	TA/GG	1	2.72e-07	1	0.000355240626095985	0.972324534874005
rs9537158	163	0.157	TA/GG	1	0.0553	NA	NA	NA
rs9537159	164	0.863	TC/GT	1	2.18e-07	1	0.000439920074391993	0.95499525627078
rs9527411	164	0.863	TA/GG	1	2.66e-07	1	0.000362976931016767	0.968370715449653
rs9597201	165	0.863	TA/GG	1	3.01e-07	1	0.00032213207608378	0.98323279511168
rs78886280	165	0.203	TG/GT	1	0.33	NA	NA	NA
rs4130479	165	0.863	TT/GC	1	2.95e-07	1	0.000328456408352921	0.982265362115677
rs4130480	165	0.863	TA/GC	1	2.78e-07	1	0.000347833061827868	0.975482008101597
rs9597202	166	0.157	TG/GA	1	0.0481	NA	NA	NA
rs9537160	166	0.833	TT/GC	1	1.77e-07	1	0.000538058686326749	0.949666093143716
rs4242989	167	0.161	TA/GG	1	0.0111	NA	NA	NA
rs9537161	167	0.863	TT/GC	1	3.01e-07	1	0.00032213207608378	0.982910663035596
rs9597203	167	0.863	TA/GG	1	2.92e-07	1	0.000331714458419484	0.980611141184756
rs9597204	168	0.863	TA/GC	1	2.92e-07	1	0.000331714458419484	0.981606284560014
rs6561851	168	0.863	TT/GC	1	2.65e-07	1	0.000364299827539121	0.967644761587619
rs9527412	168	0.863	TC/GT	1	2.83e-07	1	0.000341896278515767	0.978237246933158
rs56085147	168	0.628	TC/GT	1	2.02e-05	0	5.68875864656728e-06	0.999962032296078
rs7327718	170	0.863	TC/GG	1	3.02e-07	1	0.000321102064743369	0.983553897176424
rs9537163	172	0.863	TC/GT	1	2.86e-07	1	0.00033843227765343	0.979943264324875
rs9537164	172	0.863	TA/GG	1	2.78e-07	1	0.000347833061827868	0.975829841163425
rs9537165	172	0.863	TG/GT	1	2.67e-07	1	0.00036166378691885	0.969458333098605
rs9597205	172	0.863	TG/GC	1	2.67e-07	1	0.00036166378691885	0.969819996885524
rs3013317	173	0.863	TA/GC	1	2.63e-07	1	0.000366975318229052	0.966549186614312
rs7994036	173	0.863	TA/GG	1	2.75e-07	1	0.000351497082517528	0.974088250529858
rs7993879	173	0.863	TT/GC	1	2.78e-07	1	0.000347833061827868	0.975134175039769
rs2934712	173	0.863	TG/GC	1	2.63e-07	1	0.000366975318229052	0.966916161932541
rs17588877	174	0.137	TT/GA	1	0.0652	NA	NA	NA
rs9537166	174	0.858	TG/GA	1	1.52e-07	1	0.000623408097139524	0.940984976799587
rs3013319	175	0.863	TG/GA	1	3.35e-07	1	0.00029050981687651	0.988099996820021
rs9537167	175	0.863	TG/GA	1	2.7e-07	1	0.000357781796572237	0.970898499256478
rs3013320	175	0.863	TA/GG	1	3.06e-07	1	0.000317048272244876	0.984192047513412
rs9537169	176	0.858	TC/GA	1	2.83e-07	1	0.000341896278515767	0.978579143211674
rs9537171	176	0.863	TC/GT	1	2.83e-07	1	0.000341896278515767	0.97892103949019
rs9537172	176	0.863	TG/GA	1	2.83e-07	1	0.000341896278515767	0.979262935768705
rs9537173	177	0.858	TG/GT	1	2.83e-07	1	0.000341896278515767	0.979604832047221
rs9537174	180	0.863	TT/GA	1	2.7e-07	1	0.000357781796572237	0.97125628105305
rs3013322	180	0.863	TG/GA	1	3.4e-07	1	0.000286384704144459	0.988386381524166
rs3013323	181	0.863	TT/GC	1	2.49e-07	1	0.000386887348477717	0.959440584769206
rs600394	182	0.863	TG/GA	1	3.02e-07	1	0.000321102064743369	0.983874999241167
rs519857	182	0.863	TG/GA	1	3.64e-07	0	0.000268137436138644	0.990312961358372
rs496166	182	0.863	TA/GG	1	3.08e-07	1	0.000315060233500908	0.984823158813855
rs73193533	182	0.628	TC/GT	1	1.8e-05	0	6.34915183714607e-06	0.99993263113708
rs570561	184	0.863	TA/GT	1	3.32e-07	1	0.000293043552708272	0.987517293019759
rs546830	184	0.863	TA/GG	1	3.21e-07	1	0.000302732414439889	0.985752086104469
rs658343	184	0.863	TT/GC	1	2.5e-07	1	0.00038539229166722	0.959825977060873
rs539380	185	0.863	TC/GT	1	3e-07	1	0.000323168843835501	0.982588530959513
rs1494212	185	0.863	TA/GG	1	1.02e-07	1	0.000917035743303253	0.909032082791509
rs9597209	188	0.161	TA/GG	1	0.00816	NA	NA	NA
rs521944	188	0.863	TG/GC	1	2.58e-07	1	0.000373842596729563	0.962474167396106
rs610961	189	0.863	TT/GG	1	2.66e-07	1	0.000362976931016767	0.968733692380669
rs2780468	190	0.863	TG/GC	1	2.82e-07	1	0.000343067060872378	0.977895350654642
rs642702	191	0.863	TG/GT	1	3.92e-07	0	0.000249630342295692	0.992113645787179
rs631140	192	0.863	TA/GG	1	3.31e-07	1	0.000293898172423289	0.986345118808926
rs4885913	194	0.161	TG/GA	1	0.0171	NA	NA	NA
rs514360	195	0.863	TG/GA	1	4.07e-07	0	0.000240747089022576	0.992602193479616
rs487944	196	0.863	TG/GA	1	4.23e-07	0	0.000231955126927343	0.993779308154101
rs569985	197	0.863	TG/GT	1	1.85e-07	1	0.000515549181942515	0.950716778409214
rs17517549	198	0.628	TT/GC	1	1.59e-05	0	7.14591248692827e-06	0.999919462722017
rs628700	199	0.863	TG/GT	1	2.13e-07	1	0.000449895329019672	0.954555336196388
rs9537181	201	0.157	TG/GA	1	0.0398	NA	NA	NA
rs983910	203	0.154	TA/GG	1	0.0357	NA	NA	NA
rs983909	203	0.154	TA/GG	1	0.0428	NA	NA	NA
rs609484	203	0.152	TA/GG	1	0.0566	NA	NA	NA
rs9537183	205	0.154	TA/GG	1	0.0357	NA	NA	NA
rs639848	206	0.751	TG/GA	1	8.68e-08	1	0.00107208482813952	0.903104558198637
rs10507601	206	0.191	TG/GA	1	0.324	NA	NA	NA
rs641193	206	0.741	TG/GC	1	6.64e-08	1	0.00138967968555521	0.876652372373724
rs652880	206	0.746	TT/GC	1	6.84e-08	1	0.00135029859937783	0.88071874506756
rs652939	206	0.746	TG/GT	1	6.84e-08	1	0.00135029859937783	0.879368446468182
rs653366	206	0.746	TA/GG	1	6.05e-08	1	0.00152078573019914	0.86049310090345
rs656055	207	0.746	TA/GG	1	6.84e-08	1	0.00135029859937783	0.882069043666937
rs480236	207	0.746	TT/GC	1	7.85e-08	1	0.00118167158644081	0.898586193875739
rs480215	207	0.746	TA/GG	1	7.85e-08	1	0.00118167158644081	0.89976786546218
rs568745	207	0.746	TC/GT	1	6.47e-08	1	0.00142503909018044	0.87386485463129
rs667915	207	0.746	TA/GG	1	8.75e-08	1	0.001063779630714	0.904168337829351
rs667958	207	0.746	TT/GC	1	6.84e-08	1	0.00135029859937783	0.883419342266315
rs564297	208	0.746	TG/GT	1	6.84e-08	1	0.00135029859937783	0.884769640865693
rs682439	208	0.746	TC/GT	1	7.64e-08	1	0.00121311393237613	0.897404522289299
rs9972030	208	0.154	TT/GC	1	0.0442	NA	NA	NA
rs683882	209	0.746	TC/GT	1	7.33e-08	1	0.00126277118856975	0.891219843429835
rs535739	209	0.746	TG/GC	1	7.33e-08	1	0.00126277118856975	0.892482614618405
rs9972051	209	0.154	TT/GC	1	0.0316	NA	NA	NA
rs9527415	209	0.746	TG/GA	1	7.55e-08	1	0.00122711662664451	0.894965863805601
rs9569327	213	0.522	TC/GG	1	7.25e-06	0	1.51254290335997e-05	0.998778819296313
rs9569328	214	0.74	TT/GC	1	7.27e-08	1	0.00127286407205292	0.888694301052695
rs569620	214	0.158	TC/GT	1	0.177	NA	NA	NA
rs2780464	215	0.746	TA/GG	1	5.9e-08	1	0.00155823452928303	0.85897231517325
rs9537193	215	0.746	TC/GG	1	6.31e-08	1	0.0014600328847833	0.871010495791999
rs9527419	215	0.527	TT/GA	1	8.47e-06	0	1.30356130778958e-05	0.999251642837054
rs9316812	215	0.746	TC/GG	1	6.6e-08	1	0.00139783805687949	0.875262692688169
rs9537194	216	0.746	TA/GG	1	1.38e-07	1	0.000684479130015786	0.935113065627786
rs9537195	216	0.741	TG/GA	1	7.33e-08	1	0.00126277118856975	0.889957072241265
rs9537196	216	0.741	TA/GC	1	1.59e-07	1	0.000596847398337086	0.943425007229674
rs9537197	216	0.741	TC/GT	1	2.59e-07	1	0.000372448267276964	0.963594300856842
rs9569334	216	0.741	TC/GT	1	2.93e-07	1	0.000330621147309987	0.981936905707324
rs9569335	216	0.741	TG/GA	1	2.77e-07	1	0.000349045724041799	0.9744372962539
rs9569336	217	0.741	TA/GG	1	4.74e-08	1	0.00192653042625318	0.834608078359338
rs9537198	217	0.741	TT/GG	1	6.07e-08	1	0.00151593038362541	0.866556822437951
rs12864702	217	0.154	TC/GT	1	0.0344	NA	NA	NA
rs7995676	217	0.741	TG/GA	1	3.15e-08	1	0.00286334865235915	0.744841498626119
rs7995232	217	0.741	TA/GC	1	3.42e-08	1	0.00264380206002744	0.758571547143705
rs7999930	217	0.741	TA/GG	1	6.07e-08	1	0.00151593038362541	0.865040892054326
rs8001446	217	0.741	TT/GC	1	6.07e-08	1	0.00151593038362541	0.862009031287075
rs4885923	217	0.741	TT/GC	1	6.07e-08	1	0.00151593038362541	0.8635249616707
rs4885924	217	0.741	TG/GC	1	6.76e-08	1	0.00136577549507964	0.878018147868804
rs11841532	217	0.154	TA/GG	1	0.0338	NA	NA	NA
rs4885925	218	0.741	TA/GC	1	6.15e-08	1	0.00149682023463228	0.868053642672584
rs112311254	218	0.523	TA/GG	1	1.03e-05	0	1.08135553448568e-05	0.99971885463184
rs7320679	218	0.741	TG/GA	1	6.15e-08	1	0.00149682023463228	0.869550462907216
rs1855313	218	0.523	TC/GT	1	5.66e-06	0	1.91682377258141e-05	0.998175665317369
rs1855314	218	0.523	TG/GA	1	7.05e-06	0	1.55355517260832e-05	0.998687216350129
rs611686	218	0.523	TG/GA	1	7.05e-06	0	1.55355517260832e-05	0.998671680798403
rs612218	219	0.746	TC/GT	1	9.57e-08	1	0.000975411278028354	0.906195888720613
rs1855318	219	0.154	TC/GT	1	0.0289	NA	NA	NA
rs553787	220	0.523	TA/GG	1	7.22e-06	0	1.51855275748964e-05	0.99876369386728
rs9597214	220	0.154	TC/GA	1	0.0293	NA	NA	NA
rs2095219	221	0.746	TG/GA	1	9.6e-08	1	0.000972460404420365	0.907168349125033
rs9597215	221	0.154	TT/GC	1	0.0348	NA	NA	NA
rs2095220	221	0.523	TA/GG	1	1e-05	0	1.11231756080473e-05	0.999686108329801
rs670341	222	0.155	TA/GC	1	0.219	NA	NA	NA
rs682145	222	0.746	TT/GC	1	8.1e-08	1	0.00114633544125511	0.900914200903435
rs73193574	223	0.523	TC/GG	1	8.69e-06	0	1.27200380356093e-05	0.99929013128321
rs9537204	224	0.154	TT/GG	1	0.0279	NA	NA	NA
rs9537205	224	0.154	TT/GC	1	0.0294	NA	NA	NA
rs9537206	224	0.154	TT/GA	1	0.0293	NA	NA	NA
rs8001513	226	0.154	TA/GG	1	0.0273	NA	NA	NA
rs9537207	228	0.154	TT/GC	1	0.0273	NA	NA	NA
rs9527422	228	0.154	TA/GG	1	0.0209	NA	NA	NA
rs9527423	229	0.154	TC/GT	1	0.0273	NA	NA	NA
rs117848072	232	0.187	TA/GT	1	0.235	NA	NA	NA
rs9537209	235	0.154	TG/GA	1	0.0253	NA	NA	NA
rs73193578	238	0.523	TA/GC	1	8.98e-06	0	1.23272147871482e-05	0.999427891544906
rs73193580	240	0.523	TG/GT	1	7.62e-06	0	1.44223729749234e-05	0.998895981745493
rs1759959	241	0.523	TA/GG	1	8.75e-06	0	1.26366713624446e-05	0.999328180116714
rs576178	242	0.523	TT/GC	1	8.75e-06	0	1.26366713624446e-05	0.999340816788076
rs515810	248	0.746	TC/GA	1	6.45e-08	1	0.00142931974911002	0.872439815541109
rs627003	255	0.746	TT/GC	1	3.79e-08	1	0.00239309519034563	0.813268189827756
rs2780463	255	0.626	TA/GC	1	1.14e-07	1	0.000823449632734705	0.911639015631695
rs1908279	259	0.523	TA/GT	1	7.81e-06	0	1.40867305392309e-05	0.998952854759645
rs988257	260	0.746	TG/GA	1	5.33e-08	1	0.00171946246619632	0.849202803607354
rs2780462	261	0.746	TT/GC	1	4.92e-08	1	0.00185816960376579	0.842183719652791
rs9537216	263	0.746	TA/GC	1	6.96e-08	1	0.00132774072540054	0.886097381591094
rs9537217	264	0.157	TG/GC	1	0.0288	NA	NA	NA
rs9537218	264	0.157	TT/GC	1	0.029	NA	NA	NA
rs1759956	264	0.746	TG/GA	1	7.37e-08	1	0.00125613256055218	0.893738747178957
rs9527426	265	0.157	TC/GT	1	0.029	NA	NA	NA
rs9527427	265	0.746	TA/GC	1	6.98e-08	1	0.00132405538954872	0.887421436980642
rs9537219	265	0.746	TA/GT	1	1.47e-08	1	0.00600048132155113	0.0447437729003402
rs140726131	265	0.523	TC/GT	1	7.2e-06	0	1.52258659471719e-05	0.998748508339705
rs4566042	265	0.746	TG/GA	1	3.17e-08	1	0.00284582185298345	0.747687320479102
rs4391945	265	0.741	TA/GG	1	2.13e-08	1	0.00418583652291255	0.638405237738636
rs584808	266	0.746	TA/GG	1	4.21e-08	1	0.00216122854487669	0.824682971691335
rs508341	266	0.621	TA/GC	1	3.24e-08	1	0.00278615848562651	0.753276423137899
rs507515	266	0.746	TG/GA	1	5.54e-08	1	0.00165625918824013	0.854260925845043
rs507356	266	0.746	TT/GC	1	5.41e-08	1	0.00169481485700385	0.852604666656803
rs505550	266	0.746	TT/GC	1	5.76e-08	1	0.00159492026964093	0.855855846114684
rs9527428	266	0.157	TT/GA	1	0.0262	NA	NA	NA
rs1759958	267	0.746	TT/GC	1	5.37e-08	1	0.00170704819244543	0.850909851799799
rs475059	267	0.746	TG/GA	1	5.31e-08	1	0.00172573872067655	0.847483341141158
rs615680	268	0.711	TA/GG	1	8.31e-08	1	0.00111827246706249	0.902032473370498
rs2780473	268	0.746	TG/GA	1	4.81e-08	1	0.00189934646132758	0.838430023477098
rs2780472	268	0.746	TC/GG	1	5.24e-08	1	0.00174807739574507	0.845757602420481
rs7318753	269	0.746	TT/GC	1	4.82e-08	1	0.00189552657192758	0.840325550049025
rs9537220	269	0.147	TT/GC	1	0.0258	NA	NA	NA
rs629133	269	0.523	TC/GT	1	5.66e-06	0	1.91682377258141e-05	0.998156497079643
rs9537221	270	0.154	TG/GC	1	0.0261	NA	NA	NA
rs494741	270	0.746	TG/GA	1	4e-08	1	0.00227116188645567	0.820283134582954
rs1494215	270	0.746	TT/GC	1	5.01e-08	1	0.001825805371945	0.844009525024736
rs581057	270	0.725	TT/GA	1	5.62e-05	0	2.15245924911955e-06	0.999999803222738
rs639504	270	0.746	TT/GC	1	4.75e-08	1	0.00192259865643263	0.83653067701577
rs651636	271	0.523	TC/GT	1	5.77e-06	0	1.88183125349698e-05	0.998194483629904
rs2453217	272	0.746	TA/GC	1	4.44e-08	1	0.002052595541613	0.828792654690269
rs2780471	272	0.746	TT/GC	1	4.68e-08	1	0.00195046878094409	0.830743123471213
rs2780470	272	0.746	TT/GC	1	5.9e-08	1	0.00155823452928303	0.857414080643967
rs2780469	273	0.746	TG/GA	1	3.12e-08	1	0.00289005420006895	0.74197814997376
rs73193591	273	0.523	TA/GG	1	5.41e-06	0	2.00153721565554e-05	0.998058580506827
rs651412	274	0.523	TG/GA	1	5.35e-06	0	2.02302303932185e-05	0.99801837104151
rs73193593	274	0.523	TC/GT	1	4.94e-06	0	2.18352469223214e-05	0.997809087780734
rs538774	274	0.746	TA/GG	1	4.06e-08	1	0.00223860856350507	0.822521743146459
rs9591666	274	0.154	TA/GG	1	0.0248	NA	NA	NA
rs665620	274	0.523	TC/GA	1	4.36e-06	0	2.46102342425564e-05	0.997670706419005
rs531357	275	0.523	TA/GG	1	2.73e-06	0	3.85551954382763e-05	0.996872016609706
rs681846	276	0.523	TT/GC	1	3.42e-06	0	3.10601032830862e-05	0.997251142796872
rs1977614	278	0.735	TG/GA	1	2.37e-08	1	0.00377374820362542	0.706794067648559
rs646412	280	0.523	TT/GG	1	3.51e-06	0	3.02960244302559e-05	0.997311901299302
rs117107113	281	0.18	TA/GC	1	0.18	NA	NA	NA
rs2642313	282	0.725	TT/GG	1	2.57e-08	1	0.00348839152647723	0.71753730324505
rs7989137	282	0.134	TT/GC	1	0.0286	NA	NA	NA
rs73193597	283	0.523	TC/GT	1	5.42e-06	0	1.99800159751421e-05	0.998078560522802
rs624126	284	0.725	TT/GC	1	2.79e-08	1	0.00322114673525941	0.727292393576791
rs625473	285	0.523	TT/GC	1	3.97e-06	0	2.69224171830772e-05	0.997543559497526
rs11843031	286	0.523	TG/GC	1	7.04e-06	0	1.55566572652605e-05	0.998656145246677
rs7338135	288	0.134	TG/GT	1	0.0277	NA	NA	NA
rs143805484	288	0.519	TC/GT	1	4.49e-06	0	2.39271426442229e-05	0.997718923625709
rs668506	289	0.72	TT/GC	1	7.56e-08	1	0.00122554455132133	0.896191408356922
rs9597224	290	0.72	TG/GT	1	2.41e-08	1	0.00371294122291768	0.710507008871477
rs2453214	291	0.72	TG/GA	1	4.71e-08	1	0.00193842446187094	0.832681547933084
rs2642312	291	0.715	TG/GA	1	3.84e-08	1	0.00236287113982535	0.818011972696498
rs2780466	291	0.514	TA/GG	1	4.24e-06	0	2.52772260184786e-05	0.997646096184762
rs3913001	292	0.134	TT/GC	1	0.0209	NA	NA	NA
rs585430	294	0.715	TC/GT	1	2.72e-08	1	0.00330155451499569	0.720838857760045
rs57840627	295	0.131	TA/GG	1	0.0222	NA	NA	NA
rs507849	295	0.715	TA/GG	1	3.06e-08	1	0.00294501380206335	0.733298972647462
rs505013	296	0.519	TT/GG	1	3.06e-06	0	3.45567225807023e-05	0.997052848370614
rs619533	298	0.715	TA/GG	1	2.94e-08	1	0.00306156526860788	0.730353958845399
rs17591678	298	0.51	TG/GA	1	6.29e-06	0	1.73267539079246e-05	0.998444248504692
rs604298	299	0.514	TC/GA	1	6.44e-06	0	1.69404170725243e-05	0.998478333162075
rs504758	299	0.605	TC/GG	1	2.91e-06	0	3.62638702142751e-05	0.996982027777819
rs505526	299	0.605	TT/GA	1	2.91e-06	0	3.62638702142751e-05	0.997018291648033
rs682049	301	0.706	TT/GC	1	3.52e-08	1	0.00257092064223658	0.768963872038671
rs568850	301	0.51	TG/GA	1	4.42e-06	0	2.42900640594204e-05	0.997694996483064
rs504882	305	0.51	TG/GA	1	5.02e-06	0	2.15018912066338e-05	0.997830589671941
rs527560	306	0.51	TA/GC	1	4.5e-06	0	2.38762008487474e-05	0.997742799826557
rs4569146	306	0.71	TA/GG	1	3.51e-08	1	0.00257802452845744	0.766392951396434
rs11840655	310	0.49	TT/GC	1	7.16e-06	0	1.53072052395522e-05	0.998733282473758
rs544577	310	0.576	TG/GA	1	5.04e-06	0	2.142017406002e-05	0.997873470798978
rs17592152	311	0.486	TT/GC	1	7.79e-06	0	1.41213056334484e-05	0.998938768029106
rs598027	313	0.148	TC/GT	1	0.141	NA	NA	NA
rs477620	314	0.145	TA/GG	1	0.144	NA	NA	NA
rs113738117	317	0.486	TA/GG	1	6.2e-06	0	1.75673491594077e-05	0.998392268242968
rs7338142	321	0.566	TG/GC	1	3.49e-06	0	3.04624780002618e-05	0.997281605274872
rs9597229	323	0.486	TC/GA	1	6.77e-06	0	1.61495951316352e-05	0.998560977028819
rs9537234	324	0.147	TA/GG	1	0.118	NA	NA	NA
rs9537235	324	0.147	TC/GT	1	0.119	NA	NA	NA
rs9537236	325	0.147	TG/GA	1	0.118	NA	NA	NA
rs1360646	326	0.144	TC/GT	1	0.122	NA	NA	NA
rs1413105	329	0.48	TT/GC	1	5.32e-06	0	2.03394412881145e-05	0.997977910580724
rs17592413	330	0.47	TA/GG	1	6.05e-06	0	1.79839289161707e-05	0.998285840839774
rs61959176	331	0.144	TC/GT	1	0.121	NA	NA	NA
rs28408520	332	0.48	TC/GA	1	3.54e-06	0	3.00498045798212e-05	0.997341951103882
rs17592462	332	0.48	TT/GC	1	2.84e-06	0	3.71210657333663e-05	0.99690913767544
rs4379967	332	0.144	TA/GG	1	0.138	NA	NA	NA
rs9597234	332	0.48	TT/GC	1	3.77e-06	0	2.82899495095293e-05	0.99748971466316
rs9591672	333	0.146	TT/GC	1	0.0865	NA	NA	NA
rs9537241	335	0.144	TG/GA	1	0.137	NA	NA	NA
rs9597236	336	0.48	TA/GG	1	3.97e-06	0	2.69224171830772e-05	0.997516637080343
rs9537243	336	0.144	TT/GA	1	0.135	NA	NA	NA
rs11617010	337	0.48	TG/GC	1	4.21e-06	0	2.54497998179862e-05	0.997595484474912
rs11842270	337	0.48	TG/GA	1	4.23e-06	0	2.53344838322395e-05	0.997620818958744
rs9597241	338	0.48	TC/GA	1	5.05e-06	0	2.13795535205139e-05	0.997894850352499
rs9597242	338	0.48	TA/GG	1	5.24e-06	0	2.06366636261452e-05	0.997957571139436
rs9597243	338	0.48	TA/GT	1	3.56e-06	0	2.98879201979164e-05	0.997431776301457
rs9591673	338	0.48	TA/GG	1	3.55e-06	0	2.99686386884893e-05	0.997401888381259
rs9597244	339	0.144	TC/GA	1	0.141	NA	NA	NA
rs9597245	342	0.144	TA/GG	1	0.14	NA	NA	NA
rs9537247	342	0.143	TA/GT	1	0.143	NA	NA	NA
rs73197251	346	0.48	TC/GT	1	4.04e-06	0	2.64751775678192e-05	0.997570034675094
rs73197256	349	0.15	TT/GC	1	0.00014	NA	NA	NA
rs9591675	356	0.48	TA/GG	1	3.59e-06	0	2.96484121931913e-05	0.99746142471365
rs73197266	357	0.48	TC/GT	1	3.11e-06	0	3.40236033580178e-05	0.997121320709523
rs7320008	358	0.48	TG/GA	1	3.07e-06	0	3.44487355508975e-05	0.997087297106165
rs9597250	360	0.48	TA/GC	1	2.44e-06	0	4.2943412012099e-05	0.996751749257031
rs7325092	363	0.196	TG/GT	1	0.165	NA	NA	NA
rs9597251	364	0.124	TA/GG	1	0.201	NA	NA	NA
rs9597252	367	0.127	TG/GA	1	0.18	NA	NA	NA
rs2252568	368	0.127	TA/GG	1	0.175	NA	NA	NA
rs2253033	372	0.127	TC/GT	1	0.204	NA	NA	NA
rs1413112	373	0.127	TT/GC	1	0.192	NA	NA	NA
rs2256401	376	0.127	TG/GA	1	0.212	NA	NA	NA
rs6561866	381	0.122	TT/GC	1	0.152	NA	NA	NA
rs17052449	381	0.275	TC/GT	1	0.000318	NA	NA	NA
rs11619823	386	0.295	TT/GC	1	0.000783	NA	NA	NA
rs7996827	387	0.118	TA/GG	1	0.00441	NA	NA	NA
rs9597256	388	0.118	TA/GG	1	0.00516	NA	NA	NA
rs73203333	390	0.295	TG/GT	1	0.00083	NA	NA	NA
rs9597258	393	0.118	TG/GA	1	0.00444	NA	NA	NA
rs73203335	398	0.295	TG/GA	1	0.00089	NA	NA	NA
rs11839457	402	0.101	TA/GG	1	0.0049	NA	NA	NA
rs9597260	403	0.101	TA/GG	1	0.00443	NA	NA	NA
rs9597261	404	0.118	TA/GG	1	0.00476	NA	NA	NA
rs7329056	404	0.118	TC/GG	1	0.00532	NA	NA	NA
rs7329634	405	0.118	TG/GA	1	0.00473	NA	NA	NA
rs113027814	405	0.295	TG/GC	1	0.000994	NA	NA	NA
rs4559812	406	0.118	TG/GC	1	0.00494	NA	NA	NA
rs9597262	406	0.118	TA/GG	1	0.00494	NA	NA	NA
rs73203342	407	0.118	TA/GG	1	0.00494	NA	NA	NA
rs9591688	414	0.118	TA/GT	1	0.00538	NA	NA	NA
rs7320480	415	0.118	TT/GC	1	0.00531	NA	NA	NA
rs7334154	418	0.118	TA/GG	1	0.00559	NA	NA	NA
rs9591689	421	0.116	TG/GA	1	0.00796	NA	NA	NA
rs73203348	422	0.29	TC/GT	1	0.00155	NA	NA	NA
rs9597266	422	0.116	TC/GT	1	0.00788	NA	NA	NA
rs9597267	427	0.116	TT/GC	1	0.00852	NA	NA	NA
rs13378516	432	0.116	TC/GT	1	0.00783	NA	NA	NA
rs4597206	433	0.116	TG/GA	1	0.00743	NA	NA	NA
rs2997105	435	0.116	TC/GT	1	0.00802	NA	NA	NA
rs2997106	437	0.116	TC/GA	1	0.00755	NA	NA	NA
rs3015426	439	0.116	TG/GA	1	0.00801	NA	NA	NA
rs2997107	440	0.116	TA/GG	1	0.00857	NA	NA	NA
rs2997108	440	0.116	TT/GA	1	0.00801	NA	NA	NA
rs2997109	440	0.116	TC/GG	1	0.00789	NA	NA	NA
rs2997111	441	0.116	TT/GA	1	0.00769	NA	NA	NA
rs2997112	442	0.116	TT/GG	1	0.0074	NA	NA	NA
rs2997114	446	0.116	TT/GG	1	0.00753	NA	NA	NA
rs2997115	446	0.116	TG/GA	1	0.00729	NA	NA	NA
rs73203361	447	0.29	TG/GA	1	0.00122	NA	NA	NA
rs3015416	447	0.116	TT/GG	1	0.00756	NA	NA	NA
rs1937647	447	0.105	TT/GC	1	0.0113	NA	NA	NA
rs2997117	448	0.116	TT/GG	1	0.00777	NA	NA	NA
rs3015418	449	0.116	TC/GT	1	0.0082	NA	NA	NA
rs117059461	450	0.126	TC/GG	1	0.0691	NA	NA	NA
rs75064934	450	0.29	TT/GC	1	0.00118	NA	NA	NA
rs2997121	453	0.116	TA/GG	1	0.00739	NA	NA	NA
rs3015421	454	0.116	TC/GA	1	0.00742	NA	NA	NA
rs75961402	455	0.29	TA/GG	1	0.00106	NA	NA	NA
rs3015422	456	0.116	TG/GA	1	0.00749	NA	NA	NA
rs9527451	459	0.116	TG/GC	1	0.00692	NA	NA	NA
rs2997122	460	0.116	TT/GC	1	0.00823	NA	NA	NA
rs2935461	461	0.116	TG/GA	1	0.0079	NA	NA	NA
rs1472405	464	0.116	TG/GC	1	0.00767	NA	NA	NA
rs1472407	465	0.116	TC/GT	1	0.00787	NA	NA	NA
rs1497298	465	0.116	TG/GC	1	0.00752	NA	NA	NA
rs1826897	466	0.116	TC/GT	1	0.00547	NA	NA	NA
rs17522473	469	0.29	TG/GA	1	0.0017	NA	NA	NA
rs957550	470	0.116	TC/GT	1	0.00739	NA	NA	NA
rs2645919	473	0.116	TC/GT	1	0.00698	NA	NA	NA
rs73203368	478	0.207	TC/GA	1	0.000551	NA	NA	NA
rs57956629	479	0.187	TG/GC	1	0.000492	NA	NA	NA
rs112474987	479	0.207	TA/GG	1	0.000684	NA	NA	NA
rs73203370	480	0.207	TG/GT	1	0.000696	NA	NA	NA
rs73203372	481	0.207	TG/GA	1	0.000665	NA	NA	NA
rs73203374	481	0.207	TC/GT	1	0.000646	NA	NA	NA
rs35345038	482	0.207	TT/GG	1	0.000653	NA	NA	NA
rs73203375	483	0.207	TC/GT	1	0.000758	NA	NA	NA
rs7991555	484	0.207	TA/GG	1	0.000764	NA	NA	NA
rs73203377	484	0.187	TA/GG	1	0.000585	NA	NA	NA
rs75926964	485	0.207	TA/GG	1	0.000757	NA	NA	NA
rs73203378	485	0.207	TT/GA	1	0.000711	NA	NA	NA
rs76278717	485	0.203	TA/GG	1	0.000733	NA	NA	NA
rs11619679	486	0.207	TA/GC	1	0.000733	NA	NA	NA
rs73203380	487	0.207	TT/GC	1	0.000703	NA	NA	NA
rs73203381	489	0.207	TT/GC	1	0.000632	NA	NA	NA
rs73203382	490	0.207	TA/GC	1	0.000673	NA	NA	NA
rs73203384	490	0.207	TA/GG	1	0.000706	NA	NA	NA
rs73203386	491	0.207	TT/GC	1	0.000972	NA	NA	NA
rs11616628	492	0.207	TC/GT	1	0.0012	NA	NA	NA
