SNP	KB	R2	Alleles	F	P	inCredible	probNorm	cumSum
rs7646741	0	1	A	1	2.2e-08	1	0.0856169097611091	0.0856169097611091
rs353551	-568	0.378	AC/GT	1	2.11e-05	NA	NA	NA
rs352158	-568	0.381	AC/GT	1	1.98e-05	NA	NA	NA
rs614288	-565	0.39	AT/GC	1	4.37e-06	NA	NA	NA
rs352161	-563	0.374	AC/GA	1	1.11e-05	NA	NA	NA
rs411457	-557	0.384	AA/GT	1	1.72e-05	NA	NA	NA
rs524986	-557	0.393	AT/GC	1	6.3e-06	NA	NA	NA
rs104903	-555	0.418	AA/GT	1	2.67e-06	1	0.000831294254467818	0.974136534644647
rs181274	-551	0.415	AT/GA	1	2.59e-06	1	0.000855923216438834	0.972452477136961
rs352171	-551	0.409	AA/GG	1	4.49e-06	1	0.000505010460235485	0.982944613427808
rs352170	-549	0.409	AA/GG	1	3.13e-06	1	0.000713706077274193	0.979540998781747
rs352169	-548	0.409	AG/GA	1	4.58e-06	1	0.000495499597894066	0.985439943786169
rs352168	-547	0.406	AC/GT	1	4.46e-06	1	0.000508264389844411	0.982439602967573
rs352167	-547	0.415	AT/GC	1	1.75e-06	1	0.0012472615640756	0.944667484077564
rs352166	-547	0.415	AC/GT	1	2.07e-06	1	0.00106141977870443	0.961788129786549
rs6802320	-543	0.308	AT/GC	1	6.95e-05	NA	NA	NA
rs352165	-542	0.422	AA/GG	1	1.22e-06	1	0.00176444576374141	0.818383046042854
rs11712164	-541	0.342	AA/GT	1	3.04e-05	NA	NA	NA
rs352163	-538	0.424	AG/GA	1	1.14e-06	1	0.00188342367676625	0.795014547060118
rs164640	-538	0.418	AC/GT	1	1.25e-06	1	0.00172368916110315	0.828901358918046
rs352162	-532	0.431	AT/GC	1	7.53e-07	1	0.0028077372477939	0.55154588493463
rs352140	-529	0.498	AC/GT	1	9.93e-07	1	0.00215104998951526	0.699127623811121
rs352139	-527	0.509	AT/GC	1	2.34e-07	1	0.0086708665181469	0.490581596614336
rs187084	-524	0.489	AA/GG	1	1.32e-05	0	0.000180111906252769	0.993073508412409
rs2267847	-518	0.396	AC/GG	1	5.87e-05	NA	NA	NA
rs353547	-516	0.489	AC/GT	1	2.08e-05	0	0.000116767881144872	0.99452967847186
rs610060	-512	0.554	AA/GG	1	7.47e-07	1	0.00282945971874336	0.548738147686836
rs7618915	-506	0.428	AG/GA	1	6.54e-05	0	3.93552532182977e-05	0.99868879705922
rs34569561	-498	0.432	AT/GC	1	9.05e-05	0	2.89479137620116e-05	0.999145030338412
rs11717383	-498	0.558	AG/GT	1	2.07e-06	1	0.00106141977870443	0.960726710007844
rs1060330	-496	0.558	AT/GC	1	1.57e-06	1	0.0013844121901873	0.907570741790544
rs11542804	-496	0.184	AG/GC	1	0.455	NA	NA	NA
rs57823393	-494	0.122	AA/GG	1	0.000297	NA	NA	NA
rs7614727	-489	0.558	AC/GT	1	1.85e-06	1	0.00118240662192393	0.950713764822484
rs7629072	-480	0.558	AC/GT	1	2.22e-06	1	0.00099244773409298	0.967922486718453
rs59565798	-478	0.432	AG/GA	1	9.4e-05	0	2.79288465217422e-05	0.999257883891637
rs6445358	-476	0.558	AC/GG	1	2.04e-06	1	0.00107640846822157	0.958598921847885
rs699465	-475	0.127	AA/GG	1	0.296	NA	NA	NA
rs34135146	-472	0.154	AG/GC	1	0.00218	NA	NA	NA
rs57615517	-463	0.432	AG/GA	1	8.16e-05	0	3.19225816114449e-05	0.998964197542453
rs34228726	-462	0.432	AA/GG	1	0.000114	0	2.32801409401991e-05	0.999538159518464
rs2276834	-459	0.561	AA/GG	1	2.08e-06	1	0.00105651789814376	0.962844647684693
rs7622851	-452	0.565	AC/GG	1	2.6e-06	1	0.00085276325321815	0.973305240390179
rs9311474	-446	0.561	AT/GC	1	1.88e-06	1	0.00116427198580282	0.951878036808287
rs3844291	-444	0.437	AA/GC	1	1e-04	0	2.63439489608529e-05	0.99936570499104
rs699469	-443	0.124	AG/GT	1	0.316	NA	NA	NA
rs730050	-437	0.389	AA/GC	1	6.41e-05	NA	NA	NA
rs3852063	-436	0.439	AA/GG	1	6.46e-05	0	3.9816382615493e-05	0.998649441806001
rs3852064	-436	0.439	AG/GT	1	8.68e-05	0	3.01122892568465e-05	0.999086358234465
rs4687612	-417	0.121	AG/GA	1	0.354	NA	NA	NA
rs62257591	-398	0.147	AT/GC	1	0.322	NA	NA	NA
rs2306864	-392	0.101	AG/GC	1	0.00417	NA	NA	NA
rs1546737	-378	0.424	AC/GT	1	0.000103	0	2.56190929884947e-05	0.999417421749088
rs34365302	-378	0.106	AA/GG	1	0.311	NA	NA	NA
rs12163565	-355	0.108	AA/GG	1	0.000941	NA	NA	NA
rs13094687	-335	0.448	AA/GG	1	0.00011	0	2.40778850275759e-05	0.999491404963239
rs2272088	-328	0.448	AA/GG	1	0.000115	0	2.30891620806298e-05	0.999561248680545
rs62257614	-320	0.206	AT/GC	1	0.469	NA	NA	NA
rs648514	-318	0.559	AA/GG	1	1.96e-06	1	0.00111857953293628	0.955301665992561
rs13091025	-318	0.152	AA/GC	1	0.0041	NA	NA	NA
rs3821839	-297	0.139	AG/GC	1	0.000798	NA	NA	NA
rs2267921	-294	0.141	AC/GT	1	0.000961	NA	NA	NA
rs12629472	-293	0.139	AA/GG	1	0.000907	NA	NA	NA
rs6772177	-287	0.149	AT/GC	1	0.202	NA	NA	NA
rs34736619	-253	0.361	AG/GC	1	0.00179	NA	NA	NA
rs731831	-249	0.498	AG/GA	1	0.000257	0	1.08380406939512e-05	1
rs7613444	-247	0.251	AC/GG	1	0.0102	NA	NA	NA
rs1010552	-245	0.491	AG/GT	1	0.000138	0	1.94434875686006e-05	0.999797196758847
rs1010553	-244	0.692	AC/GT	1	3.42e-05	0	7.27702544683505e-05	0.996712005045018
rs11130306	-244	0.703	AG/GA	1	1.85e-05	0	0.000130553771429106	0.994287516483918
rs1010554	-242	0.743	AC/GT	1	1.73e-05	0	0.000139167718998797	0.994024359693836
rs2015971	-238	0.523	AC/GT	1	6.39e-05	0	4.02291139621709e-05	0.998609625423386
rs740903	-236	0.105	AT/GC	1	0.214	NA	NA	NA
rs66824127	-234	0.786	AT/GC	1	6.59e-06	1	0.000349757358163094	0.988690300104364
rs67409736	-234	0.82	AG/GT	1	7.46e-06	1	0.000310640878260897	0.989655736198974
rs13081028	-230	0.811	AG/GA	1	6.9e-06	1	0.000334710776772823	0.989025010881136
rs9853056	-229	0.808	AT/GC	1	2.39e-06	1	0.000924567590344743	0.970734238374816
rs4434138	-228	0.497	AA/GG	1	3.24e-05	0	7.66053057724271e-05	0.996490980342209
rs4234633	-228	0.53	AC/GT	1	7.16e-05	0	3.61230419884469e-05	0.998762639967018
rs13303	-227	0.804	AT/GC	1	2.74e-06	1	0.000810902430711991	0.975764060617971
rs13621	-227	0.541	AT/GC	1	1.82e-05	0	0.000132603018653058	0.994156962712489
rs34005367	-226	0.533	AA/GT	1	5.99e-05	0	4.2768027183134e-05	0.998317258183739
rs11709284	-226	0.811	AG/GA	1	4.07e-06	1	0.000554841747551752	0.98141643579726
rs4475032	-225	0.536	AC/GT	1	6.03e-05	0	4.24993440081001e-05	0.998359757527747
rs11711421	-223	0.548	AC/GT	1	1.44e-05	0	0.000165767150662573	0.993578717998467
rs4687624	-222	0.539	AC/GT	1	3.81e-05	0	6.56784059696102e-05	0.996982224900532
rs4687625	-222	0.533	AC/GT	1	4.49e-05	0	5.62017597551615e-05	0.997716420253086
rs6778735	-220	0.798	AT/GC	1	2.78e-06	1	0.000799702636895175	0.976563763254866
rs4282054	-219	0.819	AT/GC	1	6.21e-07	1	0.00338074483679967	0.533794449838026
rs7636227	-219	0.803	AG/GA	1	2.32e-06	1	0.0009513354251181	0.968873822143571
rs12489732	-218	0.513	AC/GA	1	4.61e-05	0	5.48134135983435e-05	0.997826964661108
rs7614981	-218	0.766	AC/GA	1	2.2e-06	1	0.00100111032832762	0.96693003898436
rs12489828	-218	0.766	AG/GT	1	1.91e-06	1	0.00114669689928957	0.954183086459625
rs28661185	-218	0.536	AG/GT	1	3.99e-05	0	6.28628936075638e-05	0.997300815215001
rs66782572	-218	0.778	AA/GG	1	6.3e-06	1	0.000365146053770869	0.987977052709251
rs7639267	-216	0.821	AG/GT	1	7.27e-07	1	0.00290441269885041	0.545908687968093
rs4687626	-216	0.532	AG/GA	1	2.3e-05	0	0.00010611114591576	0.995072518801513
rs7638808	-213	0.571	AA/GG	1	1.52e-05	0	0.000157437535878589	0.993736155534346
rs6445528	-213	0.571	AA/GG	1	1.61e-05	0	0.000149036440491026	0.993885191974837
rs13076398	-212	0.536	AG/GA	1	2.46e-05	0	9.9533858349263e-05	0.995375050874879
rs62256903	-211	0.539	AG/GA	1	2.42e-05	0	0.00010109840822507	0.99527551701653
rs1133415	-209	0.572	AG/GA	1	1.42e-05	0	0.00016799303597798	0.993412950847805
rs6802671	-206	0.123	AA/GT	1	0.0887	NA	NA	NA
rs3199918	-204	0.246	AT/GC	1	0.267	NA	NA	NA
rs2878628	-201	0.689	AA/GG	1	1.26e-06	1	0.00171052744378294	0.832335575522932
rs2251219	-200	0.665	AT/GC	1	8.24e-07	1	0.00257432451544099	0.570023427524705
rs1961959	-199	0.657	AG/GC	1	1.42e-06	1	0.00152474202550384	0.874155991760617
rs1961958	-199	0.657	AA/GG	1	1.14e-06	1	0.00188342367676625	0.793131123383352
rs1570	-199	0.692	AT/GA	1	1.22e-06	1	0.00176444576374141	0.816618600279112
rs3774367	-198	0.123	AC/GA	1	0.186	NA	NA	NA
rs2336142	-197	0.142	AA/GG	1	0.112	NA	NA	NA
rs17052256	-192	0.689	AA/GG	1	1.26e-06	1	0.00171052744378294	0.837467157854281
rs17052259	-192	0.689	AA/GG	1	1.23e-06	1	0.00175064321143262	0.82542702654551
rs3796353	-192	0.689	AC/GT	1	1.21e-06	1	0.00177847242615847	0.814854154515371
rs6778844	-189	0.657	AT/GC	1	1.39e-06	1	0.00155637490926198	0.864923773983479
rs33964154	-188	0.665	AA/GG	1	7.96e-07	1	0.00266148612643962	0.559596228210785
rs2289249	-188	0.657	AG/GA	1	1.22e-06	1	0.00176444576374141	0.823676383334078
rs13059862	-187	0.692	AG/GA	1	9.58e-07	1	0.00222665174670721	0.677332956670043
rs13060048	-187	0.689	AG/GA	1	1.3e-06	1	0.0016598706799881	0.84750101075899
rs6786919	-185	0.689	AA/GG	1	1.22e-06	1	0.00176444576374141	0.820147491806595
rs6798246	-185	0.657	AG/GA	1	1.31e-06	1	0.00164768147997751	0.849148692238968
rs1821879	-184	0.692	AT/GC	1	1.55e-06	1	0.00140158077654104	0.902007394197031
rs13063160	-183	0.692	AT/GC	1	8.63e-07	1	0.00246219177261939	0.600319338085278
rs10433550	-182	0.689	AA/GG	1	4.4e-06	1	0.000514902780467913	0.981931338577728
rs9758945	-181	0.689	AA/GG	1	1.07e-06	1	0.00200185237333349	0.769711286244082
rs6786043	-180	0.692	AA/GG	1	8.33e-07	1	0.00254753185267362	0.580264007779578
rs6788887	-180	0.689	AT/GC	1	1.07e-06	1	0.00200185237333349	0.771713138617416
rs6788993	-180	0.692	AT/GC	1	1.02e-06	1	0.00209621416317386	0.728819269213123
rs4687546	-179	0.689	AT/GA	1	1.45e-06	1	0.00149439538452996	0.886201640813726
rs7623199	-179	0.657	AC/GT	1	1.39e-06	1	0.00155637490926198	0.86648014889274
rs11714565	-179	0.689	AC/GT	1	1.37e-06	1	0.00157821931704157	0.853974771841786
rs7625743	-179	0.692	AC/GG	1	1.07e-06	1	0.00200185237333349	0.773714990990749
rs35240333	-178	0.146	AC/GT	1	0.00329	NA	NA	NA
rs11130307	-178	0.652	AG/GA	1	1.6e-06	1	0.00135944997280233	0.917186534227161
rs12632381	-178	0.652	AG/GA	1	1.6e-06	1	0.00135944997280233	0.919905434172766
rs4687547	-176	0.665	AC/GT	1	1.02e-06	1	0.00209621416317386	0.730915483376296
rs6762457	-176	0.665	AG/GA	1	9.34e-07	1	0.00228170960669691	0.657145989106975
rs6805156	-176	0.692	AT/GC	1	1.38e-06	1	0.00156721936562152	0.860254649255693
rs7652191	-175	0.692	AT/GC	1	1.49e-06	1	0.00145580121283782	0.8920630529912
rs17264436	-175	0.657	AT/GA	1	2.06e-06	1	0.00106636838125544	0.95966529022914
rs11718420	-174	0.689	AT/GC	1	1.97e-06	1	0.00111312426982469	0.956414790262386
rs34954168	-173	0.665	AC/GT	1	1.19e-06	1	0.00180722042099536	0.807740264810737
rs34115864	-173	0.657	AA/GG	1	1.89e-06	1	0.00115835275204838	0.953036389560335
rs35107891	-172	0.657	AG/GC	1	2.16e-06	1	0.00101890785761808	0.965928928656032
rs11718509	-171	0.665	AG/GA	1	1.05e-06	1	0.00203853731454653	0.755643802331864
rs4687629	-170	0.692	AG/GC	1	1.44e-06	1	0.00150437292203649	0.881718454660136
rs4687630	-170	0.665	AG/GA	1	1.51e-06	1	0.0014372575184042	0.896374825546412
rs13078422	-168	0.657	AT/GC	1	1.45e-06	1	0.00149439538452996	0.883212850044666
rs6799490	-168	0.12	AC/GT	1	0.0829	NA	NA	NA
rs11720159	-167	0.692	AT/GG	1	1.45e-06	1	0.00149439538452996	0.884707245429196
rs11720243	-167	0.692	AT/GC	1	1.37e-06	1	0.00157821931704157	0.855552991158828
rs12487445	-167	0.657	AA/GC	1	1.98e-06	1	0.00110772311727693	0.957522513379663
rs7614498	-166	0.692	AA/GT	1	1.54e-06	1	0.00141032929135903	0.897785154837772
rs12629699	-165	0.692	AT/GC	1	4.06e-07	1	0.00509332556594214	0.5095202148705
rs12629701	-165	0.689	AT/GC	1	2.57e-06	1	0.000862315545706239	0.971596553920522
rs3733046	-164	0.695	AC/GT	1	1.19e-06	1	0.00180722042099536	0.804125823968746
rs3852066	-163	0.695	AC/GT	1	1.25e-06	1	0.00172368916110315	0.830625048079149
rs2590838	-163	0.996	AG/GA	1	9.83e-08	1	0.0200598704539542	0.46187016780093
rs4336110	-161	0.659	AC/GT	1	1.34e-06	1	0.00161218654945789	0.852396552524745
rs73078824	-161	0.393	AT/GG	1	0.0114	NA	NA	NA
rs11708075	-161	0.659	AC/GT	1	1.72e-06	1	0.00126816136838399	0.942159106836711
rs68021750	-160	0.667	AG/GA	1	1.03e-06	1	0.00207662172499889	0.739221970276292
rs62253700	-160	0.667	AT/GA	1	9.02e-07	1	0.00235959679374546	0.634037625725086
rs2336147	-159	1	AT/GC	1	9.49e-08	1	0.0207551816923516	0.441810297346976
rs2336146	-159	0.695	AA/GG	1	1.77e-06	1	0.00123371497696042	0.947141649532043
rs13085331	-158	0.667	AG/GC	1	1e-06	1	0.00213655389973173	0.709833107516544
rs12498066	-158	0.667	AG/GA	1	1.03e-06	1	0.00207662172499889	0.735068726826294
rs2577831	-157	0.965	AC/GA	1	6.89e-08	1	0.0282992733520205	0.396889249237912
rs7628578	-157	0.673	AA/GT	1	8.24e-07	1	0.00257432451544099	0.567449103009264
rs11714419	-156	0.659	AA/GG	1	1.48e-06	1	0.00146525763374806	0.889151450565524
rs34754793	-156	0.695	AA/GT	1	1.07e-06	1	0.00200185237333349	0.767709433870749
rs2118540	-156	0.659	AT/GC	1	1.07e-06	1	0.00200185237333349	0.763705729124082
rs2164884	-156	0.667	AC/GT	1	1.03e-06	1	0.00207662172499889	0.732992105101295
rs2336145	-155	0.659	AA/GC	1	1.54e-06	1	0.00141032929135903	0.90060581342049
rs4687633	-155	0.667	AG/GA	1	1.06e-06	1	0.00202002480629483	0.757663827138158
rs79888178	-155	0.184	AT/GA	1	0.16	NA	NA	NA
rs62253703	-153	0.667	AT/GC	1	1.19e-06	1	0.00180722042099536	0.802318603547751
rs6790330	-152	0.662	AG/GA	1	1.56e-06	1	0.00139294243659816	0.90480191741017
rs4687636	-151	0.659	AG/GA	1	1.63e-06	1	0.00133539050409799	0.923935470067119
rs4687637	-151	0.692	AC/GT	1	1.43e-06	1	0.00151448751497121	0.878709708816063
rs34173654	-151	0.655	AT/GC	1	1.73e-06	1	0.00126111567677729	0.943420222513489
rs9917834	-151	0.691	AA/GC	1	1.06e-06	1	0.00202002480629483	0.761703876750748
rs2276824	-148	0.811	AC/GG	1	4.98e-06	1	0.000457312901468179	0.986377694093621
rs10433615	-147	0.667	AC/GT	1	2.68e-07	1	0.0076058272895722	0.498187423903908
rs11130308	-146	0.695	AG/GC	1	1.05e-06	1	0.00203853731454653	0.753605265017317
rs3774366	-144	0.695	AT/GC	1	1.04e-06	1	0.00205739959673331	0.745413391194757
rs3774365	-143	0.667	AT/GC	1	9.56e-07	1	0.00223113612384833	0.675106304923336
rs12487591	-142	0.667	AA/GT	1	8.38e-07	1	0.00253289149499902	0.585332705086837
rs3733045	-142	0.695	AA/GG	1	1.11e-06	1	0.00193238155761484	0.78358373697241
rs3755806	-142	0.67	AT/GC	1	8.9e-07	1	0.00239022314394752	0.6221761027405
rs13065851	-140	0.659	AT/GA	1	1.41e-06	1	0.00153513939631187	0.872631249735113
rs11709448	-138	0.659	AT/GC	1	1.38e-06	1	0.00156721936562152	0.85712021052445
rs9879090	-137	0.792	AT/GC	1	4.55e-06	1	0.000498628881355428	0.984447905973116
rs13083798	-135	0.973	AA/GG	1	8.11e-08	1	0.0241658664167122	0.421055115654624
rs10510760	-135	0.515	AG/GA	1	5.49e-05	0	4.64486380562883e-05	0.998186147522467
rs4687638	-133	0.659	AA/GC	1	1.7e-06	1	0.00128249691892366	0.939615657489679
rs62253733	-132	0.659	AA/GG	1	1.65e-06	1	0.00131982834199347	0.927902689577064
rs34341238	-130	0.695	AA/GG	1	3.09e-06	1	0.000722566088680287	0.978827292704473
rs11717043	-129	0.667	AA/GT	1	1e-06	1	0.00213655389973173	0.707696553616812
rs4687639	-129	0.667	AA/GC	1	1.29e-06	1	0.0016722455078888	0.842509023891125
rs13064064	-128	0.667	AT/GC	1	1.01e-06	1	0.00211618778603794	0.714085849202313
rs34537256	-128	0.659	AA/GG	1	1.61e-06	1	0.00135133230805768	0.921256766480824
rs34215106	-126	0.667	AT/GC	1	1.04e-06	1	0.00205739959673331	0.749528190388224
rs1561337	-125	0.667	AG/GA	1	1.09e-06	1	0.00196649070404394	0.781651355414795
rs35249778	-124	0.667	AG/GC	1	1.04e-06	1	0.00205739959673331	0.743355991598024
rs6445529	-123	0.695	AT/GA	1	1.23e-06	1	0.00175064321143262	0.827177669756943
rs7622694	-121	0.695	AG/GA	1	1.21e-06	1	0.00177847242615847	0.809518737236895
rs4687548	-119	0.667	AA/GT	1	9.1e-07	1	0.00233962033494559	0.64107388220368
rs13069481	-118	0.667	AC/GT	1	8.91e-07	1	0.00238763998244838	0.624563742722948
rs2083180	-117	0.676	AG/GT	1	1.7e-06	1	0.00128249691892366	0.938333160570755
rs6796726	-116	0.695	AG/GC	1	1.49e-06	1	0.00145580121283782	0.890607251778362
rs13098776	-115	0.695	AC/GT	1	1.66e-06	1	0.0013121853871819	0.933159074080603
rs13068293	-113	0.667	AC/GA	1	9.98e-07	1	0.00214067524794786	0.70555999971708
rs11719514	-113	0.659	AT/GC	1	1.54e-06	1	0.00141032929135903	0.899195484129131
rs11720432	-112	0.659	AT/GC	1	1.6e-06	1	0.00135944997280233	0.918545984199964
rs13060675	-111	0.667	AT/GG	1	1.21e-06	1	0.00177847242615847	0.813075682089212
rs13081031	-111	0.667	AC/GT	1	1.02e-06	1	0.00209621416317386	0.726723055049949
rs11130310	-111	0.695	AC/GT	1	1.32e-06	1	0.00163567373631941	0.850784365975287
rs11130311	-110	0.667	AT/GC	1	1.11e-06	1	0.00193238155761484	0.785516118530025
rs11130312	-110	0.667	AA/GC	1	1.02e-06	1	0.00209621416317386	0.724626840886775
rs13086898	-110	0.667	AG/GA	1	1.15e-06	1	0.00186766225308929	0.796882209313207
rs11130313	-109	0.667	AA/GC	1	9.89e-07	1	0.00215942400031429	0.692664020867286
rs7642198	-107	0.667	AT/GC	1	1.08e-06	1	0.0019840106733343	0.777700854037417
rs13085895	-107	0.667	AG/GC	1	1.28e-06	1	0.00168481026447759	0.839151968118759
rs13085775	-107	0.695	AC/GT	1	1.18e-06	1	0.00182195339255265	0.79870416270576
rs13086297	-107	0.667	AG/GA	1	8.84e-07	1	0.00240584272601465	0.614992466001864
rs2028216	-104	0.659	AC/GT	1	1.65e-06	1	0.00131982834199347	0.929222517919057
rs34757451	-103	0.667	AG/GA	1	1.05e-06	1	0.00203853731454653	0.751566727702771
rs2289250	-102	0.667	AC/GA	1	9.51e-07	1	0.00224242815796563	0.668406144586682
rs33967311	-101	0.667	AC/GA	1	8.64e-07	1	0.00245944744360864	0.607697680416104
rs62253740	-101	0.695	AA/GT	1	1.07e-06	1	0.00200185237333349	0.775716843364083
rs62253741	-101	0.131	AC/GT	1	0.136	NA	NA	NA
rs13065019	-100	0.667	AT/GC	1	9.59e-07	1	0.00222441645147585	0.679557373121519
rs35211965	-99.9	0.659	AC/GG	1	1.4e-06	1	0.00154568265343665	0.868025831546177
rs6770463	-98.4	0.667	AG/GA	1	8.88e-07	1	0.00239540662062848	0.619785879596552
rs4435633	-97.7	0.695	AT/GG	1	1.14e-06	1	0.00188342367676625	0.791247699706586
rs7612511	-97.7	0.996	AC/GT	1	4.16e-08	1	0.0461467660214466	0.233024019871305
rs35409678	-97.6	0.659	AG/GA	1	1.41e-06	1	0.00153513939631187	0.869560970942489
rs2336148	-94.6	0.659	AG/GA	1	2.72e-06	1	0.000816623542612198	0.974953158187259
rs12486847	-94.1	0.659	AT/GC	1	1.29e-06	1	0.0016722455078888	0.844181269399014
rs2336149	-93.1	0.695	AG/GA	1	9.33e-07	1	0.00228406408612331	0.654864279500278
rs2590846	-92.9	0.667	AC/GG	1	9.07e-07	1	0.0023470709196871	0.638734261868734
rs7611731	-92.5	0.695	AT/GC	1	9.49e-07	1	0.0022469777123028	0.666163716428716
rs6804145	-91	0.695	AC/GT	1	9.8e-07	1	0.00217851111214581	0.688345172866657
rs34168767	-88.4	0.667	AC/GA	1	9.9e-07	1	0.00215732426339886	0.694821345130684
rs11130314	-88.2	0.667	AT/GC	1	9.41e-07	1	0.00226536596821037	0.659411355075186
rs11130315	-88.1	0.667	AA/GG	1	9.54e-07	1	0.00223563897849691	0.670641783565179
rs12488461	-86.8	0.659	AT/GC	1	1.62e-06	1	0.00134331308219744	0.922600079563021
rs12488527	-86.7	0.667	AT/GC	1	1.84e-06	1	0.00118858051969791	0.94953135820056
rs62255362	-85.5	0.667	AC/GG	1	9.3e-07	1	0.0022911573804583	0.650293791883156
rs35976524	-84.8	0.515	AG/GA	1	8.55e-05	0	3.05447180025074e-05	0.999025802152976
rs77146033	-83.7	0.663	AG/GT	1	1.08e-06	1	0.0019840106733343	0.779684864710751
rs62255364	-83.7	0.663	AC/GT	1	9.55e-07	1	0.00223338523430928	0.672875168799488
rs6768697	-81.6	0.659	AC/GT	1	1.38e-06	1	0.00156721936562152	0.858687429890071
rs73078833	-81.5	0.138	AT/GC	1	0.139	NA	NA	NA
rs12493107	-78.5	0.659	AG/GT	1	2.13e-06	1	0.00103268655686084	0.963877334241553
rs6803012	-78.2	0.659	AG/GA	1	8.64e-07	1	0.00245944744360864	0.605238232972495
rs12637632	-77.2	0.667	AA/GT	1	2.36e-06	1	0.000935848640900019	0.969809670784471
rs6414569	-77.2	0.667	AA/GT	1	8.27e-07	1	0.00256532994114008	0.57516007664569
rs12632265	-77	0.662	AG/GA	1	1.39e-06	1	0.00155637490926198	0.863367399074217
rs34610142	-76.8	0.659	AG/GA	1	1.57e-06	1	0.0013844121901873	0.910339566170919
rs12496476	-76.5	0.659	AA/GG	1	1.66e-06	1	0.0013121853871819	0.930534703306239
rs12496634	-76	0.667	AA/GC	1	9e-07	1	0.00236464544107866	0.631678028931341
rs2336542	-74.6	0.667	AA/GG	1	9.32e-07	1	0.00228642353099935	0.652580215414155
rs9714129	-73.7	0.667	AT/GC	1	3.29e-07	1	0.00623946540064966	0.504426889304558
rs67539070	-73.3	0.667	AT/GC	1	9.14e-07	1	0.00232976100117756	0.643403643204858
rs34157897	-68.3	0.695	AT/GC	1	1.03e-06	1	0.00207662172499889	0.737145348551293
rs6445531	-68	0.695	AT/GC	1	1e-06	1	0.00213655389973173	0.711969661416275
rs10865973	-67.1	0.659	AA/GT	1	1.57e-06	1	0.0013844121901873	0.911723978361106
rs10865974	-67	0.695	AG/GT	1	1.11e-06	1	0.00193238155761484	0.78744850008764
rs3733039	-66.2	0.691	AC/GT	1	1.44e-06	1	0.00150437292203649	0.880214081738099
rs1866268	-65.8	0.695	AC/GA	1	6.51e-07	1	0.00323046582996875	0.537024915667994
rs10933	-65.4	0.815	AT/GC	1	5.45e-06	1	0.000419479124775469	0.987233531636048
rs1108842	-65.2	1	AA/GC	1	5.52e-08	1	0.0350800316910747	0.339846055851585
rs11177	-63.9	0.659	AG/GA	1	1.68e-06	1	0.00129716760149715	0.935760874018149
rs3774349	-62.9	1	AA/GC	1	5.34e-08	1	0.0362254086106772	0.269249428481982
rs35911561	-62.7	0.103	AT/GC	1	0.524	NA	NA	NA
rs35315313	-59.5	0.695	AG/GT	1	9.75e-07	1	0.00218926467800836	0.686166661754511
rs13076193	-59.3	0.659	AC/GA	1	1.51e-06	1	0.0014372575184042	0.893500310509604
rs6762813	-58.5	0.659	AC/GT	1	1.59e-06	1	0.00136766791223031	0.914467634281557
rs2289247	-58	0.692	AG/GA	1	9.28e-07	1	0.00229591128246701	0.648002634502697
rs6976	-56.4	0.657	AC/GT	1	1.46e-06	1	0.00148455211805046	0.887686192931776
rs2164885	-54	0.695	AT/GC	1	1.19e-06	1	0.00180722042099536	0.800511383126755
rs11130317	-53.8	0.667	AC/GT	1	1.12e-06	1	0.0019157759421797	0.789364276029819
rs3733041	-53.6	0.695	AT/GC	1	1.21e-06	1	0.00177847242615847	0.811297209663054
rs13081155	-52.8	1	AA/GG	1	6.78e-08	1	0.0287439200343066	0.368589975885891
rs6765687	-52.1	0.395	AT/GC	1	0.00477	NA	NA	NA
rs11130318	-50.3	0.659	AG/GC	1	6.07e-06	1	0.000378375019432472	0.98761190665548
rs12635140	-47.1	0.691	AT/GC	1	1.26e-06	1	0.00171052744378294	0.834046102966715
rs8906	-45.7	0.659	AT/GC	1	1.71e-06	1	0.00127528797864819	0.940890945468327
rs6617	-45.1	0.695	AC/GG	1	1.19e-06	1	0.00180722042099536	0.805933044389741
rs3755798	-44.1	0.692	AG/GA	1	8.68e-07	1	0.00244853228137632	0.61014621269748
rs34017441	-42.8	0.667	AT/GC	1	9.89e-07	1	0.00215942400031429	0.690504596866971
rs12486554	-42.7	0.684	AA/GT	1	1.65e-06	1	0.00131982834199347	0.92658286123507
rs6445534	-41.9	0.695	AG/GA	1	9.06e-07	1	0.00234956522396076	0.636387190949047
rs13079063	-40.8	0.695	AA/GG	1	8.39e-07	1	0.00252998400623406	0.587862689093071
rs11235	-40.2	0.81	AC/GT	1	4.57e-06	1	0.00049653821515844	0.984944444188275
rs4687644	-38.7	0.695	AT/GG	1	8.59e-07	1	0.00247323188645291	0.597857146312658
rs62255371	-37.9	0.667	AA/GG	1	8.64e-07	1	0.00245944744360864	0.602778785528886
rs2336543	-37.6	0.123	AA/GG	1	0.0725	NA	NA	NA
rs7620039	-37.5	0.651	AG/GA	1	1.22e-06	1	0.00176444576374141	0.821911937570336
rs1468638	-37.2	0.695	AT/GC	1	7.77e-07	1	0.00272414651536932	0.55427003145
rs2878726	-37	0.659	AC/GG	1	1.41e-06	1	0.00153513939631187	0.871096110338801
rs11716747	-36.4	0.695	AC/GT	1	7.97e-07	1	0.00265826957245371	0.562254497783239
rs35526119	-35.9	0.695	AC/GT	1	8.47e-07	1	0.0025069670513882	0.592896739466305
rs7624716	-33.7	0.695	AT/GC	1	9.68e-07	1	0.00220450305919121	0.683977397076503
rs2109634	-33.2	0.695	AT/GG	1	9.47e-07	1	0.00225154615142797	0.663916738716413
rs35212380	-32.3	0.988	AC/GG	1	4.03e-08	1	0.0475894812572635	0.186877253849859
rs34918356	-31.7	0.698	AT/GG	1	1.64e-06	1	0.00132756282595785	0.925263032893077
rs11130319	-29.6	0.673	AA/GT	1	1.07e-06	1	0.00200185237333349	0.765707581497415
rs11714088	-26.3	0.667	AA/GC	1	1.26e-06	1	0.00171052744378294	0.835756630410498
rs34610878	-26.1	0.667	AG/GC	1	1.06e-06	1	0.00202002480629483	0.759683851944453
rs11130321	-22.5	0.687	AC/GT	1	2.13e-06	1	0.00103268655686084	0.964910020798414
rs7653028	-22.2	0.695	AA/GT	1	1.51e-06	1	0.0014372575184042	0.894937568028008
rs4687549	-21.3	0.659	AT/GC	1	1.76e-06	1	0.00124045047751861	0.945907934555083
rs10780035	-20.6	0.659	AC/GT	1	1.69e-06	1	0.0012897896336831	0.937050663651832
rs2079929	-19.6	0.695	AC/GT	1	9.96e-07	1	0.00214481286095264	0.703419324469132
rs11714030	-19.4	0.695	AC/GT	1	8.4e-07	1	0.00252708332184598	0.590389772414917
rs34739010	-19.1	0.695	AA/GG	1	8.71e-07	1	0.0024404105783696	0.61258662327585
rs2268027	-18.6	0.659	AG/GA	1	1.57e-06	1	0.0013844121901873	0.908955153980732
rs767418	-17.8	0.695	AC/GT	1	9.91e-07	1	0.00215522869092163	0.696976573821606
rs11130323	-15	0.667	AT/GC	1	9.63e-07	1	0.00221552089579233	0.681772894017312
rs11130324	-14.9	0.984	AT/GG	1	3.56e-08	1	0.0536708628314861	0.139287772592595
rs11130325	-14.3	0.667	AG/GC	1	8.98e-07	1	0.00236971618971158	0.629313383490262
rs6445535	-13.8	0.695	AT/GC	1	1.01e-06	1	0.00211618778603794	0.718318224774389
rs2159644	-10.7	0.695	AC/GT	1	1.02e-06	1	0.00209621416317386	0.722530626723601
rs7638162	-8.33	0.695	AT/GC	1	8.54e-07	1	0.00248717495990015	0.595383914426205
rs2286800	-7.19	0.659	AC/GT	1	1.43e-06	1	0.00151448751497121	0.877195221301092
rs2268026	-6.89	0.667	AT/GC	1	9.46e-07	1	0.00225383748979972	0.661665192564985
rs13074853	-5.44	0.695	AT/GC	1	8.37e-07	1	0.00253580581226017	0.582799813591838
rs2072390	-4.73	0.695	AA/GT	1	8.09e-07	1	0.00262028071058407	0.564874778493823
rs13082208	-3.7	0.659	AT/GG	1	1.55e-06	1	0.00140158077654104	0.903408974973572
rs13087772	-2.96	0.659	AT/GG	1	1.67e-06	1	0.00130463233604842	0.934463706416652
rs62255396	-2.4	0.667	AC/GT	1	9.95e-07	1	0.00214688779705833	0.70127451160818
rs6787154	-0.822	0.695	AC/GT	1	7.08e-07	1	0.00297947216531464	0.543004275269243
rs13082960	-0.07	0.667	AA/GC	1	8.87e-07	1	0.00239800697405966	0.617390472975924
rs13095332	2	0.659	AC/GT	1	1.3e-06	1	0.0016598706799881	0.845841140079002
rs2336545	2.36	0.667	AT/GC	1	1.01e-06	1	0.00211618778603794	0.716202036988351
rs6414570	3.72	0.695	AA/GG	1	1.58e-06	1	0.00137598800822008	0.913099966369326
rs13061423	4.98	0.667	AT/GC	1	9.25e-07	1	0.00230308001537278	0.64570672322023
rs55807227	7.3	0.397	AC/GT	1	0.00392	NA	NA	NA
rs11130327	8	0.659	AA/GG	1	1.28e-06	1	0.00168481026447759	0.840836778383236
rs12497998	8.36	0.695	AC/GT	1	6.2e-07	1	0.00338600032947138	0.530413705001226
rs4687648	9.13	0.695	AT/GG	1	8.94e-07	1	0.00237992457760261	0.626943667300551
rs2268025	9.99	0.657	AA/GT	1	1.03e-06	1	0.00207662172499889	0.741298592001291
rs1029871	12.4	0.659	AG/GC	1	1.04e-06	1	0.00205739959673331	0.747470790791491
rs113474502	13.9	0.142	AA/GG	1	0.0531	NA	NA	NA
rs2230535	15	0.665	AT/GC	1	5.39e-07	1	0.0038752720378333	0.527027704671755
rs4687650	15.5	0.655	AA/GG	1	1.39e-06	1	0.00155637490926198	0.861811024164955
rs2230534	17.2	0.665	AA/GC	1	4.88e-07	1	0.00426511525156516	0.523152432633921
rs2268024	18	0.657	AT/GC	1	7.95e-07	1	0.00266471063434575	0.556934742084345
rs13071584	19.2	0.692	AT/GC	1	4.14e-07	1	0.0049983296367952	0.514518544507295
rs998909	19.9	0.692	AA/GG	1	4.76e-07	1	0.00436877287506087	0.518887317382356
rs11717836	22.5	0.649	AA/GG	1	7.03e-07	1	0.00299988743593365	0.540024803103928
rs1014969	23.1	0.654	AG/GA	1	2.04e-07	1	0.00990012594970151	0.481910730096189
rs2019065	24.3	0.624	AT/GC	1	1.01e-06	1	0.00211618778603794	0.720434412560427
rs6792369	25.9	0.615	AC/GG	1	2.88e-06	1	0.000773039666186903	0.977336802921053
rs2302417	29	0.906	AT/GA	1	1.99e-07	1	0.0101404363455576	0.472010604146488
rs2710323	30.7	0.93	AT/GC	1	5.45e-08	1	0.0355165956785277	0.30476602416051
rs2710322	32.4	0.121	AT/GC	1	0.0327	NA	NA	NA
rs3774354	32.4	0.605	AG/GA	1	8.88e-06	0	0.000262979377864994	0.991309681829402
rs3774355	32.5	0.605	AG/GA	1	8.84e-06	0	0.000264116358291875	0.991046702451537
rs2239551	33.3	0.638	AG/GA	1	1.57e-06	1	0.0013844121901873	0.906186329600357
rs2268023	34.1	0.569	AT/GA	1	2.9e-06	1	0.000767923694739096	0.978104726615792
rs678	35.7	0.597	AA/GT	1	4.51e-06	1	0.000502864763932238	0.98344747819174
rs1042779	35.8	0.61	AA/GG	1	3.35e-06	1	0.000668690565261227	0.980209689347008
rs2286798	35.9	0.605	AA/GC	1	4.73e-06	1	0.000480437405984338	0.985920381192153
rs2239550	37.3	0.633	AG/GC	1	1.82e-06	1	0.00120112814881928	0.948342777680862
rs2284351	37.6	0.633	AT/GC	1	5.23e-06	1	0.00043635841765105	0.986814052511272
rs2284350	37.6	0.628	AT/GC	1	3.44e-06	1	0.000651904702700656	0.980861594049709
rs2300149	37.7	0.633	AC/GT	1	1.6e-06	1	0.00135944997280233	0.915827084254359
rs2239549	37.9	0.63	AG/GA	1	1.42e-06	1	0.00152474202550384	0.87568073378612
rs4687551	38.2	0.592	AT/GC	1	1.17e-05	0	0.000202084951099681	0.992691311555057
rs2270197	38.9	0.59	AT/GG	1	8.43e-06	0	0.000276379534733912	0.990512630162372
rs6778329	39.4	0.592	AG/GA	1	1.01e-05	0	0.000232547140627074	0.992044957797064
rs1076425	40.2	0.592	AA/GG	1	1.08e-05	0	0.000218132220038282	0.992489226603957
rs1075653	40.3	0.595	AT/GC	1	7.79e-06	1	0.000298046748126674	0.989953782947101
rs9324	40.3	0.595	AT/GC	1	8.24e-06	1	0.000282467680536999	0.990236250627638
rs2071506	41	0.592	AT/GC	1	7.23e-06	1	0.00032008443957675	0.989345095320713
rs746694	41.4	0.592	AC/GT	1	9.01e-06	0	0.000259352517099905	0.991569034346502
rs2071507	41.5	0.59	AG/GA	1	8.64e-06	0	0.000269955930873989	0.990782586093246
rs2071508	41.6	0.59	AG/GA	1	1.17e-05	0	0.000202084951099681	0.992893396506156
rs4687654	42.3	0.558	AG/GA	1	4.18e-05	0	6.014828443429e-05	0.997483227395844
rs2239699	42.7	0.558	AC/GT	1	3.62e-05	0	6.8946841398578e-05	0.996780951886416
rs9881468	43.4	0.573	AC/GT	1	6.33e-06	1	0.000363490036949422	0.9883405427462
rs2240920	45.8	0.565	AC/GT	1	2.24e-05	0	0.000108814371809304	0.994750155917168
rs2240919	46.5	0.486	AC/GG	1	0.000109	0	2.42862361355176e-05	0.999467327078212
rs2535629	48	0.525	AG/GA	1	9.26e-05	0	2.83274563647553e-05	0.999173357794776
rs3617	48.6	0.81	AC/GA	1	4.52e-06	1	0.000501798900020352	0.983949277091761
rs736408	50.1	0.554	AC/GT	1	1.04e-05	0	0.000226136586854327	0.992271094383919
rs4481150	52.6	0.839	AT/GC	1	8.25e-07	1	0.00257131917984464	0.572594746704549
rs2710331	52.6	0.554	AT/GC	1	1.39e-05	0	0.000171449399417691	0.993244957811827
rs4687552	53.2	0.559	AT/GC	1	9.63e-06	0	0.000243376309934961	0.991812410656437
rs2535627	59.9	0.835	AT/GC	1	1.66e-06	1	0.0013121853871819	0.931846888693421
rs2071044	62.4	0.836	AC/GT	1	8.3e-07	1	0.0025563992812146	0.577716475926904
rs3774358	63.7	0.234	AA/GG	1	0.0101	NA	NA	NA
rs7617468	64.3	0.526	AT/GC	1	2.6e-05	0	9.44290490922242e-05	0.995567872643248
rs2240917	65.9	0.526	AT/GC	1	2.4e-05	0	0.000101899806791972	0.995174418608305
rs2245538	66.8	0.526	AT/GC	1	2.49e-05	0	9.83927192766268e-05	0.995473443594156
rs41292864	67.2	0.14	AG/GA	1	0.562	NA	NA	NA
rs4687657	67.3	0.343	AG/GT	1	1.74e-05	NA	NA	NA
rs35004449	67.7	0.343	AG/GT	1	2.14e-05	NA	NA	NA
rs2276815	68.5	0.343	AC/GG	1	2.29e-05	NA	NA	NA
rs2239548	68.9	0.526	AA/GC	1	2.18e-05	0	0.000111663073498361	0.994641341545359
rs2239547	70	0.339	AT/GC	1	2.42e-05	NA	NA	NA
rs2256332	70.6	0.49	AG/GA	1	0.000223	0	1.23814591902953e-05	0.999977231865825
rs2240916	74	0.115	AT/GA	1	0.24	NA	NA	NA
rs2240915	74.3	0.526	AT/GA	1	5.2e-05	0	4.88995846875376e-05	0.998139698884411
rs2535633	74.4	0.526	AC/GG	1	4.2e-05	0	5.98765019555345e-05	0.9975431038978
rs4687658	75.1	0.293	AC/GG	1	0.000267	NA	NA	NA
rs2276816	75.6	0.117	AC/GT	1	0.0101	NA	NA	NA
rs2276817	75.7	0.293	AC/GT	1	0.000284	NA	NA	NA
rs13072536	76	0.293	AA/GT	1	0.000222	NA	NA	NA
rs12488303	76.8	0.293	AG/GA	1	0.000267	NA	NA	NA
rs11709430	76.8	0.115	AG/GA	1	0.255	NA	NA	NA
rs2072391	77	0.293	AC/GT	1	0.000267	NA	NA	NA
rs2245647	77.5	0.526	AA/GG	1	4.17e-05	0	6.0285130798222e-05	0.99742307911141
rs3774364	78.4	0.53	AG/GA	1	2.26e-05	0	0.000107897696809191	0.994966407655597
rs4687554	78.9	0.293	AT/GC	1	0.000284	NA	NA	NA
rs2071042	79.3	0.526	AA/GG	1	2.63e-05	0	9.34043518076704e-05	0.995661276995056
rs2276818	79.4	0.115	AA/GG	1	0.276	NA	NA	NA
rs2071041	79.5	0.288	AT/GG	1	0.000428	NA	NA	NA
rs2071040	79.6	0.298	AA/GG	1	0.000398	NA	NA	NA
rs77223362	79.9	0.115	AG/GA	1	0.274	NA	NA	NA
rs28552648	80.4	0.115	AG/GA	1	0.276	NA	NA	NA
rs3755801	80.6	0.116	AG/GA	1	0.224	NA	NA	NA
rs3755803	80.9	0.293	AC/GG	1	3e-04	NA	NA	NA
rs7652667	81.3	0.526	AA/GC	1	3.72e-05	0	6.71859382241805e-05	0.996916546494562
rs11915546	81.6	0.526	AC/GA	1	3.87e-05	0	6.47114678949156e-05	0.997046936368426
rs79664140	81.7	0.115	AA/GG	1	0.264	NA	NA	NA
rs60332615	82.4	0.528	AA/GC	1	4.53e-05	0	5.57309944239933e-05	0.99777215124751
rs11918800	82.9	0.528	AA/GG	1	2.94e-05	0	8.40152570208783e-05	0.996089754302781
rs13083728	83.2	0.295	AG/GA	1	0.000248	NA	NA	NA
rs76029595	83.3	0.115	AC/GT	1	0.347	NA	NA	NA
rs11922961	83.4	0.523	AC/GT	1	4.27e-05	0	5.89448579305729e-05	0.99760204875573
rs2276823	84	0.505	AA/GC	1	2.91e-05	0	8.48383342310434e-05	0.99600573904576
rs1573815	84.9	0.293	AG/GA	1	0.000251	NA	NA	NA
rs4687662	85.1	0.274	AC/GT	1	0.00616	NA	NA	NA
rs4687663	85.4	0.293	AT/GA	1	0.000295	NA	NA	NA
rs1139106	85.9	0.116	AG/GA	1	0.356	NA	NA	NA
rs3733047	86.7	0.293	AG/GA	1	0.000236	NA	NA	NA
rs11626	88.7	0.108	AC/GT	1	0.17	NA	NA	NA
rs6445538	89	0.306	AT/GC	1	0.000494	NA	NA	NA
rs6445539	89.1	0.305	AG/GA	1	0.000484	NA	NA	NA
rs6769789	89.2	0.528	AT/GC	1	4.33e-05	0	5.81697376002777e-05	0.997660218493331
rs56019197	89.5	0.524	AC/GT	1	3.93e-05	0	6.37733916180539e-05	0.99717463754885
rs7638524	89.6	0.305	AG/GA	1	0.000455	NA	NA	NA
rs11718060	90.3	0.107	AG/GA	1	0.206	NA	NA	NA
rs11719137	91.2	0.533	AT/GG	1	4.67e-05	0	5.4145388015345e-05	0.997881110049123
rs56214994	93.4	0.531	AC/GG	1	3.92e-05	0	6.39277888059645e-05	0.997110864157232
rs6445541	94.9	0.533	AG/GT	1	1.93e-05	0	0.000125394106797559	0.994412910590716
rs4687672	95.3	0.303	AG/GA	1	0.000391	NA	NA	NA
rs2001732	95.5	0.103	AC/GT	1	0.294	NA	NA	NA
rs11715347	97.8	0.531	AT/GC	1	4.05e-05	0	6.19787656103505e-05	0.997362793980612
rs13080929	99.9	0.108	AA/GC	1	0.217	NA	NA	NA
rs2336558	101	0.531	AT/GC	1	3.3e-05	0	7.52815216817168e-05	0.99656626186389
rs12496077	101	0.303	AG/GA	1	4e-04	NA	NA	NA
rs2276825	101	0.315	AT/GC	1	0.000206	NA	NA	NA
rs9682464	103	0.315	AC/GT	1	0.000196	NA	NA	NA
rs4687676	105	0.109	AT/GC	1	0.243	NA	NA	NA
rs4687556	105	0.109	AC/GT	1	0.299	NA	NA	NA
rs9637477	106	0.109	AC/GG	1	0.291	NA	NA	NA
rs7630552	106	0.531	AC/GG	1	2.85e-05	0	8.65352963677582e-05	0.995835222538082
rs7620690	106	0.531	AG/GA	1	2.88e-05	0	8.56781734468412e-05	0.995920900711529
rs7620706	107	0.306	AA/GT	1	0.000476	NA	NA	NA
rs56136581	107	0.1	AT/GC	1	0.14	NA	NA	NA
rs7612624	108	0.531	AC/GT	1	3.96e-05	0	6.33147725433887e-05	0.997237952321394
rs6798941	108	0.394	AC/GT	1	0.000135	NA	NA	NA
rs12487379	111	0.521	AG/GA	1	6.09e-05	0	4.21027815190495e-05	0.998486593129846
rs77572134	111	0.102	AT/GC	1	0.373	NA	NA	NA
rs13072537	111	0.517	AC/GA	1	6.12e-05	0	4.19073474483208e-05	0.998528500477294
rs11708390	111	0.107	AC/GA	1	0.292	NA	NA	NA
rs11130329	112	0.107	AA/GC	1	0.304	NA	NA	NA
rs6773650	112	0.487	AA/GT	1	0.000123	0	2.167043581066e-05	0.999695449016992
rs4350911	113	0.487	AT/GC	1	0.00013	0	2.0568868833593e-05	0.999757763461392
rs6764322	113	0.487	AT/GC	1	0.000144	0	1.86795092998528e-05	0.999853983426877
rs4687559	113	0.305	AC/GT	1	0.000435	NA	NA	NA
rs4687560	113	0.305	AT/GG	1	0.000491	NA	NA	NA
rs4687679	114	0.466	AC/GG	1	0.000148	0	1.82037477754464e-05	0.999872187174652
rs9825230	117	0.47	AG/GA	1	9.96e-05	0	2.64438126693267e-05	0.999339361042079
rs9836499	119	0.483	AT/GG	1	0.000101	0	2.60976650589946e-05	0.999391802656099
rs4302374	121	0.285	AT/GC	1	0.000322	NA	NA	NA
rs6797399	121	0.285	AG/GA	1	0.000395	NA	NA	NA
rs4687680	122	0.466	AG/GA	1	8.58e-05	0	3.04437922320582e-05	0.999056245945208
rs56383738	123	0.466	AC/GT	1	0.000129	0	2.07190996061888e-05	0.999737194592559
rs6445547	123	0.285	AT/GC	1	0.000423	NA	NA	NA
rs9839035	125	0.285	AC/GT	1	0.000405	NA	NA	NA
rs9850563	127	0.466	AA/GG	1	0.00012	0	2.21808466776625e-05	0.999651770612369
rs12492391	127	0.47	AC/GA	1	0.000121	0	2.20079688127509e-05	0.999673778581181
rs3821873	128	0.466	AT/GC	1	0.000141	0	1.90535793649859e-05	0.999835303917577
rs9860296	129	0.466	AT/GC	1	0.000127	0	2.102647596067e-05	0.999716475492953
rs2336666	130	0.305	AC/GT	1	0.000661	NA	NA	NA
rs2336667	131	0.487	AT/GC	1	0.000155	0	1.74287869844426e-05	0.999907591103153
rs9876403	132	0.305	AC/GT	1	0.000536	NA	NA	NA
rs4687682	132	0.489	AC/GT	1	0.000141	0	1.90535793649859e-05	0.999816250338212
rs4687562	133	0.487	AT/GC	1	0.000163	0	1.66226105085203e-05	0.999924213713662
rs4687683	133	0.487	AG/GT	1	0.000215	0	1.28135147329892e-05	0.999964850406635
rs4687684	133	0.487	AT/GC	1	0.000232	0	1.19300934808039e-05	0.999989161959306
rs2878762	134	0.33	AT/GC	1	0.000113	NA	NA	NA
rs2336668	134	0.487	AT/GG	1	0.000199	0	1.37788830454558e-05	0.999952036891902
rs12638968	134	0.492	AA/GT	1	0.000195	0	1.40442951945481e-05	0.999938258008856
rs6795646	137	0.466	AT/GC	1	0.000117	0	2.2716755207929e-05	0.999607054597833
rs9880978	138	0.466	AC/GG	1	0.000134	0	1.99898098860702e-05	0.999777753271279
rs9810807	139	0.466	AT/GC	1	0.00015	0	1.79751415165919e-05	0.999890162316169
rs9836178	140	0.29	AC/GT	1	0.000231	NA	NA	NA
rs73084914	144	0.102	AA/GG	1	0.314	NA	NA	NA
rs9844736	147	0.283	AG/GT	1	0.00013	NA	NA	NA
rs6773040	150	0.278	AA/GC	1	0.000255	NA	NA	NA
rs11922975	152	0.459	AT/GC	1	4.76e-05	0	5.31742066750061e-05	0.997934284255799
rs1134546	153	0.278	AA/GG	1	0.000255	NA	NA	NA
rs7626551	153	0.459	AG/GC	1	4.87e-05	0	5.20348466503701e-05	0.998038865542941
rs9865248	159	0.48	AT/GC	1	4.88e-05	0	5.1933756782423e-05	0.998090799299723
rs9871175	161	0.48	AA/GG	1	4.82e-05	0	5.254644049209e-05	0.997986830696291
rs4687687	163	0.48	AG/GA	1	5.61e-05	0	4.55068878337368e-05	0.998231654410301
rs4687689	163	0.485	AC/GA	1	7.36e-05	0	3.51938976218205e-05	0.99879783386464
rs11708337	164	0.102	AA/GG	1	0.235	NA	NA	NA
rs4608686	165	0.102	AA/GG	1	0.315	NA	NA	NA
rs12629687	165	0.485	AC/GT	1	3.11e-05	0	7.96446699661184e-05	0.996414375036436
rs2336162	166	0.295	AT/GC	1	0.000256	NA	NA	NA
rs3733034	167	0.101	AC/GT	1	0.314	NA	NA	NA
rs9880619	168	0.485	AA/GG	1	3.65e-05	0	6.84086699213259e-05	0.996849360556338
rs6762260	168	0.102	AT/GC	1	0.306	NA	NA	NA
rs9985365	169	0.485	AG/GA	1	3.09e-05	0	8.0134445832228e-05	0.99633473036647
rs73839535	169	0.102	AT/GC	1	0.295	NA	NA	NA
rs3733035	171	0.102	AA/GG	1	0.288	NA	NA	NA
rs11130331	172	0.485	AA/GG	1	3.41e-05	0	7.29729266592107e-05	0.996639234790549
rs61473083	172	0.101	AT/GC	1	0.287	NA	NA	NA
rs13095705	173	0.102	AC/GT	1	0.241	NA	NA	NA
rs2710342	173	0.295	AC/GT	1	0.000398	NA	NA	NA
rs11720488	173	0.101	AG/GA	1	0.265	NA	NA	NA
rs11713376	174	0.101	AA/GG	1	0.274	NA	NA	NA
rs11705797	174	0.101	AG/GA	1	0.279	NA	NA	NA
rs9847024	174	0.291	AA/GC	1	0.000244	NA	NA	NA
rs2581810	176	0.29	AT/GC	1	0.000114	NA	NA	NA
rs13082061	178	0.29	AG/GC	1	0.000134	NA	NA	NA
rs2710339	180	0.416	AA/GG	1	7.86e-05	0	3.30731628307512e-05	0.998932274960842
rs2581827	181	0.416	AT/GC	1	6.84e-05	0	3.7719865810052e-05	0.99872651692503
rs2257216	183	0.414	AC/GT	1	6.28e-05	0	4.08958321296724e-05	0.998569396309424
rs2710314	184	0.416	AC/GT	1	6.06e-05	0	4.23001044511627e-05	0.998444490348326
rs2710313	184	0.416	AA/GT	1	5.98e-05	0	4.28357462552167e-05	0.998274490156556
rs2581797	187	0.29	AT/GC	1	0.000105	NA	NA	NA
rs2581801	188	0.29	AT/GG	1	8.48e-05	NA	NA	NA
rs2581802	188	0.29	AT/GA	1	8.29e-05	NA	NA	NA
rs2710346	189	0.416	AT/GC	1	7.48e-05	0	3.46596964667288e-05	0.998832493561107
rs2710345	191	0.29	AC/GT	1	8.85e-05	NA	NA	NA
rs7621939	191	0.295	AC/GT	1	7.34e-05	NA	NA	NA
rs62253605	193	0.255	AC/GT	1	0.0471	NA	NA	NA
rs2710332	193	0.295	AG/GA	1	0.00545	NA	NA	NA
rs2581805	194	0.29	AC/GT	1	6.5e-05	NA	NA	NA
rs35380116	194	0.29	AG/GA	1	0.000117	NA	NA	NA
rs11130332	196	0.288	AT/GA	1	0.000119	NA	NA	NA
rs2581815	197	0.29	AC/GG	1	0.000116	NA	NA	NA
rs2952830	197	0.295	AA/GG	1	0.00873	NA	NA	NA
rs7648514	198	0.286	AC/GG	1	0.000117	NA	NA	NA
rs6445550	198	0.293	AG/GA	1	8.7e-05	NA	NA	NA
rs11708223	199	0.286	AG/GA	1	0.000129	NA	NA	NA
rs9865094	200	0.286	AC/GG	1	0.000141	NA	NA	NA
rs9831409	200	0.288	AT/GA	1	0.000143	NA	NA	NA
rs36051354	201	0.251	AC/GT	1	0.0432	NA	NA	NA
rs9311485	202	0.288	AG/GT	1	0.000153	NA	NA	NA
rs2439434	206	0.414	AA/GG	1	7.78e-05	0	3.33945996115098e-05	0.998865888160718
rs2465101	206	0.414	AT/GA	1	0.000103	0	2.56190929884947e-05	0.999443040842076
rs2336669	209	0.293	AA/GG	1	0.000105	NA	NA	NA
rs2581803	210	0.412	AA/GG	1	0.000115	0	2.30891620806298e-05	0.999584337842625
rs6770957	210	0.291	AT/GC	1	0.000109	NA	NA	NA
rs2710326	210	0.412	AC/GT	1	9.46e-05	0	2.77615371037634e-05	0.999285645428741
rs4515041	211	0.414	AA/GT	1	9.28e-05	0	2.82697939745293e-05	0.999229955045115
rs7652131	212	0.293	AC/GT	1	0.000102	NA	NA	NA
rs4519686	213	0.288	AC/GT	1	0.000114	NA	NA	NA
rs2336670	213	0.414	AG/GT	1	8.4e-05	0	3.10598925202588e-05	0.998995257434973
rs9812543	215	0.293	AG/GA	1	0.000108	NA	NA	NA
rs11707576	216	0.288	AT/GC	1	8.18e-05	NA	NA	NA
rs9823697	217	0.412	AA/GG	1	6.04e-05	0	4.24327161278993e-05	0.998402190243875
rs2336671	217	0.288	AC/GT	1	0.000119	NA	NA	NA
rs2245424	218	0.414	AC/GG	1	7.8e-05	0	3.33136372929086e-05	0.998899201798011
rs6792578	219	0.288	AG/GA	1	9.05e-05	NA	NA	NA
rs6768844	219	0.286	AC/GT	1	9.52e-05	NA	NA	NA
rs2336672	223	0.412	AT/GC	1	9.26e-05	0	2.83274563647553e-05	0.999201685251141
rs9846976	223	0.288	AT/GC	1	0.000161	NA	NA	NA
rs6801235	224	0.414	AT/GC	1	0.000113	0	2.34744142845923e-05	0.999514879377524
rs9842974	226	0.288	AC/GA	1	0.000115	NA	NA	NA
rs2581816	229	0.414	AC/GT	1	8.8e-05	0	2.97241901846003e-05	0.999116082424649
rs2581819	231	0.414	AA/GC	1	0.000118	0	2.25351678575694e-05	0.999629589765691
rs2564930	232	0.414	AC/GT	1	9.64e-05	0	2.72718006691451e-05	0.99931291722941
rs2581820	235	0.288	AG/GA	1	0.000136	NA	NA	NA
rs2564931	235	0.118	AA/GG	1	0.388	NA	NA	NA
rs2581821	236	0.253	AG/GT	1	0.0347	NA	NA	NA
rs2581822	237	0.253	AA/GG	1	0.0343	NA	NA	NA
rs2564932	237	0.253	AA/GC	1	0.0349	NA	NA	NA
rs2581823	237	0.288	AG/GC	1	0.000154	NA	NA	NA
rs2581824	237	0.118	AA/GC	1	0.362	NA	NA	NA
rs2564933	238	0.253	AC/GA	1	0.0384	NA	NA	NA
rs2564934	239	0.118	AA/GG	1	0.395	NA	NA	NA
rs2564936	240	0.118	AC/GA	1	0.414	NA	NA	NA
rs2564937	241	0.118	AT/GC	1	0.403	NA	NA	NA
rs6771610	241	0.293	AT/GC	1	7.87e-05	NA	NA	NA
rs2564938	241	0.118	AT/GC	1	0.404	NA	NA	NA
rs1529544	254	0.116	AA/GG	1	0.512	NA	NA	NA
rs11715894	255	0.118	AA/GT	1	0.563	NA	NA	NA
rs2581796	255	0.288	AG/GA	1	5.34e-05	NA	NA	NA
rs4687692	257	0.288	AC/GA	1	4.46e-05	NA	NA	NA
rs2564947	261	0.29	AT/GC	1	6.91e-05	NA	NA	NA
rs4687694	264	0.115	AC/GT	1	0.635	NA	NA	NA
rs2581776	269	0.251	AA/GG	1	0.0359	NA	NA	NA
rs2581777	269	0.251	AC/GT	1	0.0356	NA	NA	NA
rs2581778	270	0.115	AA/GG	1	0.524	NA	NA	NA
rs2244552	270	0.115	AG/GA	1	0.526	NA	NA	NA
rs2244461	271	0.251	AA/GG	1	0.0311	NA	NA	NA
rs2581779	271	0.288	AC/GT	1	5.21e-05	NA	NA	NA
rs2581780	274	0.288	AT/GC	1	4.2e-05	NA	NA	NA
rs77058023	274	0.137	AT/GC	1	0.00451	NA	NA	NA
rs2564951	275	0.31	AT/GC	1	0.00948	NA	NA	NA
rs2255107	275	0.25	AT/GC	1	5.94e-07	NA	NA	NA
rs9847710	277	0.111	AC/GT	1	0.483	NA	NA	NA
rs2581806	278	0.245	AG/GA	1	0.0277	NA	NA	NA
rs12489490	279	0.298	AC/GA	1	1.69e-05	NA	NA	NA
rs71301803	283	0.303	AC/GT	1	2.49e-05	NA	NA	NA
rs11709427	283	0.113	AT/GC	1	0.68	NA	NA	NA
rs2564956	285	0.113	AT/GC	1	0.55	NA	NA	NA
rs17304995	286	0.301	AA/GG	1	1.73e-05	NA	NA	NA
rs2581818	286	0.248	AA/GC	1	0.0267	NA	NA	NA
rs2581817	287	0.113	AC/GG	1	0.547	NA	NA	NA
rs9818819	292	0.248	AG/GT	1	0.0241	NA	NA	NA
rs7613013	293	0.248	AG/GA	1	0.0233	NA	NA	NA
rs34230854	293	0.301	AC/GA	1	1.19e-05	NA	NA	NA
rs6808387	294	0.117	AC/GT	1	0.337	NA	NA	NA
rs7644973	298	0.303	AC/GT	1	1.28e-05	NA	NA	NA
rs7647960	299	0.248	AG/GC	1	0.0317	NA	NA	NA
rs7617501	299	0.248	AC/GT	1	0.0316	NA	NA	NA
rs2581812	300	0.306	AA/GG	1	0.00661	NA	NA	NA
rs71301807	300	0.305	AC/GG	1	9.91e-06	NA	NA	NA
rs2581811	301	0.248	AC/GT	1	0.0318	NA	NA	NA
rs12488768	301	0.114	AC/GT	1	0.728	NA	NA	NA
rs13088455	302	0.114	AC/GG	1	0.768	NA	NA	NA
rs9831861	303	0.112	AT/GG	1	0.908	NA	NA	NA
rs11923593	304	0.244	AG/GA	1	0.0381	NA	NA	NA
rs2581808	304	0.244	AT/GC	1	0.0372	NA	NA	NA
rs2581809	304	0.244	AC/GG	1	0.0371	NA	NA	NA
rs4687697	305	0.114	AC/GT	1	0.79	NA	NA	NA
rs7647313	306	0.244	AA/GG	1	0.0222	NA	NA	NA
rs7625909	306	0.244	AT/GC	1	0.053	NA	NA	NA
rs12632240	307	0.244	AT/GC	1	0.0458	NA	NA	NA
rs9870898	307	0.303	AA/GG	1	2.44e-05	NA	NA	NA
rs11712910	309	0.283	AA/GC	1	0.00558	NA	NA	NA
rs11923572	311	0.421	AT/GC	1	2.82e-05	0	8.74102466587475e-05	0.995748687241715
rs11915851	311	0.421	AG/GA	1	2.98e-05	0	8.29430322067453e-05	0.996172697334988
rs2581789	311	0.421	AT/GC	1	2.25e-05	0	0.000108354041620089	0.994858509958788
rs6794389	311	0.305	AA/GG	1	2.37e-05	NA	NA	NA
rs6805298	311	0.305	AG/GA	1	2.78e-05	NA	NA	NA
rs4687698	312	0.305	AC/GT	1	2.56e-05	NA	NA	NA
rs6445558	312	0.114	AG/GT	1	0.63	NA	NA	NA
rs59989280	314	0.305	AT/GC	1	1.9e-05	NA	NA	NA
rs6789219	314	0.305	AC/GG	1	2.06e-05	NA	NA	NA
rs6770152	315	0.114	AG/GT	1	0.907	NA	NA	NA
rs4687699	316	0.303	AC/GT	1	2.18e-05	NA	NA	NA
rs6799185	316	0.421	AC/GT	1	3.02e-05	0	8.18985856498732e-05	0.996254595920638
rs2581790	317	0.246	AC/GT	1	0.0475	NA	NA	NA
rs2115780	358	0.23	AA/GG	1	0.242	NA	NA	NA
rs11713763	375	0.39	AG/GA	1	0.000202	NA	NA	NA
rs1080500	390	0.379	AG/GA	1	0.00118	NA	NA	NA
rs7634447	440	0.161	AA/GC	1	0.0795	NA	NA	NA
rs7643235	442	0.181	AT/GC	1	0.0953	NA	NA	NA
rs9845906	445	0.152	AC/GG	1	0.709	NA	NA	NA
rs11721257	445	0.107	AA/GG	1	6.24e-05	NA	NA	NA
rs11713513	445	0.104	AG/GA	1	4.54e-05	NA	NA	NA
rs11130355	447	0.153	AG/GA	1	0.513	NA	NA	NA
rs11919522	450	0.167	AG/GA	1	0.083	NA	NA	NA
rs11721183	452	0.167	AT/GC	1	0.075	NA	NA	NA
rs13100572	452	0.164	AG/GA	1	0.0721	NA	NA	NA
rs11717404	454	0.182	AC/GT	1	0.0436	NA	NA	NA
rs12152320	455	0.182	AA/GT	1	0.0587	NA	NA	NA
rs7426478	456	0.15	AT/GC	1	0.56	NA	NA	NA
rs4687712	456	0.188	AG/GA	1	0.0418	NA	NA	NA
rs35416537	459	0.15	AG/GA	1	0.576	NA	NA	NA
rs6769824	459	0.146	AG/GA	1	0.621	NA	NA	NA
rs6772648	459	0.146	AC/GT	1	0.652	NA	NA	NA
rs6806033	459	0.167	AT/GC	1	0.0743	NA	NA	NA
rs4687572	460	0.167	AT/GG	1	0.0669	NA	NA	NA
rs11130357	460	0.167	AA/GC	1	0.0403	NA	NA	NA
rs7620260	461	0.167	AG/GA	1	0.0306	NA	NA	NA
rs6445569	461	0.15	AC/GT	1	0.576	NA	NA	NA
rs6764139	461	0.167	AA/GC	1	0.0656	NA	NA	NA
rs6764476	461	0.167	AT/GC	1	0.0655	NA	NA	NA
rs34041412	462	0.182	AT/GA	1	0.0348	NA	NA	NA
rs35209711	462	0.184	AA/GG	1	0.0368	NA	NA	NA
rs6779976	462	0.167	AG/GA	1	0.0609	NA	NA	NA
rs4687713	462	0.15	AT/GC	1	0.555	NA	NA	NA
rs35029290	464	0.164	AA/GG	1	0.0628	NA	NA	NA
rs55762522	464	0.146	AG/GA	1	0.538	NA	NA	NA
rs36031811	464	0.164	AA/GG	1	0.0647	NA	NA	NA
rs12374008	464	0.179	AC/GT	1	0.0329	NA	NA	NA
rs6445571	465	0.15	AT/GC	1	0.45	NA	NA	NA
rs11715417	468	0.134	AG/GT	1	0.548	NA	NA	NA
rs7647990	471	0.138	AA/GG	1	0.497	NA	NA	NA
rs66499453	472	0.136	AA/GG	1	0.478	NA	NA	NA
rs2279321	475	0.136	AA/GG	1	0.545	NA	NA	NA
rs12629312	488	0.128	AA/GG	1	0.4	NA	NA	NA
rs12487632	490	0.136	AC/GT	1	0.0393	NA	NA	NA
rs7610113	491	0.143	AT/GC	1	0.467	NA	NA	NA
rs12493802	493	0.141	AC/GT	1	0.0244	NA	NA	NA
rs9820979	493	0.144	AA/GG	1	0.494	NA	NA	NA
rs7646760	493	0.143	AC/GA	1	0.468	NA	NA	NA
rs12485313	494	0.147	AT/GG	1	0.557	NA	NA	NA
rs7627444	495	0.142	AG/GC	1	0.0344	NA	NA	NA
rs7617474	495	0.147	AA/GG	1	0.856	NA	NA	NA
rs7630632	496	0.142	AG/GT	1	0.0385	NA	NA	NA
rs7625237	496	0.154	AT/GC	1	0.131	NA	NA	NA
rs11720625	497	0.115	AC/GG	1	0.0695	NA	NA	NA
rs7637934	509	0.111	AG/GT	1	0.649	NA	NA	NA
rs17052957	509	0.112	AT/GG	1	0.592	NA	NA	NA
rs931254	511	0.112	AT/GC	1	0.641	NA	NA	NA
rs9856552	512	0.112	AC/GT	1	0.622	NA	NA	NA
rs7620395	526	0.108	AA/GC	1	0.515	NA	NA	NA
rs13063111	541	0.1	AC/GA	1	0.75	NA	NA	NA
rs7641238	547	0.111	AT/GC	1	0.57	NA	NA	NA
rs6804620	550	0.11	AA/GG	1	0.583	NA	NA	NA
rs2170675	550	0.111	AG/GT	1	0.464	NA	NA	NA
rs13100097	554	0.11	AT/GC	1	0.397	NA	NA	NA
rs12637463	555	0.111	AG/GT	1	0.626	NA	NA	NA
rs2358619	559	0.11	AT/GC	1	0.61	NA	NA	NA
rs7374211	564	0.106	AA/GG	1	0.532	NA	NA	NA
rs4404439	572	0.11	AC/GT	1	0.41	NA	NA	NA
rs6806814	573	0.11	AG/GC	1	0.565	NA	NA	NA
rs922958	575	0.11	AA/GG	1	0.537	NA	NA	NA
rs4687723	576	0.11	AT/GC	1	0.542	NA	NA	NA
rs6445576	577	0.11	AC/GT	1	0.53	NA	NA	NA
rs6804517	585	0.108	AA/GG	1	0.389	NA	NA	NA
rs1038395	589	0.11	AC/GT	1	0.547	NA	NA	NA
rs7649934	590	0.11	AT/GC	1	0.496	NA	NA	NA
rs12491493	591	0.11	AT/GG	1	0.345	NA	NA	NA
rs62257012	598	0.11	AG/GA	1	0.635	NA	NA	NA
rs2129011	609	0.11	AT/GA	1	0.581	NA	NA	NA
rs2358734	610	0.11	AT/GC	1	0.517	NA	NA	NA
rs2884525	612	0.11	AT/GC	1	0.517	NA	NA	NA
rs11719367	612	0.11	AT/GG	1	0.528	NA	NA	NA
rs6445579	624	0.11	AA/GG	1	0.384	NA	NA	NA
rs752859	628	0.11	AT/GC	1	0.52	NA	NA	NA
rs2171292	629	0.11	AT/GC	1	0.559	NA	NA	NA
rs4687726	632	0.11	AA/GG	1	0.652	NA	NA	NA
rs6445580	640	0.11	AA/GG	1	0.554	NA	NA	NA
rs6790961	641	0.11	AA/GG	1	0.547	NA	NA	NA
rs4370021	647	0.11	AA/GG	1	0.509	NA	NA	NA
rs4687728	649	0.11	AT/GC	1	0.551	NA	NA	NA
rs495024	650	0.106	AG/GA	1	0.633	NA	NA	NA
rs7653192	651	0.11	AT/GC	1	0.547	NA	NA	NA
rs11716719	654	0.11	AG/GC	1	0.58	NA	NA	NA
rs542739	657	0.111	AC/GT	1	0.702	NA	NA	NA
rs608439	657	0.111	AG/GC	1	0.789	NA	NA	NA
rs4687578	658	0.111	AA/GG	1	0.764	NA	NA	NA
rs660746	669	0.102	AG/GT	1	0.308	NA	NA	NA
rs1531876	672	0.118	AA/GG	1	0.0618	NA	NA	NA
rs667217	681	0.1	AT/GC	1	0.258	NA	NA	NA
rs664030	682	0.1	AT/GC	1	0.241	NA	NA	NA
rs793197	687	0.11	AG/GA	1	0.367	NA	NA	NA
rs3111308	693	0.11	AG/GC	1	0.449	NA	NA	NA
rs554326	696	0.106	AT/GC	1	0.554	NA	NA	NA
rs2930177	698	0.106	AA/GG	1	0.532	NA	NA	NA
