SNP	KB	R2	Alleles	F	P	inCredible	probNorm	cumSum
rs12807357	0	1	T	1	1.98e-10	1	0.0566515846441083	0.0566515846441083
rs12364489	-327	0.105	TC/CT	1	0.199	NA	NA	NA
rs2649664	-296	0.106	TC/CT	1	0.0879	NA	NA	NA
rs2848627	-295	0.106	TT/CA	1	0.0923	NA	NA	NA
rs2509897	-294	0.107	TG/CC	1	0.0665	NA	NA	NA
rs28362947	-288	0.47	TG/CC	1	0.000916	0	2.2294313734838e-08	0.999999850252112
rs28362948	-288	0.47	TC/CA	1	0.000881	0	2.31140644893071e-08	0.999999827957798
rs11229063	-287	0.47	TA/CG	1	0.000947	0	2.16173272400601e-08	0.999999871869439
rs11820040	-287	0.47	TC/CT	1	0.000971	0	2.11219923405272e-08	0.999999892991431
rs78364821	-286	0.474	TT/CC	1	0.0011	0	1.88192239086222e-08	0.999999932364871
rs76525968	-286	0.47	TT/CG	1	0.00126	0	1.65998755165874e-08	0.999999948964747
rs144256346	-285	0.47	TT/CC	1	0.00131	0	1.60141700057698e-08	0.999999964978917
rs28362949	-285	0.474	TT/CG	1	0.00186	0	1.15963192603003e-08	1
rs28362950	-285	0.474	TA/CG	1	0.00185	0	1.16538948016121e-08	0.999999988403681
rs28362951	-284	0.474	TG/CA	1	0.00183	0	1.17708691641691e-08	0.999999976749786
rs11603020	-283	0.474	TC/CT	1	0.000653	0	3.05241859005476e-08	0.999999473835516
rs11229066	-282	0.474	TG/CC	1	0.000661	0	3.01805029166296e-08	0.999999504016019
rs11229067	-282	0.474	TT/CG	1	0.000664	0	3.00536931674669e-08	0.999999534069713
rs78624400	-281	0.474	TC/CG	1	0.000725	0	2.76963712417785e-08	0.999999678318159
rs138770460	-281	0.474	TA/CG	1	0.000794	0	2.54543361202315e-08	0.999999730777576
rs3824988	-279	0.474	TG/CA	1	0.001	0	2.05542159487951e-08	0.999999913545647
rs2508443	-279	0.102	TG/CT	1	0.0826	NA	NA	NA
rs10896631	-276	0.49	TC/CT	1	0.00064	0	3.11004368232389e-08	0.999999443311331
rs1557522	-275	0.11	TT/CC	1	0.174	NA	NA	NA
rs4926	-275	0.49	TA/CG	1	0.000811	0	2.49588112723751e-08	0.999999780896779
rs11606677	-274	0.49	TA/CG	1	0.000607	0	3.26706288544046e-08	0.999999284220593
rs11606706	-273	0.49	TT/CG	1	0.00061	0	3.25210762620924e-08	0.999999349412298
rs112764194	-271	0.502	TT/CC	1	0.000848	0	2.39469549241405e-08	0.999999804843734
rs7117896	-268	0.494	TA/CG	1	0.000681	0	2.93555847031764e-08	0.999999622419091
rs11607122	-267	0.49	TA/CG	1	0.000804	0	2.51603909474638e-08	0.999999755937967
rs10896632	-267	0.502	TA/CG	1	0.00068	0	2.93957125623183e-08	0.999999593063506
rs11229075	-266	0.502	TC/CA	1	0.000745	0	2.70050816401319e-08	0.99999970532324
rs2511996	-266	0.117	TT/CC	1	0.138	NA	NA	NA
rs2511994	-265	0.117	TA/CG	1	0.142	NA	NA	NA
rs2511993	-264	0.117	TC/CT	1	0.138	NA	NA	NA
rs2081362	-263	0.117	TT/CG	1	0.141	NA	NA	NA
rs7102271	-260	0.498	TT/CG	1	0.000675	0	2.95980812805573e-08	0.999999563667794
rs112936078	-260	0.498	TG/CA	1	0.000711	0	2.82026962547944e-08	0.999999650621787
rs11229077	-258	0.502	TT/CC	1	0.000628	0	3.16528899460907e-08	0.999999381065188
rs11229078	-258	0.502	TC/CT	1	0.000605	0	3.27711299376063e-08	0.999999251549964
rs11229080	-257	0.502	TC/CT	1	0.000607	0	3.26706288544046e-08	0.999999316891222
rs73480556	-256	0.498	TC/CG	1	0.000639	0	3.1145705665516e-08	0.999999412210894
rs2926664	-256	0.12	TA/CG	1	0.172	NA	NA	NA
rs1647396	-256	0.178	TA/CG	1	0.116	NA	NA	NA
rs73480560	-256	0.509	TT/CC	1	1.59e-05	0	1.01485716894774e-06	0.999997621133744
rs1783826	-254	0.194	TG/CT	1	0.0137	NA	NA	NA
rs10750866	-252	0.609	TG/CA	1	1.31e-05	0	1.22076176468802e-06	0.999995460488471
rs731384	-249	0.647	TA/CG	1	5.56e-06	0	2.76910955458543e-06	0.999992868750317
rs1783827	-247	0.188	TA/CG	1	0.153	NA	NA	NA
rs1647395	-247	0.656	TG/CC	1	2.38e-05	0	6.91144619732985e-07	0.999999218778834
rs55920079	-247	0.66	TC/CT	1	1.79e-05	0	9.0650047083093e-07	0.999998527634214
rs929934	-246	0.193	TC/CT	1	0.138	NA	NA	NA
rs55649513	-246	0.66	TG/CC	1	1.4e-05	0	1.14578810386423e-06	0.999996606276575
rs1783828	-245	0.191	TC/CT	1	0.151	NA	NA	NA
rs2081361	-245	0.66	TT/CC	1	1.16e-05	0	1.37097638937758e-06	0.999994239726706
rs1798177	-245	0.191	TT/CC	1	0.169	NA	NA	NA
rs7947357	-243	0.194	TG/CA	1	0.235	NA	NA	NA
rs1647394	-238	0.28	TT/CC	1	0.102	NA	NA	NA
rs7108113	-238	0.125	TG/CT	1	0.00496	NA	NA	NA
rs1783829	-237	0.282	TC/CT	1	0.102	NA	NA	NA
rs1783983	-236	0.281	TC/CT	1	0.12	NA	NA	NA
rs1631684	-236	0.267	TA/CG	1	0.127	NA	NA	NA
rs1647397	-236	0.273	TA/CT	1	0.0921	NA	NA	NA
rs7117878	-235	0.838	TA/CC	1	7.94e-09	0	0.00155060929754001	0.999333521221535
rs1613592	-233	0.281	TT/CG	1	0.0902	NA	NA	NA
rs10896633	-233	0.838	TC/CT	1	6.15e-09	0	0.00198791955982344	0.997782911923995
rs11229087	-231	0.133	TC/CT	1	0.00358	NA	NA	NA
rs1647403	-230	0.278	TG/CC	1	0.103	NA	NA	NA
rs1783984	-227	0.278	TT/CG	1	0.0838	NA	NA	NA
rs1798172	-227	0.281	TC/CT	1	0.0846	NA	NA	NA
rs1783985	-225	0.28	TA/CG	1	0.0745	NA	NA	NA
rs1267146	-225	0.146	TC/CT	1	0.00137	NA	NA	NA
rs1798173	-225	0.284	TC/CT	1	0.0893	NA	NA	NA
rs515939	-224	0.159	TG/CA	1	0.000808	NA	NA	NA
rs527528	-224	0.856	TT/CC	1	4.13e-10	1	0.0276322362469085	0.503552361688933
rs504921	-223	0.141	TT/CC	1	0.00118	NA	NA	NA
rs499188	-223	0.886	TA/CC	1	2.63e-09	1	0.00454433330437248	0.963658325694227
rs11601607	-222	0.201	TT/CG	1	2.98e-06	NA	NA	NA
rs11602109	-222	0.895	TA/CG	1	8e-10	1	0.0144955251529619	0.748844547488621
rs503037	-220	0.14	TC/CT	1	0.00154	NA	NA	NA
rs1783818	-219	0.33	TT/CC	1	0.0272	NA	NA	NA
rs540234	-216	0.14	TG/CA	1	0.00155	NA	NA	NA
rs604344	-213	0.14	TC/CG	1	0.00138	NA	NA	NA
rs517638	-213	0.14	TC/CA	1	0.00153	NA	NA	NA
rs12805841	-213	0.9	TA/CG	1	1.38e-09	1	0.00851827042951076	0.832171181316334
rs1624389	-211	0.325	TG/CA	1	0.0261	NA	NA	NA
rs10896636	-209	0.858	TG/CC	1	1.47e-09	1	0.00800954558723316	0.848243736836166
rs509564	-209	0.12	TC/CT	1	0.00061	NA	NA	NA
rs1783980	-209	0.325	TT/CC	1	0.0258	NA	NA	NA
rs1785498	-208	0.325	TG/CC	1	0.0262	NA	NA	NA
rs7124804	-207	0.295	TG/CA	1	0.0065	NA	NA	NA
rs669433	-207	0.14	TC/CT	1	0.00126	NA	NA	NA
rs488769	-206	0.846	TC/CA	1	4.69e-09	1	0.00258768541189727	0.986702970988227
rs1783981	-206	0.329	TC/CT	1	0.0276	NA	NA	NA
rs549279	-205	0.141	TG/CA	1	0.00185	NA	NA	NA
rs669950	-204	0.14	TT/CC	1	0.00142	NA	NA	NA
rs7121169	-204	0.9	TA/CG	1	1.56e-09	1	0.00755885494191231	0.879160615867306
rs504311	-204	0.14	TC/CT	1	0.00143	NA	NA	NA
rs12362166	-204	0.9	TT/CC	1	1.46e-09	1	0.00806300993259832	0.840234191248933
rs549022	-201	0.14	TC/CT	1	0.00146	NA	NA	NA
rs12801694	-197	0.14	TC/CT	1	0.047	NA	NA	NA
rs1783976	-194	0.329	TC/CT	1	0.0168	NA	NA	NA
rs1783977	-194	0.325	TC/CT	1	0.0238	NA	NA	NA
rs79740710	-194	0.9	TT/CC	1	1.37e-09	1	0.00857887050326172	0.823652910886824
rs1783978	-193	0.33	TC/CT	1	0.0244	NA	NA	NA
rs12804972	-193	0.9	TC/CT	1	1.51e-09	1	0.00780268601838876	0.863849108872943
rs2926656	-192	0.895	TT/CC	1	1.68e-09	1	0.00703220308330439	0.907939661678825
rs11604333	-190	0.9	TG/CC	1	1.52e-09	1	0.00775265205245024	0.871601760925394
rs1783979	-189	0.325	TC/CT	1	0.0238	NA	NA	NA
rs1785499	-188	0.33	TG/CT	1	0.0259	NA	NA	NA
rs544446	-186	0.14	TT/CC	1	0.00163	NA	NA	NA
rs1783824	-184	0.33	TG/CA	1	0.0257	NA	NA	NA
rs61888873	-183	0.14	TG/CA	1	0.0016	NA	NA	NA
rs491719	-181	0.14	TG/CA	1	0.00161	NA	NA	NA
rs56406844	-179	0.153	TA/CC	1	0.00563	NA	NA	NA
rs1647405	-179	0.891	TT/CC	1	1.15e-09	1	0.0101751307638818	0.805151195325846
rs1424752	-177	0.14	TA/CC	1	0.00156	NA	NA	NA
rs1424753	-177	0.322	TC/CT	1	0.023	NA	NA	NA
rs576859	-176	0.891	TA/CC	1	1.51e-09	1	0.00780268601838876	0.856046422854555
rs577741	-176	0.14	TC/CG	1	0.00164	NA	NA	NA
rs492131	-176	0.14	TC/CT	1	0.00164	NA	NA	NA
rs7116341	-176	0.9	TA/CG	1	1.69e-09	1	0.00699165171611662	0.921963516478245
rs523985	-176	0.14	TC/CG	1	0.00164	NA	NA	NA
rs480933	-169	0.14	TG/CA	1	0.00164	NA	NA	NA
rs71484461	-168	0.9	TA/CG	1	1.69e-09	1	0.00699165171611662	0.935946819910479
rs2956982	-166	0.33	TG/CA	1	0.0249	NA	NA	NA
rs11229109	-165	0.325	TA/CG	1	0.0229	NA	NA	NA
rs7938083	-163	0.9	TA/CC	1	2.53e-09	1	0.00471917678212795	0.959113992389855
rs36036499	-163	0.325	TT/CC	1	0.0221	NA	NA	NA
rs11607056	-160	0.895	TT/CC	1	1.73e-09	1	0.00683407844355906	0.942780898354038
rs11604325	-160	0.9	TA/CC	1	1.69e-09	1	0.00699165171611662	0.928955168194362
rs12790196	-159	0.9	TT/CC	1	1.67e-09	1	0.00707323417980337	0.90090745859552
rs7105506	-159	0.319	TG/CA	1	0.0219	NA	NA	NA
rs2847308	-159	0.895	TC/CT	1	1.56e-09	1	0.00755885494191231	0.886719470809218
rs78459567	-159	0.157	TG/CA	1	1.04e-08	NA	NA	NA
rs547891	-158	0.895	TC/CT	1	1.84e-09	1	0.0064356691796694	0.949216567533707
rs7117020	-157	0.33	TT/CG	1	0.025	NA	NA	NA
rs527140	-157	0.14	TA/CG	1	0.0016	NA	NA	NA
rs72928102	-156	0.14	TC/CT	1	0.0016	NA	NA	NA
rs2956981	-156	0.33	TC/CT	1	0.0248	NA	NA	NA
rs78224972	-155	0.14	TG/CA	1	0.00167	NA	NA	NA
rs12363024	-154	0.325	TG/CC	1	0.0227	NA	NA	NA
rs536673	-150	0.14	TG/CA	1	0.00167	NA	NA	NA
rs4827	-149	0.9	TT/CC	1	1.68e-09	1	0.00703220308330439	0.914971864762129
rs12146541	-148	0.9	TC/CG	1	1.66e-09	1	0.00711475360649844	0.893834224415717
rs9420	-147	0.843	TA/CG	1	4.16e-08	0	0.00031051241330027	0.999990099640762
rs11229113	-146	0.847	TT/CG	1	3.72e-08	0	0.000346066005927174	0.999679587227462
rs56392705	-139	0.325	TT/CC	1	0.02	NA	NA	NA
rs3017889	-136	0.33	TA/CG	1	0.0199	NA	NA	NA
rs11229115	-136	0.14	TA/CG	1	0.00182	NA	NA	NA
rs486995	-136	0.14	TA/CT	1	0.00193	NA	NA	NA
rs511708	-135	0.14	TT/CG	1	0.00201	NA	NA	NA
rs61888880	-135	0.14	TC/CT	1	0.00201	NA	NA	NA
rs77993055	-134	0.909	TT/CC	1	1.18e-09	1	0.00992284505771581	0.815074040383562
rs11605731	-133	0.909	TG/CC	1	1.12e-09	1	0.0104407667868864	0.794976064561964
rs11601449	-133	0.909	TA/CG	1	1.06e-09	1	0.0110165865999996	0.773619111885101
rs7949841	-132	0.909	TC/CG	1	1.07e-09	1	0.0109161858899771	0.784535297775078
rs12805343	-132	0.314	TC/CA	1	0.0221	NA	NA	NA
rs501738	-131	0.145	TA/CG	1	0.00251	NA	NA	NA
rs558653	-128	0.145	TC/CT	1	0.0028	NA	NA	NA
rs11570176	-127	0.314	TA/CG	1	0.0191	NA	NA	NA
rs7120868	-126	0.314	TT/CG	1	0.0191	NA	NA	NA
rs530094	-126	0.145	TG/CA	1	0.00273	NA	NA	NA
rs12146692	-123	0.286	TG/CA	1	0.018	NA	NA	NA
rs11229116	-122	0.918	TG/CC	1	7.69e-10	1	0.0150652211434744	0.719638225023177
rs17455422	-122	0.316	TC/CT	1	0.0176	NA	NA	NA
rs111336205	-121	0.116	TT/CC	1	0.306	NA	NA	NA
rs10792110	-121	0.321	TC/CT	1	0.0196	NA	NA	NA
rs12270209	-119	0.321	TG/CA	1	0.0196	NA	NA	NA
rs17455520	-116	0.914	TA/CC	1	6.67e-10	1	0.0173086353367762	0.542887636511983
rs537627	-116	0.145	TG/CA	1	0.0028	NA	NA	NA
rs580223	-116	0.144	TT/CA	1	0.00307	NA	NA	NA
rs2156638	-114	0.321	TG/CC	1	0.0196	NA	NA	NA
rs17455626	-112	0.314	TT/CC	1	0.0181	NA	NA	NA
rs541245	-111	0.145	TA/CG	1	0.00264	NA	NA	NA
rs35808061	-110	0.914	TC/CT	1	7.64e-10	1	0.0151613858513863	0.704573003879703
rs12362406	-106	0.133	TA/CG	1	0.0459	NA	NA	NA
rs4611222	-105	0.32	TG/CA	1	0.0204	NA	NA	NA
rs11570181	-101	0.316	TT/CC	1	0.0169	NA	NA	NA
rs12274865	-99.2	0.32	TC/CT	1	0.0193	NA	NA	NA
rs11570190	-96.4	0.918	TC/CA	1	6.88e-10	1	0.0167930267038789	0.576888628241966
rs501054	-95.8	0.145	TG/CT	1	0.00302	NA	NA	NA
rs11229130	-94.7	0.918	TG/CA	1	7.48e-10	1	0.015477649834321	0.673954125903672
rs11229131	-94.4	0.918	TA/CG	1	7.49e-10	1	0.0154574921246452	0.689411618028317
rs10896644	-92.9	0.314	TC/CT	1	0.0163	NA	NA	NA
rs58132137	-92.1	0.145	TG/CA	1	0.0033	NA	NA	NA
rs112976685	-92.1	0.32	TG/CA	1	0.0185	NA	NA	NA
rs567017	-90.6	0.145	TA/CT	1	0.00288	NA	NA	NA
rs483030	-90.1	0.145	TA/CG	1	0.00299	NA	NA	NA
rs653889	-86.5	0.318	TA/CG	1	0.0132	NA	NA	NA
rs3781885	-86.2	0.866	TT/CC	1	5.99e-09	0	0.00203955230746744	0.995794992364171
rs10896647	-85	0.914	TT/CC	1	7.16e-10	1	0.0161520695542091	0.658476476069351
rs11570210	-80.3	0.165	TG/CA	1	2.75e-08	NA	NA	NA
rs612688	-79.8	0.145	TA/CG	1	0.00295	NA	NA	NA
rs581217	-78.5	0.145	TT/CC	1	0.00286	NA	NA	NA
rs665058	-77.7	0.321	TT/CC	1	0.0186	NA	NA	NA
rs658936	-76.3	0.322	TG/CT	1	0.0176	NA	NA	NA
rs623541	-75.3	0.322	TA/CC	1	0.0177	NA	NA	NA
rs708228	-71.2	0.914	TT/CC	1	7.88e-10	1	0.0147107973124817	0.734349022335659
rs10896649	-69.1	0.321	TA/CG	1	0.0181	NA	NA	NA
rs507946	-67.8	0.145	TT/CA	1	0.0029	NA	NA	NA
rs471398	-63.3	0.322	TT/CC	1	0.0204	NA	NA	NA
rs606499	-63.1	0.321	TA/CG	1	0.0164	NA	NA	NA
rs547118	-61.8	0.322	TG/CC	1	0.0164	NA	NA	NA
rs1786438	-59.8	0.322	TG/CT	1	0.0168	NA	NA	NA
rs585337	-59.6	0.322	TT/CC	1	0.0163	NA	NA	NA
rs585761	-59.5	0.321	TA/CG	1	0.0175	NA	NA	NA
rs12807250	-56.6	0.914	TT/CC	1	7.01e-10	1	0.0164891457968453	0.593377774038811
rs656227	-56.3	0.145	TC/CT	1	0.00269	NA	NA	NA
rs639158	-54.9	0.322	TA/CG	1	0.0169	NA	NA	NA
rs627145	-54.4	0.321	TA/CG	1	0.0176	NA	NA	NA
rs652908	-52.9	0.322	TT/CC	1	0.017	NA	NA	NA
rs659165	-47.9	0.3	TA/CC	1	0.0293	NA	NA	NA
rs645145	-47.1	0.314	TG/CT	1	0.0154	NA	NA	NA
rs644219	-46.9	0.314	TC/CT	1	0.0152	NA	NA	NA
rs594233	-46.7	0.145	TT/CC	1	0.00273	NA	NA	NA
rs608648	-45.8	0.145	TA/CG	1	0.00284	NA	NA	NA
rs640767	-44.6	0.145	TA/CG	1	0.00284	NA	NA	NA
rs588612	-44	0.321	TC/CG	1	0.0163	NA	NA	NA
rs79260745	-43.9	0.914	TC/CT	1	7.06e-10	1	0.0163752141243468	0.626128202287504
rs658183	-41.7	0.145	TT/CC	1	0.00261	NA	NA	NA
rs645097	-40.5	0.145	TA/CT	1	0.00261	NA	NA	NA
rs7932091	-38.8	0.918	TT/CA	1	7.14e-10	1	0.016196204227637	0.642324406515141
rs11229148	-35.4	0.918	TT/CA	1	7.06e-10	1	0.0163752141243468	0.609752988163158
rs647264	-34.9	0.145	TC/CT	1	0.00284	NA	NA	NA
rs638864	-34.4	0.145	TG/CA	1	0.0027	NA	NA	NA
rs10750870	-33.1	0.322	TC/CA	1	0.0174	NA	NA	NA
rs2848445	-32.8	0.146	TG/CA	1	0.0027	NA	NA	NA
rs604094	-32.1	0.145	TG/CT	1	0.00266	NA	NA	NA
rs675154	-28.6	0.145	TA/CG	1	0.00262	NA	NA	NA
rs71484468	-24.1	0.918	TC/CG	1	6.71e-10	1	0.0172079650261032	0.560095601538087
rs636807	-23	0.145	TG/CA	1	0.00258	NA	NA	NA
rs652191	-21.9	0.314	TA/CG	1	0.016	NA	NA	NA
rs666021	-21	0.145	TA/CG	1	0.00323	NA	NA	NA
rs671508	-20.3	0.32	TT/CA	1	0.0182	NA	NA	NA
rs682258	-19.7	0.32	TT/CG	1	0.0178	NA	NA	NA
rs7936998	-17.9	0.923	TA/CG	1	5.21e-10	1	0.0220266394862744	0.525579001175207
rs78956812	-17.8	0.237	TT/CC	1	0.055	NA	NA	NA
rs609596	-17.5	0.153	TC/CT	1	0.00351	NA	NA	NA
rs682503	-15.9	0.958	TC/CG	1	4e-10	1	0.028508540619091	0.475920125442024
rs7117205	-15	0.962	TC/CT	1	3.82e-10	1	0.029819187518501	0.417968556142201
rs624759	-14.8	0.156	TC/CT	1	0.00444	NA	NA	NA
rs11601320	-14.3	0.967	TC/CT	1	3.87e-10	1	0.0294430286807323	0.447411584822933
rs6591434	-12.6	0.954	TG/CA	1	3.77e-10	1	0.0302052096475606	0.3881493686237
rs1704781	-9.59	0.154	TG/CC	1	0.00447	NA	NA	NA
rs96894	-7.66	0.154	TG/CA	1	0.00432	NA	NA	NA
rs676205	-7.15	0.154	TT/CC	1	0.00445	NA	NA	NA
rs2509805	-6.11	0.977	TT/CC	1	2.64e-10	1	0.0427733946840271	0.357944158976139
rs616039	-4.97	0.154	TG/CA	1	0.00395	NA	NA	NA
rs615592	-4.87	0.154	TG/CA	1	0.004	NA	NA	NA
rs615556	-4.84	0.154	TG/CC	1	0.00393	NA	NA	NA
rs2509808	-2.3	0.977	TC/CG	1	2.58e-10	1	0.0437446313590846	0.315170764292112
rs78587207	-1.91	0.977	TG/CT	1	2.12e-10	1	0.0529940064627444	0.22054128674474
rs673344	0.239	1	TG/CA	1	2.21e-10	1	0.0508848461882876	0.271426132933028
rs685149	0.511	0.804	TA/CG	1	3.43e-09	1	0.00350884393335978	0.967167169627587
rs686489	2.93	0.324	TA/CG	1	0.0139	NA	NA	NA
rs685110	3.29	0.154	TA/CC	1	0.00323	NA	NA	NA
rs589914	4.13	1	TA/CG	1	2.07e-10	1	0.054244110993779	0.167547280281996
rs644883	6.62	1	TC/CG	1	1.98e-10	1	0.0566515846441083	0.113303169288217
rs627816	6.84	0.155	TA/CG	1	0.00322	NA	NA	NA
rs674094	8.43	0.977	TA/CC	1	8.44e-10	1	0.0137579777964802	0.762602525285101
rs694131	8.53	0.154	TC/CT	1	0.00348	NA	NA	NA
rs694261	8.55	0.154	TC/CT	1	0.00348	NA	NA	NA
rs592785	9.71	0.279	TT/CC	1	0.069	NA	NA	NA
rs593239	10.2	0.315	TT/CC	1	0.00805	NA	NA	NA
rs12790660	10.3	0.916	TC/CT	1	4.42e-09	1	0.00274138666964366	0.981522219835199
rs12798206	11.6	0.916	TG/CT	1	4.37e-09	1	0.00277190694119248	0.978780833165556
rs10896656	12	0.916	TG/CC	1	4.71e-09	1	0.00257699242343336	0.989279963411661
rs626043	12.5	0.321	TG/CA	1	0.00844	NA	NA	NA
rs631791	18.5	0.916	TA/CG	1	5.61e-09	0	0.00217382384826882	0.993755440056704
rs12792253	18.9	0.125	TC/CT	1	0.0306	NA	NA	NA
rs12360939	19	0.916	TT/CC	1	4.3e-09	1	0.00281581240201655	0.976008926224363
rs11229160	19.1	0.916	TT/CC	1	4.68e-09	1	0.00259306574113074	0.98411528557633
rs9645687	19.3	0.916	TC/CT	1	5.29e-09	1	0.00230165279677426	0.991581616208435
rs660763	19.5	0.115	TA/CG	1	0.0555	NA	NA	NA
rs631663	21.4	0.115	TC/CT	1	0.0463	NA	NA	NA
rs10896661	22.1	0.916	TA/CC	1	3.89e-09	1	0.00310427394145763	0.970271443569045
rs10896662	22.2	0.916	TG/CA	1	4.14e-09	1	0.002921670253302	0.973193113822347
rs636388	22.6	0.315	TC/CG	1	0.00832	NA	NA	NA
rs641325	24.9	0.827	TT/CG	1	2.3e-09	1	0.00517824807401968	0.954394815607727
rs681397	25.1	0.319	TG/CT	1	0.0277	NA	NA	NA
rs588713	26.8	0.269	TG/CC	1	0.156	NA	NA	NA
rs600488	27.1	0.277	TC/CT	1	0.0749	NA	NA	NA
rs591322	27.8	0.277	TT/CG	1	0.0718	NA	NA	NA
rs615133	28	0.277	TC/CA	1	0.079	NA	NA	NA
rs633129	28.3	0.277	TG/CA	1	0.0911	NA	NA	NA
rs616911	28.4	0.272	TG/CA	1	0.229	NA	NA	NA
rs662638	29.9	0.275	TC/CT	1	0.0939	NA	NA	NA
rs606731	30.4	0.29	TA/CG	1	0.0339	NA	NA	NA
rs12788836	32.3	0.215	TA/CG	1	0.00345	NA	NA	NA
rs631350	34	0.265	TC/CT	1	0.218	NA	NA	NA
rs12364898	34.6	0.265	TT/CC	1	0.226	NA	NA	NA
rs7942126	34.7	0.215	TG/CA	1	0.0039	NA	NA	NA
rs659313	34.8	0.265	TA/CG	1	0.226	NA	NA	NA
rs659756	35	0.265	TA/CT	1	0.234	NA	NA	NA
rs672537	36.4	0.266	TC/CT	1	0.228	NA	NA	NA
rs687432	37.4	0.204	TA/CC	1	0.00597	NA	NA	NA
rs632052	37.4	0.266	TA/CT	1	0.237	NA	NA	NA
rs609154	39.3	0.202	TC/CT	1	0.00434	NA	NA	NA
rs714942	39.8	0.212	TC/CT	1	0.00249	NA	NA	NA
rs66813766	41.4	0.212	TT/CG	1	0.00259	NA	NA	NA
rs34563263	41.7	0.212	TT/CA	1	0.00294	NA	NA	NA
rs11605267	42.5	0.212	TT/CC	1	0.00311	NA	NA	NA
rs7946863	42.6	0.212	TT/CC	1	0.00313	NA	NA	NA
rs12364646	43.8	0.266	TC/CA	1	0.272	NA	NA	NA
rs11600171	43.9	0.212	TC/CT	1	0.00264	NA	NA	NA
rs34534719	44	0.212	TA/CC	1	0.00262	NA	NA	NA
rs1510420	44.3	0.212	TC/CT	1	0.00263	NA	NA	NA
rs12421773	46.3	0.202	TT/CC	1	0.00483	NA	NA	NA
rs34594669	46.6	0.212	TT/CC	1	0.00303	NA	NA	NA
rs7926999	46.9	0.188	TT/CC	1	0.677	NA	NA	NA
rs1397273	48.4	0.202	TG/CA	1	0.00508	NA	NA	NA
rs56055377	48.7	0.212	TG/CA	1	0.00276	NA	NA	NA
rs11229170	49	0.266	TT/CC	1	0.296	NA	NA	NA
rs7123570	49	0.212	TA/CG	1	0.00305	NA	NA	NA
rs7109912	49.2	0.198	TG/CA	1	0.00504	NA	NA	NA
rs12419176	49.8	0.205	TC/CT	1	0.00449	NA	NA	NA
rs11229171	50.7	0.266	TC/CT	1	0.275	NA	NA	NA
rs35713433	51.5	0.212	TT/CC	1	0.0029	NA	NA	NA
rs7943793	51.6	0.266	TT/CC	1	0.319	NA	NA	NA
rs10792118	52.2	0.266	TG/CA	1	0.306	NA	NA	NA
rs938011	53.1	0.212	TC/CA	1	0.00334	NA	NA	NA
rs11229172	53.1	0.266	TA/CG	1	0.296	NA	NA	NA
rs4245215	56.9	0.266	TG/CA	1	0.276	NA	NA	NA
rs12420220	57.7	0.266	TT/CC	1	0.287	NA	NA	NA
rs1848879	57.9	0.266	TC/CT	1	0.277	NA	NA	NA
rs7126334	58.6	0.212	TG/CA	1	0.0044	NA	NA	NA
rs11229173	58.8	0.266	TA/CG	1	0.297	NA	NA	NA
rs7936212	59.7	0.212	TT/CG	1	0.00304	NA	NA	NA
rs7119218	60.5	0.212	TT/CC	1	0.00331	NA	NA	NA
rs7119973	62	0.266	TT/CA	1	0.266	NA	NA	NA
rs7103977	62.4	0.266	TT/CG	1	0.257	NA	NA	NA
rs11602442	62.6	0.212	TA/CC	1	0.00324	NA	NA	NA
rs7930234	62.9	0.212	TA/CG	1	0.00317	NA	NA	NA
rs6591443	63.1	0.266	TA/CT	1	0.257	NA	NA	NA
rs6591444	67.2	0.276	TA/CG	1	0.000941	NA	NA	NA
rs6591445	67.4	0.267	TA/CG	1	0.331	NA	NA	NA
rs12807528	68.7	0.212	TT/CC	1	0.00326	NA	NA	NA
rs7927640	69.6	0.266	TG/CC	1	0.245	NA	NA	NA
rs11601082	70.2	0.212	TT/CC	1	0.00313	NA	NA	NA
rs7123523	71.9	0.266	TG/CT	1	0.25	NA	NA	NA
rs7123782	72.1	0.246	TG/CA	1	0.42	NA	NA	NA
rs7946468	72.4	0.212	TT/CC	1	0.00324	NA	NA	NA
rs1397275	73.6	0.266	TC/CA	1	0.247	NA	NA	NA
rs12801755	74.1	0.212	TT/CC	1	0.00387	NA	NA	NA
rs7102929	74.2	0.212	TT/CC	1	0.0039	NA	NA	NA
rs12364421	74.2	0.266	TA/CG	1	0.23	NA	NA	NA
rs7926878	76.9	0.209	TC/CT	1	0.00394	NA	NA	NA
rs7927022	77	0.274	TC/CT	1	0.00103	NA	NA	NA
rs12803905	77.1	0.209	TC/CT	1	0.00308	NA	NA	NA
rs12804093	77.2	0.274	TC/CT	1	0.000832	NA	NA	NA
rs12366063	78.2	0.265	TA/CG	1	0.216	NA	NA	NA
rs11229183	78.5	0.262	TG/CA	1	0.182	NA	NA	NA
rs61905278	81.2	0.203	TA/CG	1	0.415	NA	NA	NA
rs12801976	82.1	0.204	TA/CT	1	0.00578	NA	NA	NA
rs1113334	86.4	0.207	TC/CG	1	0.00592	NA	NA	NA
rs1113335	86.5	0.207	TT/CC	1	0.00606	NA	NA	NA
rs4272798	86.7	0.207	TT/CC	1	0.546	NA	NA	NA
rs1113095	86.8	0.186	TC/CG	1	0.299	NA	NA	NA
rs7121128	87	0.207	TC/CA	1	0.00595	NA	NA	NA
rs2089747	88.1	0.207	TA/CG	1	0.00598	NA	NA	NA
rs61905309	89.7	0.204	TT/CG	1	0.00606	NA	NA	NA
rs12792638	94.5	0.201	TA/CG	1	0.00493	NA	NA	NA
rs35241049	94.9	0.188	TT/CA	1	0.234	NA	NA	NA
rs11601223	95.1	0.204	TT/CC	1	0.00509	NA	NA	NA
rs1510418	95.2	0.188	TA/CG	1	0.25	NA	NA	NA
rs7106195	95.4	0.211	TT/CC	1	0.819	NA	NA	NA
rs71484480	96.2	0.211	TG/CA	1	0.821	NA	NA	NA
rs78945376	97	0.154	TC/CT	1	0.196	NA	NA	NA
rs11512731	99.5	0.212	TA/CG	1	0.875	NA	NA	NA
rs11512732	99.7	0.212	TG/CA	1	0.875	NA	NA	NA
rs75695577	100	0.18	TA/CG	1	0.00375	NA	NA	NA
rs12799639	101	0.112	TT/CC	1	0.0397	NA	NA	NA
rs35742790	102	0.18	TA/CG	1	0.00381	NA	NA	NA
rs7949741	103	0.18	TT/CC	1	0.00374	NA	NA	NA
rs7950003	103	0.18	TT/CC	1	0.00368	NA	NA	NA
rs12802044	104	0.18	TC/CT	1	0.00365	NA	NA	NA
rs34015013	112	0.18	TG/CA	1	0.00321	NA	NA	NA
rs11601663	116	0.182	TC/CT	1	0.00414	NA	NA	NA
rs11608016	118	0.182	TT/CC	1	0.00417	NA	NA	NA
rs10792125	126	0.182	TA/CC	1	0.00497	NA	NA	NA
rs7121139	126	0.182	TT/CC	1	0.00486	NA	NA	NA
rs3851121	130	0.101	TC/CG	1	0.0841	NA	NA	NA
rs6591450	134	0.103	TG/CC	1	0.0904	NA	NA	NA
rs2441952	135	0.101	TC/CT	1	0.0833	NA	NA	NA
rs11606464	140	0.161	TT/CC	1	0.0115	NA	NA	NA
rs11605988	140	0.161	TT/CA	1	0.0115	NA	NA	NA
rs7123727	142	0.158	TT/CC	1	0.0112	NA	NA	NA
rs12792435	145	0.161	TA/CT	1	0.0123	NA	NA	NA
rs61903966	145	0.161	TA/CT	1	0.0126	NA	NA	NA
rs61903967	145	0.161	TA/CT	1	0.0122	NA	NA	NA
rs36071925	148	0.161	TG/CA	1	0.0122	NA	NA	NA
rs61904009	151	0.161	TG/CA	1	0.0121	NA	NA	NA
rs11607308	152	0.161	TT/CC	1	0.012	NA	NA	NA
rs1376489	154	0.161	TG/CC	1	0.012	NA	NA	NA
rs7930102	158	0.161	TA/CG	1	0.012	NA	NA	NA
rs34300518	159	0.159	TC/CT	1	0.0145	NA	NA	NA
rs12790525	166	0.157	TC/CT	1	0.0126	NA	NA	NA
rs61904024	166	0.157	TC/CT	1	0.0134	NA	NA	NA
rs67305834	175	0.158	TC/CA	1	0.00846	NA	NA	NA
rs4509781	186	0.146	TT/CC	1	0.00673	NA	NA	NA
rs7113760	190	0.144	TT/CC	1	0.00506	NA	NA	NA
rs7122673	193	0.146	TG/CA	1	0.00621	NA	NA	NA
rs35401618	194	0.144	TG/CA	1	0.00842	NA	NA	NA
rs117960683	194	0.143	TC/CT	1	8.09e-05	NA	NA	NA
rs74598859	195	0.116	TT/CG	1	0.362	NA	NA	NA
rs7118004	205	0.151	TC/CA	1	0.00546	NA	NA	NA
rs4939180	207	0.148	TT/CC	1	0.00665	NA	NA	NA
rs7120102	211	0.147	TC/CT	1	0.00661	NA	NA	NA
rs2441970	211	0.152	TA/CC	1	0.00747	NA	NA	NA
rs7113552	212	0.148	TC/CT	1	0.00679	NA	NA	NA
rs11604577	213	0.15	TT/CG	1	0.00448	NA	NA	NA
rs1031360	215	0.148	TC/CT	1	0.00659	NA	NA	NA
rs10896701	216	0.154	TT/CC	1	0.00504	NA	NA	NA
rs10750884	218	0.154	TT/CC	1	0.00519	NA	NA	NA
rs10750885	218	0.148	TC/CT	1	0.00659	NA	NA	NA
rs61902761	218	0.15	TA/CG	1	0.00432	NA	NA	NA
rs7935428	220	0.15	TA/CC	1	0.00429	NA	NA	NA
rs895660	222	0.154	TA/CG	1	0.0048	NA	NA	NA
rs61902763	224	0.13	TT/CC	1	0.000555	NA	NA	NA
rs17152364	224	0.181	TG/CA	1	5.89e-05	NA	NA	NA
rs12796166	225	0.128	TG/CT	1	7e-04	NA	NA	NA
rs17152376	228	0.126	TA/CT	1	0.000799	NA	NA	NA
rs7934149	232	0.129	TT/CC	1	0.000619	NA	NA	NA
rs11601841	233	0.129	TA/CG	1	0.00057	NA	NA	NA
rs61902767	233	0.129	TG/CC	1	0.000563	NA	NA	NA
rs1155858	233	0.126	TG/CA	1	0.00082	NA	NA	NA
rs12804808	235	0.18	TG/CC	1	6.42e-05	NA	NA	NA
rs61902769	236	0.18	TA/CG	1	6.24e-05	NA	NA	NA
rs12788387	236	0.18	TC/CA	1	6.6e-05	NA	NA	NA
rs3853676	237	0.18	TC/CA	1	6.84e-05	NA	NA	NA
rs7130381	238	0.177	TG/CA	1	6.64e-05	NA	NA	NA
rs3862656	238	0.126	TT/CG	1	0.000809	NA	NA	NA
rs1814059	238	0.129	TG/CT	1	0.000836	NA	NA	NA
rs921445	239	0.126	TT/CC	1	0.000799	NA	NA	NA
rs11604473	240	0.126	TC/CT	1	0.000791	NA	NA	NA
rs113003693	240	0.111	TT/CG	1	0.433	NA	NA	NA
rs56016266	240	0.128	TA/CG	1	0.000813	NA	NA	NA
rs55763633	240	0.126	TG/CA	1	0.000838	NA	NA	NA
rs930703	242	0.129	TA/CT	1	0.000538	NA	NA	NA
rs11600060	242	0.127	TT/CC	1	0.000482	NA	NA	NA
rs7120442	242	0.129	TA/CG	1	0.000552	NA	NA	NA
rs11604630	243	0.129	TT/CG	1	0.000563	NA	NA	NA
rs1868881	244	0.182	TA/CG	1	5e-05	NA	NA	NA
rs2443441	247	0.123	TC/CA	1	0.00139	NA	NA	NA
rs7934184	248	0.123	TT/CG	1	0.000774	NA	NA	NA
rs7938062	248	0.129	TT/CC	1	0.000593	NA	NA	NA
rs61902775	250	0.131	TT/CA	1	0.000709	NA	NA	NA
rs11229264	252	0.18	TA/CG	1	8.56e-05	NA	NA	NA
rs12805812	253	0.126	TA/CG	1	0.000924	NA	NA	NA
rs7945154	256	0.133	TA/CG	1	0.000841	NA	NA	NA
rs2245676	256	0.13	TG/CT	1	0.00137	NA	NA	NA
rs7949119	256	0.133	TT/CC	1	0.00101	NA	NA	NA
rs7948507	256	0.133	TT/CG	1	0.00101	NA	NA	NA
rs7949558	256	0.133	TA/CC	1	0.000695	NA	NA	NA
