SNP	KB	R2	Alleles	F	P	inCredible	probNorm	cumSum
rs4660257	0	1	C	1	1.13e-11	1	0.0378929617697981	0.0378929617697981
rs3120047	-384	0.122	CG/TC	1	2.89e-06	NA	NA	NA
rs3120124	-384	0.122	CC/TG	1	1.55e-06	NA	NA	NA
rs1209384	-383	0.13	CA/TG	1	1.52e-05	NA	NA	NA
rs3768046	-382	0.126	CA/TG	1	1.58e-06	NA	NA	NA
rs6690243	-381	0.127	CT/TC	1	1.26e-06	NA	NA	NA
rs4660729	-380	0.121	CC/TG	1	5.82e-07	NA	NA	NA
rs1556580	-378	0.123	CT/TC	1	6.18e-07	NA	NA	NA
rs3120044	-377	0.125	CG/TA	1	2.02e-07	NA	NA	NA
rs3120122	-377	0.123	CG/TA	1	1.67e-07	NA	NA	NA
rs1556581	-376	0.126	CA/TG	1	1.4e-07	NA	NA	NA
rs2275180	-375	0.135	CA/TG	1	6.51e-08	NA	NA	NA
rs1467808	-374	0.126	CC/TT	1	9.45e-08	NA	NA	NA
rs1467809	-374	0.125	CG/TA	1	6.91e-08	NA	NA	NA
rs2282226	-373	0.123	CT/TC	1	1.41e-07	NA	NA	NA
rs3120276	-369	0.122	CT/TC	1	1.08e-07	NA	NA	NA
rs2991990	-368	0.124	CT/TG	1	1.1e-07	NA	NA	NA
rs1198982	-365	0.116	CG/TA	1	1.12e-07	NA	NA	NA
rs1199039	-363	0.115	CG/TA	1	1.1e-07	NA	NA	NA
rs866332	-359	0.14	CT/TC	1	1.69e-07	NA	NA	NA
rs12076751	-355	0.14	CT/TC	1	2e-07	NA	NA	NA
rs1209702	-354	0.141	CA/TC	1	1.71e-07	NA	NA	NA
rs1199038	-348	0.141	CT/TC	1	1.77e-07	NA	NA	NA
rs12058355	-347	0.138	CG/TA	1	2.64e-07	NA	NA	NA
rs839993	-345	0.137	CA/TC	1	1.99e-07	NA	NA	NA
rs710252	-345	0.141	CA/TG	1	2.29e-07	NA	NA	NA
rs1749959	-341	0.141	CT/TC	1	2.39e-07	NA	NA	NA
rs35732878	-341	0.141	CT/TC	1	2.41e-07	NA	NA	NA
rs111888775	-340	0.141	CA/TG	1	2.17e-07	NA	NA	NA
rs1199036	-337	0.141	CA/TG	1	2e-07	NA	NA	NA
rs1760670	-336	0.141	CA/TG	1	2.08e-07	NA	NA	NA
rs839995	-333	0.141	CC/TT	1	1.68e-07	NA	NA	NA
rs839996	-332	0.141	CC/TT	1	1.94e-07	NA	NA	NA
rs72669002	-327	0.141	CC/TT	1	1.86e-07	NA	NA	NA
rs1760669	-326	0.141	CT/TC	1	1.92e-07	NA	NA	NA
rs839763	-323	0.141	CC/TT	1	1.63e-07	NA	NA	NA
rs11210838	-321	0.168	CA/TC	1	0.00351	NA	NA	NA
rs72671107	-317	0.168	CA/TT	1	0.00234	NA	NA	NA
rs839764	-315	0.141	CA/TT	1	1.49e-07	NA	NA	NA
rs652941	-311	0.144	CC/TT	1	1.32e-07	NA	NA	NA
rs839766	-310	0.144	CG/TA	1	1.27e-07	NA	NA	NA
rs11587504	-306	0.145	CC/TT	1	1.53e-07	NA	NA	NA
rs685756	-306	0.143	CG/TA	1	1.39e-07	NA	NA	NA
rs4141739	-306	0.147	CA/TG	1	1.15e-07	NA	NA	NA
rs4141740	-305	0.143	CA/TT	1	3.35e-08	NA	NA	NA
rs4141741	-305	0.141	CT/TC	1	3.64e-08	NA	NA	NA
rs66559745	-304	0.142	CA/TG	1	5.35e-08	NA	NA	NA
rs11210839	-303	0.141	CG/TA	1	1.56e-07	NA	NA	NA
rs11172	-298	0.141	CG/TA	1	1.79e-07	NA	NA	NA
rs839752	-293	0.141	CG/TA	1	1.66e-07	NA	NA	NA
rs839754	-292	0.141	CT/TC	1	1.82e-07	NA	NA	NA
rs839755	-292	0.144	CC/TA	1	1.48e-07	NA	NA	NA
rs1004291	-290	0.245	CA/TG	1	8.71e-08	NA	NA	NA
rs999288	-290	0.245	CG/TA	1	8.39e-08	NA	NA	NA
rs839758	-286	0.218	CG/TA	1	5.97e-05	NA	NA	NA
rs839759	-285	0.245	CG/TA	1	8.09e-08	NA	NA	NA
rs839760	-285	0.245	CT/TC	1	8.4e-08	NA	NA	NA
rs839761	-284	0.243	CA/TG	1	8.47e-08	NA	NA	NA
rs710249	-279	0.246	CC/TG	1	7.87e-08	NA	NA	NA
rs17573239	-277	0.245	CG/TT	1	4.84e-08	NA	NA	NA
rs839768	-277	0.243	CG/TA	1	4.47e-08	NA	NA	NA
rs839769	-276	0.243	CT/TC	1	4.69e-08	NA	NA	NA
rs839770	-275	0.243	CA/TG	1	4.61e-08	NA	NA	NA
rs839771	-275	0.243	CG/TT	1	4.57e-08	NA	NA	NA
rs839772	-275	0.243	CA/TG	1	4.38e-08	NA	NA	NA
rs839773	-274	0.243	CG/TA	1	4.4e-08	NA	NA	NA
rs3001721	-272	0.243	CC/TT	1	4.35e-08	NA	NA	NA
rs2152112	-270	0.243	CG/TA	1	4.69e-08	NA	NA	NA
rs9793186	-269	0.243	CT/TC	1	4.72e-08	NA	NA	NA
rs9793527	-269	0.243	CC/TT	1	4.89e-08	NA	NA	NA
rs2782638	-268	0.243	CG/TA	1	5.04e-08	NA	NA	NA
rs55935510	-264	0.243	CA/TG	1	3.81e-08	NA	NA	NA
rs55663821	-264	0.243	CA/TG	1	4e-08	NA	NA	NA
rs2842177	-264	0.243	CC/TG	1	3.78e-08	NA	NA	NA
rs2782642	-262	0.243	CG/TA	1	4.42e-08	NA	NA	NA
rs2782643	-262	0.243	CT/TC	1	3.87e-08	NA	NA	NA
rs2782644	-261	0.243	CA/TG	1	3.86e-08	NA	NA	NA
rs2782645	-260	0.243	CA/TG	1	4.04e-08	NA	NA	NA
rs2782646	-256	0.243	CA/TG	1	4.53e-08	NA	NA	NA
rs2842179	-249	0.242	CT/TC	1	4.27e-08	NA	NA	NA
rs2039531	-247	0.24	CC/TA	1	5.07e-08	NA	NA	NA
rs2782647	-247	0.24	CG/TT	1	5.17e-08	NA	NA	NA
rs2842180	-246	0.24	CT/TC	1	5.2e-08	NA	NA	NA
rs2782648	-245	0.236	CT/TG	1	4.36e-08	NA	NA	NA
rs2842184	-244	0.236	CG/TA	1	4.17e-08	NA	NA	NA
rs2782649	-242	0.236	CC/TT	1	4.06e-08	NA	NA	NA
rs1572272	-242	0.236	CT/TC	1	3.9e-08	NA	NA	NA
rs2027130	-241	0.238	CG/TA	1	6.88e-08	NA	NA	NA
rs2255632	-239	0.235	CC/TT	1	4.98e-08	NA	NA	NA
rs2842193	-238	0.238	CC/TT	1	3.31e-08	NA	NA	NA
rs2782650	-236	0.236	CG/TA	1	4.97e-08	NA	NA	NA
rs2251804	-231	0.23	CC/TT	1	4.94e-08	NA	NA	NA
rs2251802	-231	0.236	CA/TG	1	5.66e-08	NA	NA	NA
rs2842195	-227	0.238	CT/TG	1	5.39e-08	NA	NA	NA
rs1334973	-227	0.236	CG/TT	1	5.27e-08	NA	NA	NA
rs2494994	-224	0.236	CT/TA	1	5e-08	NA	NA	NA
rs2992036	-222	0.236	CG/TC	1	5.24e-08	NA	NA	NA
rs2782652	-222	0.209	CC/TT	1	3.41e-05	NA	NA	NA
rs2262984	-221	0.236	CG/TC	1	4.41e-08	NA	NA	NA
rs2842196	-221	0.236	CC/TT	1	4.67e-08	NA	NA	NA
rs2842197	-220	0.238	CG/TA	1	4.33e-08	NA	NA	NA
rs2782657	-218	0.273	CC/TG	1	1.25e-07	NA	NA	NA
rs2842198	-217	0.269	CA/TG	1	9.49e-08	NA	NA	NA
rs2105029	-214	0.252	CC/TT	1	1.92e-05	NA	NA	NA
rs7413861	-209	0.263	CA/TC	1	3.99e-06	NA	NA	NA
rs2105028	-207	0.263	CT/TC	1	4.32e-06	NA	NA	NA
rs4660733	-206	0.271	CC/TT	1	3.19e-06	NA	NA	NA
rs2842173	-189	0.123	CT/TC	1	0.00599	NA	NA	NA
rs2842172	-189	0.123	CT/TA	1	0.00646	NA	NA	NA
rs72671139	-188	0.185	CG/TT	1	0.11	NA	NA	NA
rs2494996	-184	0.123	CA/TT	1	0.00429	NA	NA	NA
rs867605	-183	0.123	CC/TT	1	0.0042	NA	NA	NA
rs2842192	-178	0.17	CG/TA	1	0.00239	NA	NA	NA
rs6675341	-177	0.119	CC/TT	1	0.102	NA	NA	NA
rs34898652	-174	0.555	CA/TG	1	6.59e-09	0	7.54986901625375e-05	0.999811818725924
rs10749849	-174	0.118	CG/TA	1	0.0911	NA	NA	NA
rs882464	-173	0.171	CT/TG	1	0.00348	NA	NA	NA
rs1413937	-173	0.12	CG/TA	1	0.0776	NA	NA	NA
rs10890250	-172	0.118	CA/TG	1	0.0814	NA	NA	NA
rs2819341	-172	0.165	CG/TA	1	0.00238	NA	NA	NA
rs10890251	-172	0.133	CA/TC	1	0.00758	NA	NA	NA
rs10890252	-172	0.133	CA/TG	1	0.0104	NA	NA	NA
rs10789434	-172	0.165	CC/TG	1	0.00257	NA	NA	NA
rs11210857	-171	0.118	CG/TA	1	0.0827	NA	NA	NA
rs1953326	-170	0.118	CA/TT	1	0.0794	NA	NA	NA
rs1953327	-170	0.118	CA/TT	1	0.0801	NA	NA	NA
rs11210858	-169	0.132	CT/TC	1	0.00805	NA	NA	NA
rs72887212	-169	0.138	CG/TC	1	0.00851	NA	NA	NA
rs12120857	-169	0.137	CC/TT	1	0.0118	NA	NA	NA
rs11210859	-168	0.138	CG/TA	1	0.0102	NA	NA	NA
rs1413938	-167	0.137	CC/TT	1	0.0125	NA	NA	NA
rs17400240	-166	0.224	CT/TC	1	0.000865	NA	NA	NA
rs2367617	-166	0.136	CA/TG	1	0.00964	NA	NA	NA
rs6657077	-166	0.138	CT/TC	1	0.00969	NA	NA	NA
rs11210860	-166	0.562	CA/TG	1	9.85e-09	0	5.10766695697449e-05	0.999862895395494
rs2152113	-165	0.567	CT/TC	1	1.15e-08	0	4.39391937593021e-05	0.999906834589253
rs11210862	-164	0.137	CC/TT	1	0.0122	NA	NA	NA
rs1413939	-164	0.119	CG/TC	1	0.0859	NA	NA	NA
rs11210863	-162	0.134	CC/TT	1	0.0167	NA	NA	NA
rs41341645	-161	0.12	CC/TT	1	0.104	NA	NA	NA
rs114971365	-159	0.216	CG/TA	1	0.276	NA	NA	NA
rs11577403	-158	0.572	CA/TG	1	1.29e-08	0	3.92982691859509e-05	0.999946132858439
rs12126770	-158	0.133	CC/TT	1	0.0123	NA	NA	NA
rs11210864	-156	0.142	CG/TA	1	0.0158	NA	NA	NA
rs11576774	-156	0.134	CA/TG	1	0.0099	NA	NA	NA
rs11577317	-155	0.134	CA/TG	1	0.00972	NA	NA	NA
rs11590627	-149	0.16	CT/TC	1	0.00257	NA	NA	NA
rs71636604	-149	0.104	CG/TT	1	0.212	NA	NA	NA
rs17370961	-146	0.252	CG/TA	1	0.00017	NA	NA	NA
rs2819330	-145	0.18	CG/TA	1	0.0179	NA	NA	NA
rs2819332	-143	0.119	CG/TA	1	0.00476	NA	NA	NA
rs2782639	-142	0.182	CA/TG	1	0.00594	NA	NA	NA
rs2842189	-141	0.647	CT/TC	1	1.02e-10	1	0.0044000870417213	0.958912435152481
rs2782640	-139	0.629	CC/TT	1	1.97e-10	1	0.00231254721090016	0.97749600962479
rs951740	-136	0.641	CG/TA	1	4.06e-11	1	0.0108331151605705	0.769358722054576
rs1889588	-135	0.181	CC/TT	1	0.013	NA	NA	NA
rs2782641	-135	0.627	CG/TA	1	3.52e-11	1	0.0124568076753158	0.746630682390121
rs7411150	-134	0.38	CA/TG	1	1.83e-07	NA	NA	NA
rs2842188	-134	0.694	CT/TC	1	5.3e-11	1	0.00834658366894793	0.845619724923865
rs2819333	-134	0.675	CA/TT	1	3.69e-11	1	0.0118949245038847	0.758525606894006
rs2819334	-133	0.662	CC/TT	1	4.42e-11	1	0.00996902334460267	0.799796405350313
rs2819335	-133	0.687	CA/TG	1	3.01e-11	1	0.0145188927720305	0.692472580283516
rs2842187	-133	0.691	CT/TC	1	4.42e-11	1	0.00996902334460267	0.809765428694916
rs2819336	-132	0.699	CT/TC	1	5.31e-11	1	0.00833120689113659	0.853950931815001
rs11580258	-132	0.691	CA/TG	1	6.32e-11	1	0.00702647769743523	0.899843433944383
rs9887909	-130	0.222	CG/TA	1	0.000157	NA	NA	NA
rs2819339	-130	0.136	CG/TT	1	0.0362	NA	NA	NA
rs2842185	-128	0.691	CC/TT	1	3.1e-11	1	0.0141062118697157	0.720865451273523
rs2842183	-128	0.136	CT/TC	1	0.0456	NA	NA	NA
rs12075949	-127	0.158	CG/TA	1	0.0606	NA	NA	NA
rs10890253	-127	0.136	CG/TC	1	0.0519	NA	NA	NA
rs10890254	-126	0.226	CG/TT	1	0.000134	NA	NA	NA
rs2842178	-126	0.691	CA/TG	1	5.52e-11	1	0.00802103370215858	0.86197196551716
rs11587426	-126	0.226	CC/TT	1	0.000125	NA	NA	NA
rs2494995	-126	0.136	CA/TC	1	0.0452	NA	NA	NA
rs2842176	-126	0.136	CC/TT	1	0.0533	NA	NA	NA
rs2842175	-125	0.136	CG/TA	1	0.0469	NA	NA	NA
rs11580074	-124	0.136	CG/TA	1	0.0491	NA	NA	NA
rs11210869	-122	0.691	CG/TA	1	4.21e-11	1	0.0104553036717082	0.779814025726284
rs10789435	-122	0.139	CG/TT	1	0.0547	NA	NA	NA
rs3000761	-122	0.139	CC/TT	1	0.0494	NA	NA	NA
rs68191270	-122	0.139	CC/TA	1	0.0548	NA	NA	NA
rs36018845	-122	0.274	CT/TC	1	0.000409	NA	NA	NA
rs12076635	-122	0.139	CC/TG	1	0.0438	NA	NA	NA
rs61769611	-119	0.691	CA/TG	1	8.48e-11	1	0.00527080429167854	0.939267945632763
rs2842194	-119	0.137	CG/TA	1	0.888	NA	NA	NA
rs11210871	-119	0.199	CG/TC	1	5.99e-06	NA	NA	NA
rs10890255	-117	0.137	CG/TA	1	0.509	NA	NA	NA
rs2478978	-117	0.137	CC/TT	1	0.658	NA	NA	NA
rs11586016	-116	0.675	CC/TG	1	1.44e-10	1	0.00314107325469515	0.969298101498635
rs12089622	-114	0.138	CA/TC	1	0.554	NA	NA	NA
rs7349097	-114	0.22	CC/TT	1	0.00283	NA	NA	NA
rs2842186	-113	0.135	CA/TG	1	0.286	NA	NA	NA
rs1065771	-113	0.155	CC/TT	1	0.409	NA	NA	NA
rs943513	-113	0.665	CA/TG	1	5.65e-11	1	0.00784045935508719	0.877819269986142
rs1887402	-112	0.678	CA/TG	1	5.05e-11	1	0.00875058236638335	0.837273141254917
rs11210873	-112	0.159	CC/TT	1	0.331	NA	NA	NA
rs3001723	-110	0.195	CG/TA	1	2.77e-07	NA	NA	NA
rs10890256	-110	0.16	CC/TT	1	0.252	NA	NA	NA
rs10890257	-109	0.159	CC/TT	1	0.348	NA	NA	NA
rs11590773	-109	0.157	CC/TA	1	0.396	NA	NA	NA
rs10890258	-109	0.157	CA/TG	1	0.367	NA	NA	NA
rs2819340	-108	0.129	CC/TT	1	0.175	NA	NA	NA
rs2842171	-108	0.668	CG/TA	1	2.52e-11	1	0.0172768870636489	0.61364474764727
rs6670906	-108	0.158	CC/TT	1	0.334	NA	NA	NA
rs12058744	-107	0.157	CC/TT	1	0.362	NA	NA	NA
rs10789436	-107	0.13	CG/TT	1	0.201	NA	NA	NA
rs650729	-106	0.13	CG/TC	1	0.237	NA	NA	NA
rs7349107	-105	0.157	CG/TT	1	0.34	NA	NA	NA
rs663618	-105	0.13	CC/TT	1	0.217	NA	NA	NA
rs552638	-105	0.678	CA/TG	1	2.16e-11	1	0.0200911325953671	0.577634240428684
rs61769613	-105	0.192	CG/TA	1	0.00021	NA	NA	NA
rs11210874	-104	0.154	CC/TT	1	0.459	NA	NA	NA
rs2004899	-103	0.131	CG/TA	1	0.198	NA	NA	NA
rs1808730	-103	0.673	CA/TG	1	2.15e-11	1	0.0201826165401582	0.557543107833317
rs2004900	-103	0.157	CT/TC	1	0.41	NA	NA	NA
rs892488	-100	0.157	CC/TT	1	0.412	NA	NA	NA
rs3828148	-100	0.157	CG/TA	1	0.328	NA	NA	NA
rs688627	-99.9	0.226	CT/TC	1	0.00319	NA	NA	NA
rs3791134	-99	0.673	CA/TG	1	1.95e-11	1	0.0222072285210556	0.49536325526827
rs3791135	-99	0.157	CA/TG	1	0.417	NA	NA	NA
rs3791136	-98.2	0.683	CT/TC	1	1.59e-11	1	0.0271199718399968	0.277621380500176
rs3791137	-98.2	0.131	CA/TG	1	0.241	NA	NA	NA
rs3791138	-98.1	0.131	CC/TA	1	0.204	NA	NA	NA
rs10789437	-97.4	0.157	CT/TG	1	0.456	NA	NA	NA
rs3828150	-97.3	0.13	CC/TT	1	0.299	NA	NA	NA
rs6698389	-96.6	0.689	CG/TA	1	2.32e-11	1	0.0187336201549366	0.596367860583621
rs61769642	-96.5	0.677	CA/TG	1	2.74e-11	1	0.0159178228438852	0.646839457554804
rs3791139	-96.4	0.673	CC/TT	1	3.29e-11	1	0.0133084234412824	0.734173874714805
rs3791140	-96.4	0.689	CA/TG	1	2.82e-11	1	0.0154756847305928	0.677953687511485
rs501299	-96.3	0.689	CC/TA	1	2.52e-11	1	0.0172768870636489	0.630921634710918
rs3791142	-96.2	0.158	CC/TT	1	0.393	NA	NA	NA
rs61769643	-96	0.529	CA/TG	1	2.83e-06	0	2.14866086862601e-07	0.999998254752538
rs10890261	-95.8	0.131	CG/TT	1	0.302	NA	NA	NA
rs11210875	-95.6	0.157	CT/TC	1	0.416	NA	NA	NA
rs11210876	-95.5	0.157	CT/TC	1	0.418	NA	NA	NA
rs11210877	-95.4	0.157	CG/TA	1	0.417	NA	NA	NA
rs11210878	-95.2	0.157	CG/TA	1	0.417	NA	NA	NA
rs11210879	-94.9	0.157	CC/TT	1	0.433	NA	NA	NA
rs6691160	-94.3	0.161	CG/TA	1	0.385	NA	NA	NA
rs58097944	-93.2	0.493	CA/TG	1	0.000204	0	3.67923402785267e-09	0.999999996903312
rs11210880	-92.9	0.162	CG/TT	1	0.414	NA	NA	NA
rs10890262	-92.4	0.162	CG/TA	1	0.414	NA	NA	NA
rs2117314	-91.8	0.162	CA/TG	1	0.409	NA	NA	NA
rs2117315	-91.7	0.166	CT/TC	1	0.374	NA	NA	NA
rs2304353	-90.9	0.162	CA/TG	1	0.399	NA	NA	NA
rs7540068	-90.5	0.162	CG/TT	1	0.409	NA	NA	NA
rs7553297	-90.5	0.162	CA/TG	1	0.41	NA	NA	NA
rs3748797	-90.3	0.162	CA/TT	1	0.411	NA	NA	NA
rs573350	-90.2	0.132	CC/TT	1	0.294	NA	NA	NA
rs2117316	-90.1	0.162	CG/TA	1	0.41	NA	NA	NA
rs3828151	-89.9	0.234	CC/TA	1	0.00373	NA	NA	NA
rs605709	-89.7	0.691	CT/TC	1	1.46e-11	1	0.0294827467975394	0.194480172510942
rs12125409	-89.3	0.162	CC/TT	1	0.408	NA	NA	NA
rs2367723	-89.1	0.234	CA/TG	1	0.00364	NA	NA	NA
rs72673082	-88.9	0.694	CA/TG	1	1.61e-11	1	0.0267900112807265	0.304411391780903
rs7546955	-87.9	0.162	CG/TA	1	0.409	NA	NA	NA
rs583040	-87.7	0.694	CA/TG	1	1.61e-11	1	0.0267900112807265	0.331201403061629
rs7520493	-87.7	0.234	CT/TC	1	0.00367	NA	NA	NA
rs7520813	-87.4	0.162	CT/TC	1	0.41	NA	NA	NA
rs10890263	-87.1	0.138	CT/TC	1	0.0861	NA	NA	NA
rs10443226	-86.4	0.161	CC/TT	1	0.411	NA	NA	NA
rs674725	-86.4	0.13	CT/TC	1	0.218	NA	NA	NA
rs673253	-86	0.545	CT/TC	1	2.47e-10	1	0.00185411445637288	0.979350124081163
rs673242	-86	0.694	CT/TC	1	3.06e-11	1	0.0142866591202912	0.706759239403807
rs10890264	-85.9	0.161	CT/TC	1	0.411	NA	NA	NA
rs11210883	-85.6	0.161	CC/TT	1	0.396	NA	NA	NA
rs6704198	-85.1	0.161	CG/TA	1	0.395	NA	NA	NA
rs12069454	-84	0.162	CC/TT	1	0.378	NA	NA	NA
rs17849103	-83.8	0.229	CA/TG	1	0.00359	NA	NA	NA
rs12734252	-83.3	0.161	CC/TT	1	0.391	NA	NA	NA
rs12733052	-83.2	0.161	CG/TC	1	0.391	NA	NA	NA
rs56175694	-83	0.694	CT/TC	1	2.09e-11	1	0.02074971627974	0.537360491293159
rs3791143	-82.9	0.161	CG/TT	1	0.386	NA	NA	NA
rs596522	-81.7	0.694	CA/TC	1	1.74e-11	1	0.0248284221705711	0.356029825232201
rs3791146	-81.7	0.161	CC/TG	1	0.378	NA	NA	NA
rs3791147	-81.5	0.23	CC/TT	1	0.00354	NA	NA	NA
rs12059628	-80.7	0.23	CT/TC	1	0.00345	NA	NA	NA
rs12023161	-80.3	0.23	CA/TG	1	0.00342	NA	NA	NA
rs492929	-79.9	0.533	CA/TG	1	3.15e-06	0	1.93880441704771e-07	0.99999844863298
rs6667383	-79.4	0.23	CC/TT	1	0.00326	NA	NA	NA
rs6672061	-79.4	0.23	CA/TT	1	0.00323	NA	NA	NA
rs530373	-78.1	0.167	CG/TA	1	0.0508	NA	NA	NA
rs17371903	-77.5	0.692	CG/TA	1	1.84e-11	1	0.0235063595375911	0.40422567023647
rs631248	-76.9	0.134	CA/TG	1	0.81	NA	NA	NA
rs539096	-75.7	0.137	CG/TA	1	0.271	NA	NA	NA
rs519669	-72.7	0.138	CC/TG	1	0.343	NA	NA	NA
rs11210887	-72.1	0.204	CA/TG	1	1.36e-07	NA	NA	NA
rs12079126	-71.8	0.169	CC/TT	1	0.265	NA	NA	NA
rs549845	-71.7	0.204	CA/TG	1	1.55e-07	NA	NA	NA
rs3791149	-69.8	0.17	CT/TA	1	0.262	NA	NA	NA
rs499257	-69.8	0.231	CC/TT	1	6.63e-06	NA	NA	NA
rs3791151	-69.6	0.826	CA/TC	1	6.19e-11	1	0.00717077721558058	0.892816956246948
rs603542	-68.8	0.229	CC/TT	1	7.28e-06	NA	NA	NA
rs55684236	-68.2	0.826	CA/TG	1	7.33e-11	1	0.00607809347471245	0.912073499987809
rs588657	-67.8	0.163	CC/TT	1	0.229	NA	NA	NA
rs516790	-66.5	0.157	CG/TT	1	0.166	NA	NA	NA
rs516921	-66.4	0.126	CG/TT	1	0.0357	NA	NA	NA
rs517849	-66.3	0.158	CC/TA	1	0.285	NA	NA	NA
rs667676	-66	0.158	CA/TG	1	0.252	NA	NA	NA
rs11583555	-65.9	0.171	CG/TT	1	0.285	NA	NA	NA
rs653953	-65.2	0.223	CA/TG	1	9.49e-06	NA	NA	NA
rs571862	-65.1	0.158	CT/TC	1	0.182	NA	NA	NA
rs641365	-64.7	0.159	CC/TT	1	0.208	NA	NA	NA
rs641351	-64.6	0.159	CA/TG	1	0.231	NA	NA	NA
rs639929	-64.3	0.157	CG/TA	1	0.123	NA	NA	NA
rs1143701	-63.4	0.158	CT/TC	1	0.144	NA	NA	NA
rs1143702	-61.3	0.223	CT/TC	1	7.58e-06	NA	NA	NA
rs673485	-60.7	0.144	CT/TC	1	0.196	NA	NA	NA
rs643445	-58.5	0.158	CG/TA	1	0.124	NA	NA	NA
rs559575	-58.2	0.158	CG/TA	1	0.124	NA	NA	NA
rs11210891	-57.8	0.171	CA/TG	1	0.295	NA	NA	NA
rs531459	-57.5	0.158	CC/TT	1	0.123	NA	NA	NA
rs628342	-57.4	0.158	CT/TC	1	0.115	NA	NA	NA
rs2916568	-56.9	0.158	CG/TA	1	0.117	NA	NA	NA
rs10789438	-56.1	0.171	CG/TT	1	0.29	NA	NA	NA
rs35176052	-55.4	0.171	CA/TG	1	0.295	NA	NA	NA
rs10890268	-53.1	0.157	CG/TA	1	0.122	NA	NA	NA
rs10890269	-51.3	0.171	CC/TT	1	0.291	NA	NA	NA
rs12405972	-50.7	0.834	CT/TG	1	8.43e-11	1	0.00530137016213002	0.933997141341084
rs2970609	-50.7	0.158	CG/TC	1	0.128	NA	NA	NA
rs2970610	-50.6	0.229	CC/TT	1	8.26e-06	NA	NA	NA
rs61769649	-49.7	0.834	CA/TG	1	8.83e-11	1	0.00506643567584241	0.95451234811076
rs585711	-48.3	0.158	CT/TG	1	0.154	NA	NA	NA
rs585652	-48.3	0.158	CC/TT	1	0.154	NA	NA	NA
rs11210892	-48.1	0.229	CA/TG	1	7.3e-06	NA	NA	NA
rs10890270	-47.7	0.171	CC/TT	1	0.293	NA	NA	NA
rs35393217	-46.5	0.834	CA/TG	1	8.25e-11	1	0.00541444193046894	0.928695771178954
rs664728	-46.5	0.158	CT/TA	1	0.158	NA	NA	NA
rs664336	-46.4	0.158	CG/TA	1	0.158	NA	NA	NA
rs530201	-45.9	0.158	CC/TT	1	0.159	NA	NA	NA
rs35290231	-45.1	0.834	CA/TG	1	8.8e-11	1	0.00508332268408459	0.949445912434917
rs2970606	-44.7	0.16	CG/TA	1	0.234	NA	NA	NA
rs564318	-44.5	0.16	CA/TG	1	0.236	NA	NA	NA
rs486883	-43.2	0.16	CT/TC	1	0.233	NA	NA	NA
rs12034875	-43.1	0.169	CT/TC	1	0.428	NA	NA	NA
rs649504	-42.2	0.16	CC/TT	1	0.231	NA	NA	NA
rs574736	-41.9	0.16	CT/TC	1	0.231	NA	NA	NA
rs636547	-41.7	0.16	CA/TC	1	0.27	NA	NA	NA
rs581005	-41.2	0.16	CT/TG	1	0.231	NA	NA	NA
rs2367724	-40.7	0.226	CT/TC	1	7.25e-06	NA	NA	NA
rs694197	-40.2	0.161	CT/TC	1	0.208	NA	NA	NA
rs483679	-40	0.161	CA/TT	1	0.211	NA	NA	NA
rs7536752	-39.7	0.173	CC/TG	1	0.29	NA	NA	NA
rs594293	-39	0.161	CG/TA	1	0.207	NA	NA	NA
rs609171	-38	0.16	CC/TA	1	0.16	NA	NA	NA
rs620851	-37.7	0.161	CG/TA	1	0.172	NA	NA	NA
rs623965	-37	0.161	CG/TA	1	0.215	NA	NA	NA
rs55666439	-37	0.834	CG/TT	1	5.53e-11	1	0.00800684511389482	0.869978810631055
rs6698215	-36.6	0.168	CA/TT	1	0.378	NA	NA	NA
rs6684191	-36.3	0.173	CG/TA	1	0.299	NA	NA	NA
rs61768370	-36.2	0.834	CT/TA	1	7.24e-11	1	0.00615197256871324	0.905995406513096
rs72883034	-35.8	0.161	CC/TT	1	0.226	NA	NA	NA
rs617521	-34	0.16	CT/TG	1	0.178	NA	NA	NA
rs513862	-33.8	0.16	CT/TA	1	0.179	NA	NA	NA
rs519357	-33.1	0.16	CG/TA	1	0.207	NA	NA	NA
rs517191	-31.7	0.834	CA/TG	1	8.78e-11	1	0.00509464411806988	0.944362589750833
rs660899	-31.2	0.826	CT/TG	1	8e-11	1	0.00557983524092487	0.923281329248485
rs61768371	-29.8	0.834	CA/TG	1	7.93e-11	1	0.00562799401975152	0.91770149400756
rs597041	-29.7	0.487	CC/TT	1	0.00379	0	2.45774370611934e-10	1
rs112476957	-29.5	0.105	CT/TC	1	0.00238	NA	NA	NA
rs613976	-28.2	0.487	CA/TT	1	0.00259	0	3.47745762657218e-10	0.999999999754226
rs2274465	-26.6	0.834	CG/TC	1	4.87e-11	1	0.00906686718524098	0.828522558888533
rs11589584	-25.7	0.834	CG/TT	1	5.66e-11	1	0.00782690904522546	0.885646179031367
rs10789439	-25	0.246	CT/TC	1	0.00282	NA	NA	NA
rs509173	-24.7	0.16	CA/TG	1	0.251	NA	NA	NA
rs559481	-24.3	0.126	CG/TA	1	0.0345	NA	NA	NA
rs61768372	-24.2	0.834	CT/TC	1	4.55e-11	1	0.00969026300837623	0.819455691703292
rs796733	-23.8	0.246	CT/TC	1	0.00281	NA	NA	NA
rs56072551	-23.7	0.107	CT/TG	1	0.00155	NA	NA	NA
rs11210901	-23.5	0.305	CA/TC	1	5.11e-05	NA	NA	NA
rs11590619	-21.5	0.834	CC/TG	1	4.4e-11	1	0.0100133562794264	0.789827382005711
rs12142545	-21.1	0.246	CT/TC	1	0.00283	NA	NA	NA
rs6429632	-20.6	0.236	CG/TA	1	0.00429	NA	NA	NA
rs1973512	-20.1	0.16	CG/TA	1	0.181	NA	NA	NA
rs656131	-19.1	0.215	CC/TT	1	0.207	NA	NA	NA
rs6658300	-19	0.2	CC/TT	1	0.112	NA	NA	NA
rs669446	-18.4	0.213	CG/TA	1	0.5	NA	NA	NA
rs489319	-16.4	0.892	CT/TC	1	3.02e-10	1	0.0015235963248644	0.982422358734615
rs607062	-15.2	0.176	CC/TT	1	0.0438	NA	NA	NA
rs2296757	-15.1	0.175	CG/TA	1	0.374	NA	NA	NA
rs618678	-14.9	0.884	CT/TC	1	2.97e-10	1	0.00154863832858839	0.980898762409751
rs3791033	-14.1	0.9	CC/TT	1	1.57e-10	1	0.00288666244058701	0.975183462413889
rs3818536	-12.9	0.176	CT/TC	1	0.364	NA	NA	NA
rs586339	-10.9	0.176	CA/TC	1	0.0267	NA	NA	NA
rs10789442	-8.09	0.884	CC/TA	1	1.14e-10	1	0.00394676143938607	0.962859196591867
rs9787076	-7.02	0.9	CC/TA	1	1.37e-10	1	0.00329783165207293	0.96615702824394
rs3791034	-3.04	0.892	CG/TA	1	1.51e-10	1	0.00299869847466741	0.972296799973302
rs10789443	-1.7	0.273	CT/TC	1	0.000336	NA	NA	NA
rs61768373	0.331	0.322	CC/TG	1	6.98e-05	NA	NA	NA
rs4660740	0.449	0.781	CG/TA	1	5.39e-08	0	9.81202487800388e-06	0.999990559825432
rs6697354	2.85	0.192	CG/TT	1	0.623	NA	NA	NA
rs61768374	3.46	1	CG/TT	1	1.28e-11	1	0.0335378393195764	0.0714308010893745
rs113688544	3.74	0.781	CT/TC	1	1.58e-07	0	3.46410024888765e-06	0.999994023925681
rs1971342	4.02	1	CA/TG	1	1.43e-11	1	0.0300883809333934	0.164997425713403
rs6683825	4.12	0.261	CG/TA	1	0.0553	NA	NA	NA
rs11805774	4.55	1	CA/TG	1	1.39e-11	1	0.0309361470594916	0.134909044780009
rs17401357	5.45	1	CC/TG	1	1.32e-11	1	0.0325420966311429	0.103972897720517
rs3791035	6.31	1	CC/TG	1	2.04e-11	1	0.021247519745149	0.516610775013419
rs3791036	7.22	0.192	CG/TA	1	0.358	NA	NA	NA
rs2270972	9.96	1	CG/TC	1	1.88e-11	1	0.0230165350209207	0.450258740278311
rs3791037	11.9	0.265	CG/TA	1	0.0419	NA	NA	NA
rs3791038	13.8	0.265	CG/TA	1	0.0478	NA	NA	NA
rs3791039	14.7	0.265	CG/TA	1	0.0424	NA	NA	NA
rs3815268	15.7	0.245	CG/TT	1	0.0273	NA	NA	NA
rs56319043	23	0.757	CT/TC	1	1.99e-07	0	2.77156220066017e-06	0.999996795487881
rs2240517	23.1	0.248	CG/TA	1	0.0248	NA	NA	NA
rs34550543	24.3	0.245	CC/TT	1	0.0202	NA	NA	NA
rs112984125	25.3	0.948	CA/TG	1	1.49e-11	1	0.028901264309241	0.223381436820183
rs7528454	25.9	0.257	CG/TA	1	0.024	NA	NA	NA
rs304303	29.9	0.174	CG/TT	1	0.0186	NA	NA	NA
rs6429635	30.7	0.257	CG/TC	1	0.017	NA	NA	NA
rs7536221	30.7	0.257	CC/TG	1	0.0173	NA	NA	NA
rs11210903	31.1	0.251	CA/TG	1	0.0224	NA	NA	NA
rs116583447	32.9	0.111	CT/TC	1	0.653	NA	NA	NA
rs17531412	34.1	0.957	CG/TA	1	1.59e-11	1	0.0271199718399968	0.25050140866018
rs11210905	34.2	0.193	CT/TC	1	0.342	NA	NA	NA
rs6429636	35.4	0.185	CT/TG	1	0.18	NA	NA	NA
rs112361411	35.8	0.957	CT/TC	1	1.89e-11	1	0.022897286468903	0.473156026747214
rs12140156	36.5	0.251	CT/TG	1	0.0211	NA	NA	NA
rs6693799	37	0.257	CG/TA	1	0.0176	NA	NA	NA
rs10890273	38.3	0.185	CA/TT	1	0.17	NA	NA	NA
rs11810109	38.6	0.957	CT/TA	1	2.79e-11	1	0.015638545226089	0.662478002780893
rs12410155	40.3	0.957	CC/TA	1	1.75e-11	1	0.024689485466678	0.380719310698879
rs12410444	40.6	0.957	CG/TA	1	1.88e-11	1	0.0230165350209207	0.42724220525739
rs145623194	40.7	0.106	CT/TC	1	0.0143	NA	NA	NA
rs11210906	41.5	0.252	CA/TG	1	0.0237	NA	NA	NA
rs11210907	43.6	0.185	CT/TC	1	0.114	NA	NA	NA
rs7528907	45.3	0.257	CT/TA	1	0.016	NA	NA	NA
rs10890275	46	0.185	CG/TT	1	0.108	NA	NA	NA
rs11210908	46.3	0.251	CA/TT	1	0.0185	NA	NA	NA
rs4660259	46.4	0.185	CG/TA	1	0.11	NA	NA	NA
rs11210909	47.1	0.251	CC/TA	1	0.0201	NA	NA	NA
rs4660260	47.2	0.185	CC/TT	1	0.104	NA	NA	NA
rs4660743	47.2	0.184	CT/TC	1	0.108	NA	NA	NA
rs3862228	48.8	0.185	CT/TC	1	0.112	NA	NA	NA
rs6429637	50.4	0.911	CG/TA	1	1.34e-09	0	0.000356068301740588	0.992560831469779
rs6673970	51.3	0.911	CC/TA	1	1.2e-09	0	0.000396506616812578	0.99108720142005
rs11210910	51.9	0.245	CG/TA	1	0.0213	NA	NA	NA
rs12118274	52	0.245	CG/TA	1	0.0211	NA	NA	NA
rs12119146	52.5	0.193	CG/TA	1	0.368	NA	NA	NA
rs3791040	54.6	0.889	CG/TA	1	1.74e-09	0	0.000276039420442713	0.995617494888953
rs3791041	54.8	0.178	CG/TA	1	0.019	NA	NA	NA
rs11210911	56.1	0.245	CC/TT	1	0.0207	NA	NA	NA
rs10749850	56.9	0.178	CC/TT	1	0.0241	NA	NA	NA
rs1013793	59.4	0.893	CT/TC	1	2.25e-09	0	0.000214887449195586	0.999540097612845
rs1029632	59.7	0.893	CA/TC	1	2.47e-09	0	0.000196222422916378	0.999736320035762
rs10890276	60	0.24	CC/TT	1	0.0202	NA	NA	NA
rs78097215	60.5	0.106	CT/TC	1	0.02	NA	NA	NA
rs1472661	60.9	0.893	CT/TC	1	1.84e-09	0	0.000261411086580439	0.99641895811192
rs59305903	62	0.893	CT/TC	1	1.99e-09	0	0.000242193935295725	0.997920824212543
rs6686238	62.1	0.18	CG/TC	1	0.0252	NA	NA	NA
rs6696529	62.2	0.889	CA/TT	1	1.47e-08	0	3.46149421148495e-05	0.999980747800554
rs6429638	62.8	0.18	CG/TA	1	0.0266	NA	NA	NA
rs10890277	63.1	0.243	CC/TT	1	0.0247	NA	NA	NA
rs2158956	63.5	0.18	CC/TT	1	0.0264	NA	NA	NA
rs35052091	64.1	0.243	CG/TA	1	0.0252	NA	NA	NA
rs28833034	64.8	0.18	CG/TA	1	0.0263	NA	NA	NA
rs112646031	64.9	0.92	CG/TC	1	1.31e-09	0	0.00036401454104719	0.992204763168038
rs12403488	64.9	0.243	CA/TG	1	0.0231	NA	NA	NA
rs7549094	65	0.18	CA/TC	1	0.0274	NA	NA	NA
rs7551551	65.3	0.92	CA/TC	1	1.29e-09	0	0.000369514861701137	0.991840748626991
rs1990195	66	0.243	CC/TT	1	0.0252	NA	NA	NA
rs7511800	66.1	0.91	CT/TA	1	9.88e-10	1	0.00047925346543217	0.988922512563243
rs56338811	66.7	0.893	CG/TA	1	2.07e-09	0	0.000233070397679319	0.998867670325551
rs56367078	66.8	0.893	CT/TG	1	1.98e-09	0	0.000243385572280816	0.997678630277247
rs2108419	67.1	0.243	CC/TA	1	0.0259	NA	NA	NA
rs2158955	67.2	0.243	CA/TG	1	0.026	NA	NA	NA
rs56701980	67.2	0.893	CC/TT	1	1.8e-09	0	0.000267069735327549	0.99615754702534
rs12062824	67.7	0.893	CG/TA	1	2.1e-09	0	0.000229826141371764	0.999097496466923
rs6668616	68.2	0.893	CC/TT	1	2.02e-09	0	0.000238688960257077	0.9981595131728
rs11584382	68.5	0.911	CT/TC	1	1.65e-09	0	0.000290701559499408	0.994769996530809
rs6669157	68.7	0.18	CC/TT	1	0.0259	NA	NA	NA
rs6700256	68.7	0.893	CA/TG	1	2.03e-09	0	0.000237543377535745	0.998397056550336
rs12125928	69.5	0.243	CG/TA	1	0.0257	NA	NA	NA
rs6429639	69.6	0.893	CA/TG	1	1.94e-09	0	0.000248273447682784	0.997435244704966
rs3791042	71.1	0.18	CC/TT	1	0.0243	NA	NA	NA
rs3791043	71.4	0.893	CT/TG	1	1.89e-09	0	0.000254670604291278	0.996932300652992
rs3791044	71.8	0.92	CA/TG	1	1.37e-09	0	0.000348465994332811	0.992909297464112
rs6678767	72.5	0.893	CA/TG	1	2.03e-09	0	0.000237543377535745	0.998634599927872
rs11210912	72.6	0.893	CG/TT	1	2.12e-09	0	0.000227713696727031	0.99932521016365
rs61768408	72.6	0.722	CA/TG	1	9.36e-06	0	6.83509972718521e-08	0.99999998910708
rs78797814	73.3	0.106	CA/TG	1	0.0157	NA	NA	NA
rs12129369	73.4	0.243	CG/TC	1	0.0235	NA	NA	NA
rs11581514	74	0.893	CG/TA	1	1.71e-09	0	0.000280757378202231	0.99534145546851
rs11587515	74.4	0.911	CT/TC	1	1.24e-09	0	0.000384032345240445	0.99147123376529
rs11210913	74.4	0.18	CA/TG	1	0.0284	NA	NA	NA
rs12564694	74.7	0.243	CA/TG	1	0.0265	NA	NA	NA
rs11210914	75.3	0.893	CC/TT	1	1.76e-09	0	0.00027298240105899	0.995890477290012
rs11579637	75.7	0.241	CA/TG	1	0.0255	NA	NA	NA
rs72678674	76.5	0.701	CA/TG	1	5.91e-06	0	1.06094546452368e-07	0.999999652562113
rs112518613	76.8	0.893	CC/TT	1	1.86e-09	0	0.000258671936781085	0.996677630048701
rs7513994	76.9	0.127	CG/TA	1	8e-04	NA	NA	NA
rs6664485	77.4	0.893	CC/TT	1	1.89e-09	0	0.000254670604291278	0.997186971257284
rs6665014	77.8	0.127	CG/TT	1	0.00082	NA	NA	NA
rs7520053	78.5	0.906	CG/TA	1	1.48e-09	0	0.000323197851517064	0.993232495315629
rs7551644	79.8	0.889	CT/TA	1	1.58e-09	0	0.000303245641582769	0.994177908139118
rs4660261	81.4	0.18	CA/TG	1	0.0295	NA	NA	NA
rs10890279	82.1	0.242	CG/TA	1	0.0228	NA	NA	NA
rs3791045	82.7	0.242	CG/TA	1	0.0239	NA	NA	NA
rs3791046	83.6	0.911	CA/TC	1	1.07e-09	1	0.000443405640524172	0.9898349894494
rs11210916	84.8	0.911	CA/TG	1	1.49e-09	0	0.000321083590953156	0.993553578906582
rs11590088	85.4	0.243	CC/TT	1	0.0252	NA	NA	NA
rs6656457	85.5	0.893	CC/TG	1	1.49e-09	0	0.000321083590953156	0.993874662497535
rs4660745	85.9	0.893	CT/TC	1	1.65e-09	0	0.000290701559499408	0.995060698090308
rs11210917	86.4	0.893	CA/TT	1	1.59e-09	0	0.000301386832191296	0.994479294971309
rs3791047	87.9	0.902	CG/TA	1	1.1e-09	1	0.000431610809151907	0.990266600258552
rs3791048	88.4	0.243	CG/TA	1	0.0259	NA	NA	NA
rs12142533	89	0.243	CC/TT	1	0.025	NA	NA	NA
rs7531165	89.1	0.902	CT/TC	1	1.12e-09	0	0.000424094544684651	0.990690694803237
rs7516647	89.3	0.92	CT/TC	1	9.27e-10	1	0.000509982474948666	0.988443259097811
rs10890280	90	0.902	CG/TA	1	1.01e-09	1	0.000469071245633616	0.989391583808876
rs72678680	92.1	0.722	CA/TG	1	3.52e-06	0	1.74292407071984e-07	0.999998802605463
rs11210918	92.4	0.24	CT/TA	1	0.0171	NA	NA	NA
rs7529895	93.7	0.915	CT/TC	1	5.24e-10	1	0.000889703126607633	0.984620343492843
rs12140180	94.3	0.238	CG/TA	1	0.02	NA	NA	NA
rs11587427	94.9	0.722	CC/TT	1	1.31e-06	0	4.50340749945546e-07	0.999997245828631
rs12119149	95.1	0.18	CT/TC	1	0.018	NA	NA	NA
rs61768432	95.4	0.897	CT/TA	1	8.56e-10	1	0.000551194587373336	0.986350001481245
rs55695044	95.5	0.897	CT/TC	1	8.71e-10	1	0.000541934685598824	0.986891936166844
rs7543520	95.7	0.18	CC/TT	1	0.0189	NA	NA	NA
rs11590279	96	0.915	CT/TC	1	7.56e-10	1	0.000622197842133103	0.985242541334976
rs2158954	96.5	0.897	CA/TG	1	9.05e-10	1	0.00052206905840787	0.987414005225252
rs12083110	96.9	0.897	CC/TT	1	8.48e-10	1	0.000556265558895866	0.985798806893872
rs7546818	97.5	0.188	CA/TG	1	0.386	NA	NA	NA
rs7549701	97.6	0.234	CT/TC	1	0.0139	NA	NA	NA
rs10890281	97.8	0.897	CA/TC	1	9.1e-10	1	0.000519271397609757	0.987933276622862
rs7546040	99.1	0.18	CG/TC	1	0.016	NA	NA	NA
rs12354267	100	0.884	CC/TT	1	3.53e-10	1	0.00130828163162017	0.983730640366235
rs11210920	101	0.177	CG/TA	1	0.31	NA	NA	NA
rs12760274	101	0.47	CG/TA	1	0.00137	0	6.24152989985334e-10	0.99999999940648
rs917294	101	0.125	CG/TA	1	0.0101	NA	NA	NA
rs6692652	102	0.212	CT/TC	1	0.0757	NA	NA	NA
rs3791049	103	0.217	CA/TC	1	0.064	NA	NA	NA
rs3791051	105	0.213	CC/TT	1	0.126	NA	NA	NA
rs3828139	105	0.325	CT/TC	1	0.0026	NA	NA	NA
rs1875653	105	0.208	CG/TA	1	0.128	NA	NA	NA
rs10890283	106	0.213	CG/TA	1	0.118	NA	NA	NA
rs11577684	106	0.631	CG/TC	1	3.41e-06	0	1.79680076558352e-07	0.999998628313056
rs6701645	106	0.213	CC/TT	1	0.11	NA	NA	NA
rs12741964	106	0.178	CA/TG	1	0.00286	NA	NA	NA
rs3791053	107	0.213	CC/TT	1	0.107	NA	NA	NA
rs12121688	108	0.213	CC/TT	1	0.112	NA	NA	NA
rs9787240	108	0.597	CG/TA	1	2.78e-06	0	2.18573000673479e-07	0.999998039886451
rs12122504	109	0.213	CC/TG	1	0.107	NA	NA	NA
rs34224911	110	0.622	CT/TA	1	2.02e-06	0	2.96999120027273e-07	0.999997542827751
rs6688144	111	0.212	CG/TA	1	0.0573	NA	NA	NA
rs7553818	112	0.209	CC/TG	1	0.104	NA	NA	NA
rs11210924	113	0.209	CG/TA	1	0.105	NA	NA	NA
rs11210925	113	0.209	CT/TC	1	0.0983	NA	NA	NA
rs11210926	113	0.209	CA/TG	1	0.1	NA	NA	NA
rs12401813	115	0.622	CC/TA	1	2.16e-06	0	2.78485699026851e-07	0.99999782131345
rs12116642	115	0.209	CG/TA	1	0.0968	NA	NA	NA
rs34330931	116	0.209	CG/TC	1	0.0986	NA	NA	NA
rs975761	116	0.209	CT/TC	1	0.101	NA	NA	NA
rs7515003	116	0.209	CG/TA	1	0.104	NA	NA	NA
rs3828140	117	0.209	CC/TT	1	0.106	NA	NA	NA
rs976313	118	0.209	CG/TA	1	0.105	NA	NA	NA
rs976312	118	0.209	CG/TA	1	0.105	NA	NA	NA
rs11210927	118	0.209	CA/TG	1	0.109	NA	NA	NA
rs12128485	119	0.209	CC/TT	1	0.11	NA	NA	NA
rs12128547	120	0.209	CC/TT	1	0.107	NA	NA	NA
rs3791057	120	0.212	CT/TC	1	0.0634	NA	NA	NA
rs6672795	121	0.212	CT/TC	1	0.0615	NA	NA	NA
rs6665149	121	0.209	CC/TT	1	0.11	NA	NA	NA
rs12024345	121	0.32	CA/TT	1	0.00121	NA	NA	NA
rs3791058	122	0.212	CT/TC	1	0.0754	NA	NA	NA
rs74070702	122	0.209	CG/TA	1	0.126	NA	NA	NA
rs812490	123	0.228	CT/TC	1	0.0463	NA	NA	NA
rs11580676	124	0.211	CG/TA	1	0.138	NA	NA	NA
rs12126352	125	0.211	CG/TA	1	0.136	NA	NA	NA
rs246776	127	0.325	CT/TC	1	0.00249	NA	NA	NA
rs12122867	127	0.211	CG/TA	1	0.148	NA	NA	NA
rs3791059	128	0.211	CC/TT	1	0.153	NA	NA	NA
rs1012125	129	0.211	CT/TC	1	0.149	NA	NA	NA
rs37471	129	0.625	CT/TC	1	7.22e-06	0	8.76006656500366e-08	0.999999837453292
rs12125838	129	0.211	CG/TA	1	0.151	NA	NA	NA
rs12133508	130	0.211	CC/TT	1	0.151	NA	NA	NA
rs37470	130	0.625	CC/TG	1	7.61e-06	0	8.33027905186447e-08	0.999999920756082
rs37469	131	0.32	CA/TG	1	0.00464	NA	NA	NA
rs3791062	131	0.211	CG/TC	1	0.153	NA	NA	NA
rs3791063	132	0.211	CT/TC	1	0.146	NA	NA	NA
rs3791064	132	0.211	CT/TG	1	0.153	NA	NA	NA
rs972444	134	0.211	CG/TA	1	0.155	NA	NA	NA
rs972443	134	0.211	CT/TC	1	0.151	NA	NA	NA
rs37463	136	0.32	CA/TG	1	0.00426	NA	NA	NA
rs3791067	139	0.318	CC/TG	1	0.00442	NA	NA	NA
rs12741189	140	0.211	CA/TC	1	0.156	NA	NA	NA
rs37460	140	0.318	CG/TC	1	0.00426	NA	NA	NA
rs12131981	141	0.211	CG/TA	1	0.16	NA	NA	NA
rs37459	141	0.625	CG/TA	1	4.98e-06	0	1.24991776329102e-07	0.999999546467566
rs3791069	142	0.206	CA/TT	1	0.183	NA	NA	NA
rs37458	142	0.622	CG/TA	1	6.47e-06	0	9.7290513403381e-08	0.999999749852626
rs37456	145	0.625	CT/TC	1	4.54e-06	0	1.36571730598697e-07	0.99999942147579
rs37455	146	0.622	CG/TA	1	4.18e-06	0	1.47821654133552e-07	0.999999284904059
rs37454	146	0.622	CA/TC	1	3.67e-06	0	1.67456608419651e-07	0.999998970062072
rs11580407	147	0.211	CT/TA	1	0.168	NA	NA	NA
rs37453	147	0.625	CG/TA	1	3.68e-06	0	1.67020333466718e-07	0.999999137082405
rs3011216	148	0.16	CG/TC	1	0.0506	NA	NA	NA
rs2906469	167	0.171	CA/TG	1	0.00399	NA	NA	NA
rs2906468	171	0.128	CG/TA	1	0.0273	NA	NA	NA
rs3011225	171	0.128	CA/TG	1	0.0282	NA	NA	NA
rs77201694	199	0.211	CA/TG	1	0.123	NA	NA	NA
rs803679	201	0.121	CA/TG	1	0.0792	NA	NA	NA
rs803675	205	0.121	CA/TG	1	0.075	NA	NA	NA
rs3791101	218	0.481	CA/TG	1	0.000418	0	1.8790152221488e-09	0.999999998782327
rs11210935	221	0.121	CA/TG	1	0.0494	NA	NA	NA
rs4660756	236	0.447	CT/TC	1	0.000181	0	4.1169980608774e-09	0.999999993224078
